0.001	6.147520334145406E9 
0.10100000000000008	6.147520327005901E9 
0.20100000000000015	6.147520317567418E9 
0.3010000000000002	6.147520308702181E9 
0.4010000000000003	6.147520299927246E9 
0.5020000000000003	6.147520291218592E9 
0.6020000000000004	6.147520282743047E9 
0.7020000000000005	6.14752027440907E9 
0.8020000000000006	6.147520266215434E9 
0.9020000000000007	6.147520258159384E9 
1.0030000000000003	6.147520250160193E9 
1.1039999999999892	6.1475202422967415E9 
1.204999999999978	6.147520234566731E9 
1.305999999999967	6.147520226967896E9 
1.4069999999999558	6.147520219498012E9 
1.5079999999999447	6.147520212154886E9 
1.6089999999999336	6.147520204936373E9 
1.7099999999999225	6.147520197840354E9 
1.8109999999999113	6.147520190864753E9 
1.9119999999999002	6.147520184007524E9 
2.0129999999998893	6.147520177266664E9 
2.113999999999878	6.147520170640191E9 
2.214999999999867	6.147520164126167E9 
2.315999999999856	6.147520157722688E9 
2.416999999999845	6.147520151427869E9 
2.5179999999998337	6.147520145239871E9 
2.6189999999998226	6.147520139156883E9 
2.7199999999998115	6.147520133177121E9 
2.8209999999998003	6.147520127298835E9 
2.921999999999789	6.147520121520298E9 
3.022999999999778	6.147520115839824E9 
3.123999999999767	6.147520110255743E9 
3.224999999999756	6.147520104766424E9 
3.3259999999997447	6.147520099370257E9 
3.4269999999997336	6.147520094065661E9 
3.5279999999997225	6.147520088851083E9 
3.6289999999997113	6.147520083724994E9 
3.7299999999997	6.147520078685895E9 
3.830999999999689	6.147520073732305E9 
3.931999999999678	6.147520068862777E9 
4.031999999999681	6.147520064122877E9 
4.131999999999715	6.147520059462623E9 
4.231999999999748	6.147520054880676E9 
4.331999999999781	6.147520050375719E9 
4.431999999999815	6.147520045946458E9 
4.531999999999848	6.147520041591623E9 
4.6319999999998815	6.147520037309961E9 
4.731999999999915	6.147520033100247E9 
4.831999999999948	6.14752002896127E9 
4.931999999999982	6.147520024891837E9 
5.032000000000015	6.147520020890783E9 
5.1320000000000485	6.14752001695696E9 
5.232000000000082	6.147520013089237E9 
5.332000000000115	6.147520009286505E9 
5.432000000000149	6.14752000554767E9 
5.532000000000182	6.147520001871659E9 
5.6320000000002155	6.147519998257414E9 
5.732000000000249	6.147519994703904E9 
5.832000000000282	6.1475199912101E9 
5.932000000000316	6.147519987775004E9 
6.032000000000349	6.14751998439763E9 
6.1320000000003825	6.147519981077005E9 
6.232000000000416	6.147519977812176E9 
6.332000000000449	6.147519974602206E9 
6.432000000000483	6.147519971446174E9 
6.532000000000516	6.147519968343172E9 
6.6320000000005495	6.147519965292313E9 
6.732000000000583	6.147519962292714E9 
6.832000000000616	6.147519959343521E9 
6.93200000000065	6.147519956443881E9 
7.032000000000683	6.147519953592965E9 
7.132000000000716	6.14751995078995E9 
7.23200000000075	6.147519948034037E9 
7.332000000000783	6.147519945324432E9 
7.432000000000817	6.147519942660357E9 
7.53200000000085	6.147519940041046E9 
7.632000000000883	6.147519937465747E9 
7.732000000000917	6.1475199349337225E9 
7.83200000000095	6.147519932444244E9 
7.932000000000984	6.1475199299965925E9 
8.032000000000988	6.147519927590073E9 
8.133000000000932	6.147519925200527E9 
8.234000000000876	6.147519922851535E9 
8.33500000000082	6.147519920542402E9 
8.436000000000764	6.147519918272455E9 
8.537000000000708	6.147519916041029E9 
8.638000000000652	6.147519913847471E9 
8.739000000000596	6.147519911691135E9 
8.84000000000054	6.147519909571394E9 
8.941000000000484	6.147519907487624E9 
9.042000000000428	6.147519905439209E9 
9.143000000000372	6.147519903425558E9 
9.244000000000316	6.147519901446078E9 
9.34500000000026	6.147519899500192E9 
9.446000000000204	6.147519897587324E9 
9.547000000000148	6.147519895706917E9 
9.648000000000092	6.147519893858422E9 
9.749000000000036	6.147519892041292E9 
9.84999999999998	6.147519890255001E9 
9.950999999999924	6.147519888499022E9 
10.051999999999868	6.147519886772843E9 
10.152999999999812	6.147519885075958E9 
10.253999999999756	6.147519883407865E9 
10.3549999999997	6.147519881768074E9 
10.455999999999644	6.147519880156114E9 
10.556999999999588	6.147519878571507E9 
10.657999999999532	6.147519877013793E9 
10.758999999999476	6.147519875482512E9 
10.85999999999942	6.147519873977219E9 
10.960999999999364	6.147519872497468E9 
11.061999999999308	6.147519871042829E9 
11.162999999999252	6.147519869612873E9 
11.263999999999196	6.147519868207184E9 
11.36499999999914	6.147519866825349E9 
11.465999999999084	6.147519865466964E9 
11.566999999999029	6.14751986413163E9 
11.667999999998973	6.147519862818956E9 
11.768999999998917	6.14751986152856E9 
11.86999999999886	6.147519860260064E9 
11.970999999998805	6.147519859013089E9 
12.071999999998749	6.14751985778727E9 
12.172999999998693	6.147519856582254E9 
12.273999999998637	6.147519855397689E9 
12.37499999999858	6.147519854233226E9 
12.475999999998525	6.147519853088525E9 
12.576999999998469	6.147519851963248E9 
12.677999999998413	6.147519850857068E9 
12.778999999998357	6.147519849769657E9 
12.8799999999983	6.147519848700701E9 
12.980999999998245	6.147519847649887E9 
13.081999999998189	6.147519846616904E9 
13.182999999998133	6.147519845601448E9 
13.283999999998077	6.147519844603225E9 
13.384999999998021	6.1475198436219425E9 
13.485999999997965	6.14751984265731E9 
13.586999999997909	6.147519841709049E9 
13.687999999997853	6.147519840776877E9 
13.788999999997797	6.147519839860528E9 
13.889999999997741	6.147519838959727E9 
13.990999999997685	6.147519838074213E9 
14.091999999997629	6.147519837203727E9 
14.192999999997573	6.147519836348014E9 
14.293999999997517	6.147519835506828E9 
14.394999999997461	6.147519834679904E9 
14.495999999997405	6.147519833867011E9 
14.59699999999735	6.147519833067914E9 
14.697999999997293	6.147519832282381E9 
14.798999999997237	6.147519831510175E9 
14.899999999997181	6.147519830751076E9 
15.000999999997125	6.14751983000486E9 
15.10199999999707	6.147519829271305E9 
15.202999999997013	6.147519828550199E9 
15.303999999996957	6.147519827841331E9 
15.404999999996901	6.147519827144491E9 
15.505999999996845	6.1475198264594755E9 
15.60699999999679	6.147519825786084E9 
15.707999999996733	6.147519825124124E9 
15.808999999996677	6.147519824473393E9 
15.909999999996622	6.147519823833709E9 
16.010999999996585	6.14751982320488E9 
16.110999999996707	6.147519822592788E9 
16.21099999999683	6.147519821990978E9 
16.31099999999695	6.147519821399284E9 
16.410999999997074	6.147519820817532E9 
16.510999999997196	6.147519820245555E9 
16.61099999999732	6.14751981968319E9 
16.71099999999744	6.147519819130275E9 
16.810999999997563	6.147519818586647E9 
16.910999999997685	6.147519818052156E9 
17.010999999997807	6.147519817526647E9 
17.11099999999793	6.147519817009968E9 
17.21099999999805	6.147519816501969E9 
17.310999999998174	6.147519816002507E9 
17.410999999998296	6.147519815511439E9 
17.51099999999842	6.147519815028623E9 
17.61099999999854	6.147519814553917E9 
17.710999999998663	6.147519814087191E9 
17.810999999998785	6.147519813628305E9 
17.910999999998907	6.147519813177131E9 
18.01099999999903	6.147519812733539E9 
18.11099999999915	6.147519812297402E9 
18.210999999999274	6.147519811868597E9 
18.310999999999396	6.147519811446999E9 
18.410999999999518	6.147519811032478E9 
18.51099999999964	6.147519810624915E9 
18.610999999999763	6.147519810224201E9 
18.710999999999885	6.147519809830222E9 
18.811000000000007	6.1475198094428625E9 
18.91100000000013	6.147519809062012E9 
19.01100000000025	6.147519808687561E9 
19.111000000000374	6.147519808319404E9 
19.211000000000496	6.147519807957431E9 
19.311000000000618	6.147519807601542E9 
19.41100000000074	6.147519807251632E9 
19.511000000000863	6.147519806907602E9 
19.611000000000985	6.147519806569352E9 
19.711000000001107	6.14751980623679E9 
19.81100000000123	6.147519805909812E9 
19.91100000000135	6.147519805588328E9 
20.011000000001474	6.147519805272249E9 
20.111000000001596	6.147519804961481E9 
20.211000000001718	6.147519804655933E9 
20.31100000000184	6.147519804355519E9 
20.411000000001962	6.147519804060155E9 
20.511000000002085	6.147519803769754E9 
20.611000000002207	6.147519803484231E9 
20.71100000000233	6.147519803203508E9 
20.81100000000245	6.147519802927503E9 
20.911000000002574	6.147519802656132E9 
21.011000000002696	6.14751980238932E9 
21.111000000002818	6.147519802126992E9 
21.21100000000294	6.147519801869074E9 
21.311000000003062	6.14751980161549E9 
21.411000000003185	6.147519801366167E9 
21.511000000003307	6.147519801121032E9 
21.61100000000343	6.147519800880018E9 
21.71100000000355	6.147519800643051E9 
21.811000000003673	6.1475198004100685E9 
21.911000000003796	6.147519800181001E9 
22.011000000003918	6.147519799955781E9 
22.11100000000404	6.147519799734346E9 
22.211000000004162	6.147519799516634E9 
22.311000000004285	6.147519799302582E9 
22.411000000004407	6.147519799092124E9 
22.51100000000453	6.1475197988852E9 
22.61100000000465	6.147519798681751E9 
22.711000000004773	6.147519798481722E9 
22.811000000004896	6.147519798285053E9 
22.911000000005018	6.147519798091689E9 
23.01100000000514	6.147519797901574E9 
23.111000000005262	6.147519797714657E9 
23.211000000005384	6.147519797530877E9 
23.311000000005507	6.147519797350187E9 
23.41100000000563	6.147519797172534E9 
23.51100000000575	6.147519796997865E9 
23.611000000005873	6.147519796826132E9 
23.711000000005996	6.147519796657284E9 
23.811000000006118	6.147519796491275E9 
23.91100000000624	6.147519796328053E9 
24.011000000006362	6.147519796167573E9 
24.111000000006484	6.14751979600979E9 
24.211000000006607	6.147519795854661E9 
24.31100000000673	6.147519795702137E9 
24.41100000000685	6.1475197955521755E9 
24.511000000006973	6.147519795404736E9 
24.611000000007095	6.147519795259773E9 
24.711000000007218	6.147519795117248E9 
24.81100000000734	6.147519794977116E9 
24.911000000007462	6.147519794839339E9 
25.011000000007584	6.147519794703874E9 
25.111000000007706	6.147519794570685E9 
25.21100000000783	6.147519794439736E9 
25.31100000000795	6.147519794310986E9 
25.411000000008073	6.1475197941844E9 
25.511000000008195	6.147519794059942E9 
25.611000000008318	6.147519793937574E9 
25.71100000000844	6.147519793817265E9 
25.811000000008562	6.147519793698975E9 
25.911000000008684	6.147519793582674E9 
26.011000000008806	6.147519793468326E9 
26.11100000000893	6.147519793355901E9 
26.21100000000905	6.147519793245362E9 
26.311000000009173	6.147519793136685E9 
26.411000000009295	6.147519793029832E9 
26.511000000009417	6.147519792924775E9 
26.61100000000954	6.147519792821483E9 
26.711000000009662	6.147519792719924E9 
26.811000000009784	6.147519792620073E9 
26.911000000009906	6.147519792521901E9 
27.01100000001003	6.147519792425378E9 
27.11100000001015	6.147519792330477E9 
27.211000000010273	6.147519792237171E9 
27.311000000010395	6.147519792145433E9 
27.411000000010517	6.147519792055236E9 
27.51100000001064	6.147519791966555E9 
27.611000000010762	6.147519791879364E9 
27.711000000010884	6.147519791793639E9 
27.811000000011006	6.147519791709353E9 
27.91100000001113	6.147519791626482E9 
28.01100000001125	6.147519791545004E9 
28.111000000011373	6.147519791464896E9 
28.211000000011495	6.147519791386133E9 
28.311000000011617	6.147519791308696E9 
28.41100000001174	6.147519791232557E9 
28.51100000001186	6.1475197911577E9 
28.611000000011984	6.147519791084101E9 
28.711000000012106	6.147519791011738E9 
28.81100000001223	6.147519790940591E9 
28.91100000001235	6.147519790870641E9 
29.011000000012473	6.147519790801865E9 
29.111000000012595	6.147519790734244E9 
29.211000000012717	6.14751979066776E9 
29.31100000001284	6.147519790602392E9 
29.41100000001296	6.147519790538126E9 
29.511000000013084	6.147519790474937E9 
29.611000000013206	6.14751979041281E9 
29.71100000001333	6.147519790351728E9 
29.81100000001345	6.147519790291675E9 
29.911000000013573	6.147519790232626E9 
30.011000000013695	6.147519790174571E9 
30.111000000013817	6.147519790117491E9 
30.21100000001394	6.14751979006137E9 
30.31100000001406	6.147519790006191E9 
30.411000000014184	6.147519789951941E9 
30.511000000014306	6.147519789898602E9 
30.61100000001443	6.147519789846159E9 
30.71100000001455	6.147519789794594E9 
30.811000000014673	6.147519789743899E9 
30.911000000014795	6.1475197896940565E9 
31.011000000014917	6.147519789645051E9 
31.11100000001504	6.147519789596869E9 
31.21100000001516	6.147519789549496E9 
31.311000000015284	6.14751978950292E9 
31.411000000015406	6.147519789457127E9 
31.511000000015528	6.147519789412102E9 
31.61100000001565	6.147519789367836E9 
31.711000000015773	6.147519789324313E9 
31.811000000015895	6.147519789281522E9 
31.911000000016017	6.147519789239449E9 
32.0110000000161	6.147519789198084E9 
32.11200000001586	6.14751978915701E9 
32.213000000015626	6.147519789116634E9 
32.31400000001539	6.147519789076944E9 
32.415000000015155	6.147519789037926E9 
32.51600000001492	6.14751978899957E9 
32.617000000014684	6.147519788961867E9 
32.71800000001445	6.147519788924803E9 
32.81900000001421	6.147519788888368E9 
32.92000000001398	6.14751978885255E9 
33.02100000001374	6.14751978881734E9 
33.12200000001351	6.147519788782728E9 
33.22300000001327	6.147519788748706E9 
33.32400000001304	6.147519788715256E9 
33.4250000000128	6.147519788682377E9 
33.526000000012566	6.147519788650056E9 
33.62700000001233	6.147519788618282E9 
33.728000000012095	6.147519788587047E9 
33.82900000001186	6.147519788556342E9 
33.930000000011624	6.147519788526159E9 
34.03100000001139	6.147519788496488E9 
34.13200000001115	6.147519788467319E9 
34.23300000001092	6.147519788438645E9 
34.33400000001068	6.1475197884104595E9 
34.43500000001045	6.14751978838275E9 
34.53600000001021	6.147519788355511E9 
34.63700000000998	6.147519788328735E9 
34.73800000000974	6.147519788302412E9 
34.839000000009506	6.147519788276538E9 
34.94000000000927	6.1475197882511015E9 
35.041000000009035	6.147519788226098E9 
35.1420000000088	6.147519788201519E9 
35.243000000008564	6.147519788177357E9 
35.34400000000833	6.147519788153605E9 
35.44500000000809	6.147519788130257E9 
35.54600000000786	6.147519788107304E9 
35.64700000000762	6.147519788084742E9 
35.74800000000739	6.147519788062564E9 
35.84900000000715	6.147519788040761E9 
35.950000000006916	6.147519788019329E9 
36.05100000000668	6.1475197879982605E9 
36.152000000006446	6.147519787977552E9 
36.25300000000621	6.147519787957192E9 
36.354000000005975	6.1475197879371805E9 
36.45500000000574	6.14751978791751E9 
36.556000000005504	6.147519787898169E9 
36.65700000000527	6.147519787879158E9 
36.75800000000503	6.14751978786047E9 
36.8590000000048	6.147519787842101E9 
36.96000000000456	6.147519787824043E9 
37.06100000000433	6.1475197878062935E9 
37.16200000000409	6.147519787788842E9 
37.263000000003856	6.147519787771689E9 
37.36400000000362	6.1475197877548275E9 
37.465000000003386	6.147519787738253E9 
37.56600000000315	6.147519787721956E9 
37.667000000002915	6.147519787705939E9 
37.76800000000268	6.147519787690192E9 
37.869000000002444	6.147519787674715E9 
37.97000000000221	6.147519787659499E9 
38.07100000000197	6.147519787644543E9 
38.17200000000174	6.147519787629842E9 
38.2730000000015	6.147519787615388E9 
38.37400000000127	6.147519787601182E9 
38.47500000000103	6.147519787587215E9 
38.576000000000796	6.147519787573486E9 
38.67700000000056	6.147519787559992E9 
38.778000000000326	6.147519787546724E9 
38.87900000000009	6.147519787533682E9 
38.979999999999855	6.147519787520861E9 
39.08099999999962	6.147519787508259E9 
39.181999999999384	6.147519787495872E9 
39.28299999999915	6.147519787483695E9 
39.38399999999891	6.1475197874717245E9 
39.48499999999868	6.147519787459958E9 
39.58599999999844	6.147519787448391E9 
39.68699999999821	6.14751978743702E9 
39.78799999999797	6.147519787425843E9 
39.888999999997736	6.147519787414857E9 
39.9899999999975	6.147519787404056E9 
40.090999999997265	6.147519787393439E9 
40.19199999999703	6.147519787382998E9 
40.292999999996795	6.147519787372739E9 
40.39399999999656	6.147519787362652E9 
40.494999999996324	6.147519787352737E9 
40.59599999999609	6.147519787342989E9 
40.69699999999585	6.147519787333408E9 
40.79799999999562	6.147519787323989E9 
40.89899999999538	6.147519787314732E9 
40.99999999999515	6.147519787305632E9 
41.10099999999491	6.147519787296686E9 
41.201999999994676	6.14751978728789E9 
41.30299999999444	6.147519787279247E9 
41.403999999994205	6.147519787270751E9 
41.50499999999397	6.147519787262398E9 
41.605999999993735	6.147519787254185E9 
41.7069999999935	6.147519787246115E9 
41.807999999993264	6.14751978723818E9 
41.90899999999303	6.147519787230382E9 
42.00999999999279	6.147519787222713E9 
42.11099999999256	6.147519787215177E9 
42.21199999999232	6.147519787207767E9 
42.31299999999209	6.147519787200482E9 
42.41399999999185	6.147519787193326E9 
42.514999999991616	6.147519787186286E9 
42.61599999999138	6.147519787179366E9 
42.716999999991145	6.147519787172565E9 
42.81799999999091	6.147519787165878E9 
42.918999999990675	6.147519787159304E9 
43.01999999999044	6.147519787152842E9 
43.120999999990204	6.147519787146488E9 
43.22199999998997	6.147519787140246E9 
43.32299999998973	6.147519787134107E9 
43.4239999999895	6.147519787128076E9 
43.52499999998926	6.147519787122145E9 
43.62599999998903	6.147519787116316E9 
43.72699999998879	6.147519787110587E9 
43.827999999988556	6.147519787104956E9 
43.92899999998832	6.147519787099419E9 
44.029999999988085	6.147519787093978E9 
44.13099999998785	6.147519787088627E9 
44.231999999987615	6.147519787083367E9 
44.33299999998738	6.1475197870782E9 
44.433999999987144	6.147519787073118E9 
44.53499999998691	6.147519787068124E9 
44.63599999998667	6.147519787063213E9 
44.73699999998644	6.147519787058389E9 
44.8379999999862	6.147519787053642E9 
44.93899999998597	6.147519787048981E9 
45.03999999998573	6.147519787044396E9 
45.140999999985496	6.14751978703989E9 
45.24199999998526	6.1475197870354595E9 
45.342999999985025	6.147519787031103E9 
45.44399999998479	6.147519787026821E9 
45.544999999984555	6.147519787022613E9 
45.64599999998432	6.147519787018473E9 
45.746999999984084	6.147519787014405E9 
45.84799999998385	6.147519787010406E9 
45.94899999998361	6.1475197870064745E9 
46.04999999998338	6.147519787002605E9 
46.15099999998314	6.147519786998807E9 
46.25199999998291	6.147519786995072E9 
46.35299999998267	6.147519786991399E9 
46.453999999982436	6.147519786987787E9 
46.5549999999822	6.147519786984237E9 
46.655999999981965	6.147519786980749E9 
46.75699999998173	6.147519786977322E9 
46.857999999981494	6.14751978697395E9 
46.95899999998126	6.147519786970636E9 
47.059999999981024	6.147519786967378E9 
47.16099999998079	6.147519786964174E9 
47.26199999998055	6.147519786961027E9 
47.36299999998032	6.147519786957932E9 
47.46399999998008	6.147519786954891E9 
47.56499999997985	6.147519786951902E9 
47.66599999997961	6.147519786948967E9 
47.766999999979376	6.14751978694608E9 
47.86799999997914	6.14751978694324E9 
47.968999999978905	6.147519786940454E9 
48.06999999997867	6.147519786937712E9 
48.170999999978434	6.147519786935014E9 
48.2719999999782	6.147519786932368E9 
48.372999999977964	6.147519786929766E9 
48.47399999997773	6.147519786927208E9 
48.57499999997749	6.147519786924692E9 
48.67599999997726	6.147519786922217E9 
48.77699999997702	6.14751978691979E9 
48.87799999997679	6.147519786917401E9 
48.97899999997655	6.147519786915055E9 
49.079999999976316	6.147519786912747E9 
49.18099999997608	6.1475197869104805E9 
49.281999999975845	6.147519786908251E9 
49.38299999997561	6.147519786906057E9 
49.483999999975374	6.147519786903904E9 
49.58499999997514	6.147519786901784E9 
49.685999999974904	6.147519786899703E9 
49.78699999997467	6.147519786897654E9 
49.88799999997443	6.147519786895642E9 
49.9889999999742	6.147519786893658E9 
50.08999999997396	6.147494321704086E9 
50.19099999997373	6.147406408271945E9 
50.29199999997349	6.147256767929524E9 
50.392999999973256	6.147046448211045E9 
50.49399999997302	6.146776478816497E9 
50.594999999972785	6.146447871982627E9 
50.69599999997255	6.1460616227672415E9 
50.796999999972314	6.145618709342522E9 
50.89799999997208	6.145120093281393E9 
50.99899999997184	6.144566719839196E9 
51.09999999997161	6.143959518230604E9 
51.20099999997137	6.143299401901823E9 
51.30199999997114	6.142587268798183E9 
51.4029999999709	6.141824001627168E9 
51.50399999997067	6.141010468117019E9 
51.60499999997043	6.14014752127091E9 
51.705999999970196	6.139235999616829E9 
51.80699999996996	6.138276727453229E9 
51.907999999969725	6.137270515090486E9 
52.00899999996949	6.136218159088279E9 
52.109999999969254	6.135120442488924E9 
52.21099999996902	6.133978135046781E9 
52.31199999996878	6.132791993453722E9 
52.41299999996855	6.131562761560811E9 
52.51399999996831	6.130291170596209E9 
52.61499999996808	6.128977939379368E9 
52.71599999996784	6.127623774531624E9 
52.81699999996761	6.126229370683169E9 
52.91799999996737	6.1247954106765585E9 
53.018999999967136	6.123322565766729E9 
53.1199999999669	6.121811495817652E9 
53.220999999966665	6.120262849495617E9 
53.32199999996643	6.11867726445926E9 
53.422999999966194	6.117055367546366E9 
53.52399999996596	6.115397774957491E9 
53.62499999996572	6.11370509243646E9 
53.72599999996549	6.111977915447842E9 
53.82699999996525	6.110216829351352E9 
53.92799999996502	6.108422409573357E9 
54.02899999996478	6.106595221775422E9 
54.12999999996455	6.104735822020022E9 
54.23099999996431	6.10284475693344E9 
54.331999999964076	6.100922563865886E9 
54.43299999996384	6.098969771048917E9 
54.533999999963605	6.096986897750177E9 
54.63499999996337	6.094974454425504E9 
54.735999999963134	6.092932942868477E9 
54.8369999999629	6.090862856357393E9 
54.93799999996266	6.08876467979979E9 
55.03899999996243	6.086638889874478E9 
55.13999999996219	6.084485955171191E9 
55.24099999996196	6.082306336327845E9 
55.34199999996172	6.080100486165482E9 
55.442999999961486	6.077868849820922E9 
55.54399999996125	6.075611864877163E9 
55.644999999961016	6.073329961491565E9 
55.74599999996078	6.071023562521852E9 
55.846999999960545	6.068693083649996E9 
55.94799999996031	6.066338933503989E9 
56.048999999960074	6.063961513777531E9 
56.14999999995984	6.061561219347715E9 
56.2509999999596	6.059138438390711E9 
56.35199999995937	6.056693552495452E9 
56.45299999995913	6.054226936775441E9 
56.5539999999589	6.051738959978631E9 
56.65499999995866	6.049229984595437E9 
56.755999999958426	6.046700366964938E9 
56.85699999995819	6.044150457379251E9 
56.957999999957956	6.041580600186152E9 
57.05899999995772	6.038991133889955E9 
57.159999999957485	6.036382391250665E9 
57.26099999995725	6.033754699381455E9 
57.361999999957014	6.0311083798445E9 
57.46299999995678	6.028443748745166E9 
57.56399999995654	6.025761116824622E9 
57.66499999995631	6.023060789550861E9 
57.76599999995607	6.020343067208179E9 
57.86699999995584	6.017608244985153E9 
57.9679999999556	6.014856613061105E9 
58.068999999955366	6.012088456691112E9 
58.16999999995513	6.00930405628956E9 
58.270999999954896	6.006503687512303E9 
58.37199999995466	6.003687621337401E9 
58.472999999954425	6.000856124144509E9 
58.57399999995419	5.998009457792907E9 
58.674999999953954	5.995147879698209E9 
58.77599999995372	5.992271642907769E9 
58.87699999995348	5.989380996174811E9 
58.97799999995325	5.986476184031302E9 
59.07899999995301	5.983557446859579E9 
59.17999999995278	5.980625020962778E9 
59.28099999995254	5.977679138634036E9 
59.381999999952306	5.974720028224564E9 
59.48299999995207	5.971747914210519E9 
59.583999999951835	5.9687630172587805E9 
59.6849999999516	5.965765554291576E9 
59.785999999951365	5.962755738550042E9 
59.88699999995113	5.959733779656674E9 
59.987999999950894	5.956699883676749E9 
60.08899999995066	5.953679160095032E9 
60.18999999995042	5.950709291184307E9 
60.29099999995019	5.947789820011018E9 
60.39199999994995	5.944919891291252E9 
60.49299999994972	5.942098664315427E9 
60.59399999994948	5.939325312629459E9 
60.694999999949246	5.9365990238057E9 
60.79599999994901	5.9339189992029085E9 
60.896999999948775	5.931284453732529E9 
60.99799999994854	5.928694615628706E9 
61.098999999948305	5.926148726222193E9 
61.19999999994807	5.923646039718111E9 
61.300999999947834	5.921185822977476E9 
61.4019999999476	5.9187673553024235E9 
61.50299999994736	5.916389928225104E9 
61.60399999994713	5.914052845300126E9 
61.70499999994689	5.911755421900545E9 
61.80599999994666	5.909496985017318E9 
61.90699999994642	5.907276873062136E9 
62.007999999946186	5.905094435673626E9 
62.10899999994595	5.902949033526835E9 
62.209999999945715	5.900840038145941E9 
62.31099999994548	5.898766831720151E9 
62.411999999945245	5.896728806922716E9 
62.51299999994501	5.894725366733023E9 
62.613999999944774	5.8927559242617E9 
62.71499999994454	5.890819902578693E9 
62.8159999999443	5.888916734544263E9 
62.91699999994407	5.887045862642844E9 
63.01799999994383	5.885206738819721E9 
63.1189999999436	5.883398824320497E9 
63.21999999994336	5.881621589533246E9 
63.320999999943126	5.879874513833396E9 
63.42199999994289	5.878157085431187E9 
63.522999999942655	5.87646880122177E9 
63.62399999994242	5.87480916663782E9 
63.724999999942185	5.873177695504653E9 
63.82599999994195	5.871573909897815E9 
63.926999999941714	5.869997340003061E9 
64.02799999994167	5.868447523978752E9 
64.12799999994215	5.866938964688054E9 
64.22799999994263	5.865455753828973E9 
64.3279999999431	5.863997465469969E9 
64.42799999994358	5.862563680836453E9 
64.52799999994406	5.861153988190546E9 
64.62799999994454	5.859767982712827E9 
64.72799999994501	5.858405266386081E9 
64.82799999994549	5.857065447881007E9 
64.92799999994597	5.855748142443842E9 
65.02799999994645	5.854452971785865E9 
65.12799999994692	5.8531795639747715E9 
65.2279999999474	5.851927553327861E9 
65.32799999994788	5.85069658030702E9 
65.42799999994836	5.849486291415492E9 
65.52799999994883	5.848296339096341E9 
65.62799999994931	5.847126381632666E9 
65.72799999994979	5.84597608304945E9 
65.82799999995026	5.844845113017093E9 
65.92799999995074	5.843733146756552E9 
66.02799999995122	5.842639864946058E9 
66.1279999999517	5.841564953629442E9 
66.22799999995217	5.840508104125958E9 
66.32799999995265	5.839469012941642E9 
66.42799999995313	5.838447381682163E9 
66.52799999995361	5.837442916967133E9 
66.62799999995408	5.836455330345859E9 
66.72799999995456	5.835484338214497E9 
66.82799999995504	5.834529661734628E9 
66.92799999995552	5.833591026753171E9 
67.027999999956	5.832668163723661E9 
67.12799999995647	5.831760807628843E9 
67.22799999995695	5.830868697904558E9 
67.32799999995743	5.829991578364937E9 
67.4279999999579	5.829129197128812E9 
67.52799999995838	5.828281306547399E9 
67.62799999995886	5.827447663133171E9 
67.72799999995934	5.826628027489937E9 
67.82799999995981	5.825822164244103E9 
67.92799999996029	5.825029841977076E9 
68.02799999996077	5.824250833158798E9 
68.12799999996125	5.823484914082424E9 
68.22799999996172	5.822731864800062E9 
68.3279999999622	5.821991469059632E9 
68.42799999996268	5.821263514242746E9 
68.52799999996316	5.82054779130366E9 
68.62799999996363	5.819844094709237E9 
68.72799999996411	5.819152222379939E9 
68.82799999996459	5.818471975631769E9 
68.92799999996507	5.8178031591192465E9 
69.02799999996554	5.817145580779288E9 
69.12799999996602	5.816499051776061E9 
69.2279999999665	5.815863386446759E9 
69.32799999996698	5.815238402248274E9 
69.42799999996745	5.814623919704788E9 
69.52799999996793	5.81401976235623E9 
69.62799999996841	5.813425756707594E9 
69.72799999996889	5.812841732179126E9 
69.82799999996936	5.812267521057343E9 
69.92799999996984	5.811702958446854E9 
70.02799999997032	5.81114788222302E9 
70.1279999999708	5.810602132985395E9 
70.22799999997127	5.810065554011956E9 
70.32799999997175	5.80953799121408E9 
70.42799999997223	5.809019293092315E9 
70.5279999999727	5.808509310692863E9 
70.62799999997318	5.808007897564807E9 
70.72799999997366	5.807514909718057E9 
70.82799999997414	5.807030205581993E9 
70.92799999997462	5.806553645964826E9 
71.0279999999751	5.806085094013609E9 
71.12799999997557	5.805624415174948E9 
71.22799999997605	5.805171477156362E9 
71.32799999997653	5.804726149888284E9 
71.427999999977	5.804288305486723E9 
71.52799999997748	5.803857818216526E9 
71.62799999997796	5.803434564455277E9 
71.72799999997844	5.803018422657801E9 
71.82799999997891	5.802609273321255E9 
71.92799999997939	5.802206998950802E9 
72.02799999997987	5.801811484025891E9 
72.12799999998035	5.801422614967067E9 
72.22799999998082	5.801040280103356E9 
72.3279999999813	5.800664369640202E9 
72.42799999998178	5.800294775627934E9 
72.52799999998226	5.799931391930769E9 
72.62799999998273	5.79957411419633E9 
72.72799999998321	5.799222839825679E9 
72.82799999998369	5.798877467943859E9 
72.92799999998417	5.798537899370919E9 
73.02799999998464	5.798204036593439E9 
73.12799999998512	5.797875783736523E9 
73.2279999999856	5.797553046536264E9 
73.32799999998608	5.797235732312682E9 
73.42799999998655	5.796923749943109E9 
73.52799999998703	5.79661700983601E9 
73.62799999998751	5.796315423905267E9 
73.72799999998799	5.796018905544879E9 
73.82799999998846	5.795727369604096E9 
73.92799999998894	5.795440732362956E9 
74.02799999998942	5.795158911508252E9 
74.1279999999899	5.794881826109892E9 
74.22799999999037	5.794609396597658E9 
74.32799999999085	5.794341544738358E9 
74.42799999999133	5.794078193613354E9 
74.5279999999918	5.793819267596481E9 
74.62799999999228	5.793564692332326E9 
74.72799999999276	5.793314394714872E9 
74.82799999999324	5.793068302866511E9 
74.92799999999372	5.792826346117397E9 
75.0279999999942	5.792588454985163E9 
75.12799999999467	5.792354561154943E9 
75.22799999999515	5.792124597459786E9 
75.32799999999563	5.791898497861346E9 
75.4279999999961	5.791676197430924E9 
75.52799999999658	5.791457632330821E9 
75.62799999999706	5.791242739796012E9 
75.72799999999754	5.791031458116116E9 
75.82799999999801	5.790823726617672E9 
75.92799999999849	5.790619485646721E9 
76.02799999999897	5.790418676551682E9 
76.12799999999945	5.790221241666487E9 
76.22799999999992	5.790027124294046E9 
76.3280000000004	5.78983626868995E9 
76.42800000000088	5.789648620046473E9 
76.52800000000136	5.789464124476813E9 
76.62800000000183	5.789282728999644E9 
76.72800000000231	5.78910438152389E9 
76.82800000000279	5.788929030833759E9 
76.92800000000327	5.788756626574043E9 
77.02800000000374	5.788587119235655E9 
77.12800000000422	5.78842046014142E9 
77.2280000000047	5.788256601432081E9 
77.32800000000518	5.788095496052568E9 
77.42800000000565	5.787937097738479E9 
77.52800000000613	5.787781361002797E9 
77.62800000000661	5.787628241122826E9 
77.72800000000709	5.787477694127347E9 
77.82800000000756	5.787329676783996E9 
77.92800000000804	5.787184146586844E9 
78.02800000000852	5.787041061744195E9 
78.128000000009	5.786900381166574E9 
78.22800000000947	5.786762064454944E9 
78.32800000000995	5.786626071889093E9 
78.42800000001043	5.78649236441623E9 
78.5280000000109	5.786360903639769E9 
78.62800000001138	5.78623165180831E9 
78.72800000001186	5.786104571804787E9 
78.82800000001234	5.785979627135815E9 
78.92800000001282	5.785856781921215E9 
79.0280000000133	5.785736000883702E9 
79.12800000001377	5.785617249338758E9 
79.22800000001425	5.785500493184671E9 
79.32800000001473	5.785385698892743E9 
79.4280000000152	5.7852728334976635E9 
79.52800000001568	5.785161864588034E9 
79.62800000001616	5.785052760297075E9 
79.72800000001664	5.784945489293463E9 
79.82800000001711	5.784840020772335E9 
79.92800000001759	5.784736324446448E9 
80.02800000001807	5.784634370537478E9 
80.12800000001855	5.784534129767464E9 
80.22800000001902	5.784435573350409E9 
80.3280000000195	5.784338672984004E9 
80.42800000001998	5.784243400841516E9 
80.52800000002046	5.784149729563774E9 
80.62800000002093	5.784057632251334E9 
80.72800000002141	5.78396708245674E9 
80.82800000002189	5.783878054176939E9 
80.92800000002237	5.783790521845808E9 
81.02800000002284	5.783704460326807E9 
81.12800000002332	5.783619844905782E9 
81.2280000000238	5.783536651283836E9 
81.32800000002428	5.783454855570379E9 
81.42800000002475	5.783374434276251E9 
81.52800000002523	5.783295364306986E9 
81.62800000002571	5.783217622956171E9 
81.72800000002619	5.783141187898935E9 
81.82800000002666	5.783066037185532E9 
81.92800000002714	5.782992149235041E9 
82.02800000002762	5.78291950282916E9 
82.1280000000281	5.782848077106132E9 
82.22800000002857	5.782777851554724E9 
82.32800000002905	5.782708806008372E9 
82.42800000002953	5.782640920639363E9 
82.52800000003	5.782574175953155E9 
82.62800000003048	5.782508552782766E9 
82.72800000003096	5.78244403228329E9 
82.82800000003144	5.782380595926466E9 
82.92800000003191	5.782318225495362E9 
83.02800000003239	5.782256903079156E9 
83.12800000003287	5.782196611067974E9 
83.22800000003335	5.782137332147847E9 
83.32800000003382	5.782079049295733E9 
83.4280000000343	5.782021745774628E9 
83.52800000003478	5.78196540512876E9 
83.62800000003526	5.781910011178867E9 
83.72800000003573	5.7818555480175495E9 
83.82800000003621	5.781802000004696E9 
83.92800000003669	5.781749351763002E9 
84.02800000003717	5.781697588173547E9 
84.12800000003764	5.781646694371455E9 
84.22800000003812	5.781596655741627E9 
84.3280000000386	5.781547457914538E9 
84.42800000003908	5.781499086762119E9 
84.52800000003955	5.781451528393699E9 
84.62800000004003	5.781404769152006E9 
84.72800000004051	5.781358795609258E9 
84.82800000004099	5.781313594563293E9 
84.92800000004146	5.781269153033797E9 
85.02800000004194	5.781225458258558E9 
85.12800000004242	5.781182497689809E9 
85.2280000000429	5.781140258990627E9 
85.32800000004337	5.781098730031383E9 
85.42800000004385	5.781057898886263E9 
85.52800000004433	5.781017753829848E9 
85.6280000000448	5.78097828333374E9 
85.72800000004528	5.7809394760632515E9 
85.82800000004576	5.780901320874157E9 
85.92800000004624	5.780863806809484E9 
86.02800000004672	5.780826923096368E9 
86.1280000000472	5.780790659142971E9 
86.22800000004767	5.780755004535422E9 
86.32800000004815	5.7807199490348425E9 
86.42800000004863	5.780685482574392E9 
86.5280000000491	5.780651595256387E9 
86.62800000004958	5.780618277349451E9 
86.72800000005006	5.780585519285734E9 
86.82800000005054	5.780553311658145E9 
86.92800000005101	5.7805216452176695E9 
87.02800000005149	5.780490510870702E9 
87.12800000005197	5.78045989967643E9 
87.22800000005245	5.780429802844286E9 
87.32800000005292	5.780400211731405E9 
87.4280000000534	5.780371117840146E9 
87.52800000005388	5.780342512815664E9 
87.62800000005436	5.780314388443488E9 
87.72800000005483	5.780286736647188E9 
87.82800000005531	5.780259549486035E9 
87.92800000005579	5.780232819152731E9 
88.02800000005627	5.780206537971164E9 
88.12800000005674	5.780180698394203E9 
88.22800000005722	5.780155293001534E9 
88.3280000000577	5.78013031449753E9 
88.42800000005818	5.780105755709148E9 
88.52800000005865	5.7800816095838785E9 
88.62800000005913	5.780057869187707E9 
88.72800000005961	5.780034527703139E9 
88.82800000006009	5.780011578427238E9 
88.92800000006056	5.779989014769693E9 
89.02800000006104	5.779966830250927E9 
89.12800000006152	5.779945018500245E9 
89.228000000062	5.779923573253999E9 
89.32800000006247	5.779902488353785E9 
89.42800000006295	5.779881757744687E9 
89.52800000006343	5.779861375473523E9 
89.6280000000639	5.779841335687145E9 
89.72800000006438	5.779821632630758E9 
89.82800000006486	5.779802260646265E9 
89.92800000006534	5.779783214170633E9 
90.02800000006582	5.779764487734321E9 
90.1280000000663	5.779746075959681E9 
90.22800000006677	5.779727973559431E9 
90.32800000006725	5.779710175335132E9 
90.42800000006773	5.779692676175691E9 
90.5280000000682	5.779675471055899E9 
90.62800000006868	5.779658555034989E9 
90.72800000006916	5.779641923255211E9 
90.82800000006964	5.77962557094044E9 
90.92800000007011	5.779609493394803E9 
91.02800000007059	5.779593686001337E9 
91.12800000007107	5.779578144220656E9 
91.22800000007155	5.779562863589646E9 
91.32800000007202	5.779547839720191E9 
91.4280000000725	5.779533068297911E9 
91.52800000007298	5.779518545080914E9 
91.62800000007346	5.779504265898588E9 
91.72800000007393	5.779490226650404E9 
91.82800000007441	5.7794764233047285E9 
91.92800000007489	5.7794628518976755E9 
92.02800000007537	5.779449508531964E9 
92.12800000007584	5.779436389375799E9 
92.22800000007632	5.779423490661771E9 
92.3280000000768	5.77941080868577E9 
92.42800000007728	5.779398339805941E9 
92.52800000007775	5.779386080441603E9 
92.62800000007823	5.779374027072259E9 
92.72800000007871	5.779362176236558E9 
92.82800000007919	5.779350524531312E9 
92.92800000007966	5.779339068610515E9 
93.02800000008014	5.779327805184393E9 
93.12800000008062	5.779316731018441E9 
93.2280000000811	5.779305842932504E9 
93.32800000008157	5.779295137799867E9 
93.42800000008205	5.779284612546356E9 
93.52800000008253	5.779274264149445E9 
93.628000000083	5.7792640896374E9 
93.72800000008348	5.779254086088425E9 
93.82800000008396	5.7792442506298065E9 
93.92800000008444	5.779234580437118E9 
94.02800000008492	5.779225072733381E9 
94.1280000000854	5.77921572478828E9 
94.22800000008587	5.779206533917384E9 
94.32800000008635	5.77919749748136E9 
94.42800000008683	5.779188612885233E9 
94.5280000000873	5.779179877577618E9 
94.62800000008778	5.779171289050013E9 
94.72800000008826	5.779162844836062E9 
94.82800000008874	5.779154542510856E9 
94.92800000008921	5.779146379690221E9 
95.02800000008969	5.779138354030059E9 
95.12800000009017	5.779130463225649E9 
95.22800000009065	5.779122705010999E9 
95.32800000009112	5.7791150771581955E9 
95.4280000000916	5.779107577476756E9 
95.52800000009208	5.779100203813012E9 
95.62800000009256	5.779092954049477E9 
95.72800000009303	5.779085826104249E9 
95.82800000009351	5.7790788179304E9 
95.92800000009399	5.779071927515407E9 
96.02800000009447	5.77906515288056E9 
96.12800000009494	5.779058492080394E9 
96.22800000009542	5.779051943202138E9 
96.3280000000959	5.779045504365159E9 
96.42800000009638	5.779039173720431E9 
96.52800000009685	5.779032949449985E9 
96.62800000009733	5.779026829766409E9 
96.72800000009781	5.779020812912322E9 
96.82800000009829	5.779014897159871E9 
96.92800000009876	5.77900908081024E9 
97.02800000009924	5.779003362193157E9 
97.12800000009972	5.778997739666411E9 
97.2280000001002	5.778992211615395E9 
97.32800000010067	5.778986776452618E9 
97.42800000010115	5.778981432617279E9 
97.52800000010163	5.778976178574794E9 
97.6280000001021	5.778971012816367E9 
97.72800000010258	5.778965933858555E9 
97.82800000010306	5.77896094024284E9 
97.92800000010354	5.778956030535213E9 
98.02800000010402	5.778951203325766E9 
98.12800000010449	5.778946457228267E9 
98.22800000010497	5.778941790879791E9 
98.32800000010545	5.778937202940307E9 
98.42800000010592	5.778932692092304E9 
98.5280000001064	5.778928257040411E9 
98.62800000010688	5.778923896511017E9 
98.72800000010736	5.778919609251915E9 
98.82800000010783	5.77891539403194E9 
98.92800000010831	5.7789112496406145E9 
99.02800000010879	5.778907174887796E9 
99.12800000010927	5.778903168603349E9 
99.22800000010974	5.77889922963679E9 
99.32800000011022	5.778895356856973E9 
99.4280000001107	5.778891549151757E9 
99.52800000011118	5.77888780542769E9 
99.62800000011165	5.778884124609689E9 
99.72800000011213	5.77888050564074E9 
99.82800000011261	5.778876947481592E9 
99.92800000011309	5.778873449110453E9 
