0.001	1050274.9674821736 
0.10100000000000008	1050274.9674821736 
0.20100000000000015	1050274.9674821736 
0.3010000000000002	1050274.9674821736 
0.4010000000000003	1050274.9674821736 
0.5020000000000003	1050274.9674821736 
0.6020000000000004	1050274.9674821736 
0.7020000000000005	1050274.9674821736 
0.8020000000000006	1050274.9674821736 
0.9020000000000007	1050274.9674821736 
1.0030000000000003	1050274.9674821736 
1.1039999999999892	1050274.9674821736 
1.204999999999978	1050274.9674821736 
1.305999999999967	1050274.9674821736 
1.4069999999999558	1050274.9674821736 
1.5079999999999447	1050274.9674821736 
1.6089999999999336	1050274.9674821736 
1.7099999999999225	1050274.9674821736 
1.8109999999999113	1050274.9674821736 
1.9119999999999002	1050274.9674821736 
2.0129999999998893	1050274.9674821736 
2.113999999999878	1050274.9674821736 
2.214999999999867	1050274.9674821736 
2.315999999999856	1050274.9674821736 
2.416999999999845	1050274.9674821736 
2.5179999999998337	1050274.9674821736 
2.6189999999998226	1050274.9674821736 
2.7199999999998115	1050274.9674821736 
2.8209999999998003	1050274.9674821736 
2.921999999999789	1050274.9674821736 
3.022999999999778	1050274.9674821736 
3.123999999999767	1050274.9674821736 
3.224999999999756	1050274.9674821736 
3.3259999999997447	1050274.9674821736 
3.4269999999997336	1050274.9674821736 
3.5279999999997225	1050274.9674821736 
3.6289999999997113	1050274.9674821736 
3.7299999999997	1050274.9674821736 
3.830999999999689	1050274.9674821736 
3.931999999999678	1050274.9674821736 
4.031999999999681	1050274.9674821736 
4.131999999999715	1050274.9674821736 
4.231999999999748	1050274.9674821736 
4.331999999999781	1050274.9674821736 
4.431999999999815	1050274.9674821736 
4.531999999999848	1050274.9674821736 
4.6319999999998815	1050274.9674821736 
4.731999999999915	1050274.9674821736 
4.831999999999948	1050274.9674821736 
4.931999999999982	1050274.9674821736 
5.032000000000015	1050274.9674821736 
5.1320000000000485	1050274.9674821736 
5.232000000000082	1050274.9674821736 
5.332000000000115	1050274.9674821736 
5.432000000000149	1050274.9674821736 
5.532000000000182	1050274.9674821736 
5.6320000000002155	1050274.9674821736 
5.732000000000249	1050274.9674821736 
5.832000000000282	1050274.9674821736 
5.932000000000316	1050274.9674821736 
6.032000000000349	1050274.9674821736 
6.1320000000003825	1050274.9674821736 
6.232000000000416	1050274.9674821736 
6.332000000000449	1050274.9674821736 
6.432000000000483	1050274.9674821736 
6.532000000000516	1050274.9674821736 
6.6320000000005495	1050274.9674821736 
6.732000000000583	1050274.9674821736 
6.832000000000616	1050274.9674821736 
6.93200000000065	1050274.9674821736 
7.032000000000683	1050274.9674821736 
7.132000000000716	1050274.9674821736 
7.23200000000075	1050274.9674821736 
7.332000000000783	1050274.9674821736 
7.432000000000817	1050274.9674821736 
7.53200000000085	1050274.9674821736 
7.632000000000883	1050274.9674821736 
7.732000000000917	1050274.9674821736 
7.83200000000095	1050274.9674821736 
7.932000000000984	1050274.9674821736 
8.032000000000988	1050274.9674821736 
8.133000000000932	1050274.9674821736 
8.234000000000876	1050274.9674821736 
8.33500000000082	1050274.9674821736 
8.436000000000764	1050274.9674821736 
8.537000000000708	1050274.9674821736 
8.638000000000652	1050274.9674821736 
8.739000000000596	1050274.9674821736 
8.84000000000054	1050274.9674821736 
8.941000000000484	1050274.9674821736 
9.042000000000428	1050274.9674821736 
9.143000000000372	1050274.9674821736 
9.244000000000316	1050274.9674821736 
9.34500000000026	1050274.9674821736 
9.446000000000204	1050274.9674821736 
9.547000000000148	1050274.9674821736 
9.648000000000092	1050274.9674821736 
9.749000000000036	1050274.9674821736 
9.84999999999998	1050274.9674821736 
9.950999999999924	1050274.9674821736 
10.051999999999868	1050274.9674821736 
10.152999999999812	1050274.9674821736 
10.253999999999756	1050274.9674821736 
10.3549999999997	1050274.9674821736 
10.455999999999644	1050274.9674821736 
10.556999999999588	1050274.9674821736 
10.657999999999532	1050274.9674821736 
10.758999999999476	1050274.9674821736 
10.85999999999942	1050274.9674821736 
10.960999999999364	1050274.9674821736 
11.061999999999308	1050274.9674821736 
11.162999999999252	1050274.9674821736 
11.263999999999196	1050274.9674821736 
11.36499999999914	1050274.9674821736 
11.465999999999084	1050274.9674821736 
11.566999999999029	1050274.9674821736 
11.667999999998973	1050274.9674821736 
11.768999999998917	1050274.9674821736 
11.86999999999886	1050274.9674821736 
11.970999999998805	1050274.9674821736 
12.071999999998749	1050274.9674821736 
12.172999999998693	1050274.9674821736 
12.273999999998637	1050274.9674821736 
12.37499999999858	1050274.9674821736 
12.475999999998525	1050274.9674821736 
12.576999999998469	1050274.9674821736 
12.677999999998413	1050274.9674821736 
12.778999999998357	1050274.9674821736 
12.8799999999983	1050274.9674821736 
12.980999999998245	1050274.9674821736 
13.081999999998189	1050274.9674821736 
13.182999999998133	1050274.9674821736 
13.283999999998077	1050274.9674821736 
13.384999999998021	1050274.9674821736 
13.485999999997965	1050274.9674821736 
13.586999999997909	1050274.9674821736 
13.687999999997853	1050274.9674821736 
13.788999999997797	1050274.9674821736 
13.889999999997741	1050274.9674821736 
13.990999999997685	1050274.9674821736 
14.091999999997629	1050274.9674821736 
14.192999999997573	1050274.9674821736 
14.293999999997517	1050274.9674821736 
14.394999999997461	1050274.9674821736 
14.495999999997405	1050274.9674821736 
14.59699999999735	1050274.9674821736 
14.697999999997293	1050274.9674821736 
14.798999999997237	1050274.9674821736 
14.899999999997181	1050274.9674821736 
15.000999999997125	1050274.9674821736 
15.10199999999707	1050274.9674821736 
15.202999999997013	1050274.9674821736 
15.303999999996957	1050274.9674821736 
15.404999999996901	1050274.9674821736 
15.505999999996845	1050274.9674821736 
15.60699999999679	1050274.9674821736 
15.707999999996733	1050274.9674821736 
15.808999999996677	1050274.9674821736 
15.909999999996622	1050274.9674821736 
16.010999999996585	1050274.9674821736 
16.110999999996707	1050274.9674821736 
16.21099999999683	1050274.9674821736 
16.31099999999695	1050274.9674821736 
16.410999999997074	1050274.9674821736 
16.510999999997196	1050274.9674821736 
16.61099999999732	1050274.9674821736 
16.71099999999744	1050274.9674821736 
16.810999999997563	1050274.9674821736 
16.910999999997685	1050274.9674821736 
17.010999999997807	1050274.9674821736 
17.11099999999793	1050274.9674821736 
17.21099999999805	1050274.9674821736 
17.310999999998174	1050274.9674821736 
17.410999999998296	1050274.9674821736 
17.51099999999842	1050274.9674821736 
17.61099999999854	1050274.9674821736 
17.710999999998663	1050274.9674821736 
17.810999999998785	1050274.9674821736 
17.910999999998907	1050274.9674821736 
18.01099999999903	1050274.9674821736 
18.11099999999915	1050274.9674821736 
18.210999999999274	1050274.9674821736 
18.310999999999396	1050274.9674821736 
18.410999999999518	1050274.9674821736 
18.51099999999964	1050274.9674821736 
18.610999999999763	1050274.9674821736 
18.710999999999885	1050274.9674821736 
18.811000000000007	1050274.9674821736 
18.91100000000013	1050274.9674821736 
19.01100000000025	1050274.9674821736 
19.111000000000374	1050274.9674821736 
19.211000000000496	1050274.9674821736 
19.311000000000618	1050274.9674821736 
19.41100000000074	1050274.9674821736 
19.511000000000863	1050274.9674821736 
19.611000000000985	1050274.9674821736 
19.711000000001107	1050274.9674821736 
19.81100000000123	1050274.9674821736 
19.91100000000135	1050274.9674821736 
20.011000000001474	1050274.9674821736 
20.111000000001596	1050274.9674821736 
20.211000000001718	1050274.9674821736 
20.31100000000184	1050274.9674821736 
20.411000000001962	1050274.9674821736 
20.511000000002085	1050274.9674821736 
20.611000000002207	1050274.9674821736 
20.71100000000233	1050274.9674821736 
20.81100000000245	1050274.9674821736 
20.911000000002574	1050274.9674821736 
21.011000000002696	1050274.9674821736 
21.111000000002818	1050274.9674821736 
21.21100000000294	1050274.9674821736 
21.311000000003062	1050274.9674821736 
21.411000000003185	1050274.9674821736 
21.511000000003307	1050274.9674821736 
21.61100000000343	1050274.9674821736 
21.71100000000355	1050274.9674821736 
21.811000000003673	1050274.9674821736 
21.911000000003796	1050274.9674821736 
22.011000000003918	1050274.9674821736 
22.11100000000404	1050274.9674821736 
22.211000000004162	1050274.9674821736 
22.311000000004285	1050274.9674821736 
22.411000000004407	1050274.9674821736 
22.51100000000453	1050274.9674821736 
22.61100000000465	1050274.9674821736 
22.711000000004773	1050274.9674821736 
22.811000000004896	1050274.9674821736 
22.911000000005018	1050274.9674821736 
23.01100000000514	1050274.9674821736 
23.111000000005262	1050274.9674821736 
23.211000000005384	1050274.9674821736 
23.311000000005507	1050274.9674821736 
23.41100000000563	1050274.9674821736 
23.51100000000575	1050274.9674821736 
23.611000000005873	1050274.9674821736 
23.711000000005996	1050274.9674821736 
23.811000000006118	1050274.9674821736 
23.91100000000624	1050274.9674821736 
24.011000000006362	1050274.9674821736 
24.111000000006484	1050274.9674821736 
24.211000000006607	1050274.9674821736 
24.31100000000673	1050274.9674821736 
24.41100000000685	1050274.9674821736 
24.511000000006973	1050274.9674821736 
24.611000000007095	1050274.9674821736 
24.711000000007218	1050274.9674821736 
24.81100000000734	1050274.9674821736 
24.911000000007462	1050274.9674821736 
25.011000000007584	1050274.9674821736 
25.111000000007706	1050274.9674821736 
25.21100000000783	1050274.9674821736 
25.31100000000795	1050274.9674821736 
25.411000000008073	1050274.9674821736 
25.511000000008195	1050274.9674821736 
25.611000000008318	1050274.9674821736 
25.71100000000844	1050274.9674821736 
25.811000000008562	1050274.9674821736 
25.911000000008684	1050274.9674821736 
26.011000000008806	1050274.9674821736 
26.11100000000893	1050274.9674821736 
26.21100000000905	1050274.9674821736 
26.311000000009173	1050274.9674821736 
26.411000000009295	1050274.9674821736 
26.511000000009417	1050274.9674821736 
26.61100000000954	1050274.9674821736 
26.711000000009662	1050274.9674821736 
26.811000000009784	1050274.9674821736 
26.911000000009906	1050274.9674821736 
27.01100000001003	1050274.9674821736 
27.11100000001015	1050274.9674821736 
27.211000000010273	1050274.9674821736 
27.311000000010395	1050274.9674821736 
27.411000000010517	1050274.9674821736 
27.51100000001064	1050274.9674821736 
27.611000000010762	1050274.9674821736 
27.711000000010884	1050274.9674821736 
27.811000000011006	1050274.9674821736 
27.91100000001113	1050274.9674821736 
28.01100000001125	1050274.9674821736 
28.111000000011373	1050274.9674821736 
28.211000000011495	1050274.9674821736 
28.311000000011617	1050274.9674821736 
28.41100000001174	1050274.9674821736 
28.51100000001186	1050274.9674821736 
28.611000000011984	1050274.9674821736 
28.711000000012106	1050274.9674821736 
28.81100000001223	1050274.9674821736 
28.91100000001235	1050274.9674821736 
29.011000000012473	1050274.9674821736 
29.111000000012595	1050274.9674821736 
29.211000000012717	1050274.9674821736 
29.31100000001284	1050274.9674821736 
29.41100000001296	1050274.9674821736 
29.511000000013084	1050274.9674821736 
29.611000000013206	1050274.9674821736 
29.71100000001333	1050274.9674821736 
29.81100000001345	1050274.9674821736 
29.911000000013573	1050274.9674821736 
30.011000000013695	1050274.9674821736 
30.111000000013817	1050274.9674821736 
30.21100000001394	1050274.9674821736 
30.31100000001406	1050274.9674821736 
30.411000000014184	1050274.9674821736 
30.511000000014306	1050274.9674821736 
30.61100000001443	1050274.9674821736 
30.71100000001455	1050274.9674821736 
30.811000000014673	1050274.9674821736 
30.911000000014795	1050274.9674821736 
31.011000000014917	1050274.9674821736 
31.11100000001504	1050274.9674821736 
31.21100000001516	1050274.9674821736 
31.311000000015284	1050274.9674821736 
31.411000000015406	1050274.9674821736 
31.511000000015528	1050274.9674821736 
31.61100000001565	1050274.9674821736 
31.711000000015773	1050274.9674821736 
31.811000000015895	1050274.9674821736 
31.911000000016017	1050274.9674821736 
32.0110000000161	1050274.9674821736 
32.11200000001586	1050274.9674821736 
32.213000000015626	1050274.9674821736 
32.31400000001539	1050274.9674821736 
32.415000000015155	1050274.9674821736 
32.51600000001492	1050274.9674821736 
32.617000000014684	1050274.9674821736 
32.71800000001445	1050274.9674821736 
32.81900000001421	1050274.9674821736 
32.92000000001398	1050274.9674821736 
33.02100000001374	1050274.9674821736 
33.12200000001351	1050274.9674821736 
33.22300000001327	1050274.9674821736 
33.32400000001304	1050274.9674821736 
33.4250000000128	1050274.9674821736 
33.526000000012566	1050274.9674821736 
33.62700000001233	1050274.9674821736 
33.728000000012095	1050274.9674821736 
33.82900000001186	1050274.9674821736 
33.930000000011624	1050274.9674821736 
34.03100000001139	1050274.9674821736 
34.13200000001115	1050274.9674821736 
34.23300000001092	1050274.9674821736 
34.33400000001068	1050274.9674821736 
34.43500000001045	1050274.9674821736 
34.53600000001021	1050274.9674821736 
34.63700000000998	1050274.9674821736 
34.73800000000974	1050274.9674821736 
34.839000000009506	1050274.9674821736 
34.94000000000927	1050274.9674821736 
35.041000000009035	1050274.9674821736 
35.1420000000088	1050274.9674821736 
35.243000000008564	1050274.9674821736 
35.34400000000833	1050274.9674821736 
35.44500000000809	1050274.9674821736 
35.54600000000786	1050274.9674821736 
35.64700000000762	1050274.9674821736 
35.74800000000739	1050274.9674821736 
35.84900000000715	1050274.9674821736 
35.950000000006916	1050274.9674821736 
36.05100000000668	1050274.9674821736 
36.152000000006446	1050274.9674821736 
36.25300000000621	1050274.9674821736 
36.354000000005975	1050274.9674821736 
36.45500000000574	1050274.9674821736 
36.556000000005504	1050274.9674821736 
36.65700000000527	1050274.9674821736 
36.75800000000503	1050274.9674821736 
36.8590000000048	1050274.9674821736 
36.96000000000456	1050274.9674821736 
37.06100000000433	1050274.9674821736 
37.16200000000409	1050274.9674821736 
37.263000000003856	1050274.9674821736 
37.36400000000362	1050274.9674821736 
37.465000000003386	1050274.9674821736 
37.56600000000315	1050274.9674821736 
37.667000000002915	1050274.9674821736 
37.76800000000268	1050274.9674821736 
37.869000000002444	1050274.9674821736 
37.97000000000221	1050274.9674821736 
38.07100000000197	1050274.9674821736 
38.17200000000174	1050274.9674821736 
38.2730000000015	1050274.9674821736 
38.37400000000127	1050274.9674821736 
38.47500000000103	1050274.9674821736 
38.576000000000796	1050274.9674821736 
38.67700000000056	1050274.9674821736 
38.778000000000326	1050274.9674821736 
38.87900000000009	1050274.9674821736 
38.979999999999855	1050274.9674821736 
39.08099999999962	1050274.9674821736 
39.181999999999384	1050274.9674821736 
39.28299999999915	1050274.9674821736 
39.38399999999891	1050274.9674821736 
39.48499999999868	1050274.9674821736 
39.58599999999844	1050274.9674821736 
39.68699999999821	1050274.9674821736 
39.78799999999797	1050274.9674821736 
39.888999999997736	1050274.9674821736 
39.9899999999975	1050274.9674821736 
40.090999999997265	1050274.9674821736 
40.19199999999703	1050274.9674821736 
40.292999999996795	1050274.9674821736 
40.39399999999656	1050274.9674821736 
40.494999999996324	1050274.9674821736 
40.59599999999609	1050274.9674821736 
40.69699999999585	1050274.9674821736 
40.79799999999562	1050274.9674821736 
40.89899999999538	1050274.9674821736 
40.99999999999515	1050274.9674821736 
41.10099999999491	1050274.9674821736 
41.201999999994676	1050274.9674821736 
41.30299999999444	1050274.9674821736 
41.403999999994205	1050274.9674821736 
41.50499999999397	1050274.9674821736 
41.605999999993735	1050274.9674821736 
41.7069999999935	1050274.9674821736 
41.807999999993264	1050274.9674821736 
41.90899999999303	1050274.9674821736 
42.00999999999279	1050274.9674821736 
42.11099999999256	1050274.9674821736 
42.21199999999232	1050274.9674821736 
42.31299999999209	1050274.9674821736 
42.41399999999185	1050274.9674821736 
42.514999999991616	1050274.9674821736 
42.61599999999138	1050274.9674821736 
42.716999999991145	1050274.9674821736 
42.81799999999091	1050274.9674821736 
42.918999999990675	1050274.9674821736 
43.01999999999044	1050274.9674821736 
43.120999999990204	1050274.9674821736 
43.22199999998997	1050274.9674821736 
43.32299999998973	1050274.9674821736 
43.4239999999895	1050274.9674821736 
43.52499999998926	1050274.9674821736 
43.62599999998903	1050274.9674821736 
43.72699999998879	1050274.9674821736 
43.827999999988556	1050274.9674821736 
43.92899999998832	1050274.9674821736 
44.029999999988085	1050274.9674821736 
44.13099999998785	1050274.9674821736 
44.231999999987615	1050274.9674821736 
44.33299999998738	1050274.9674821736 
44.433999999987144	1050274.9674821736 
44.53499999998691	1050274.9674821736 
44.63599999998667	1050274.9674821736 
44.73699999998644	1050274.9674821736 
44.8379999999862	1050274.9674821736 
44.93899999998597	1050274.9674821736 
45.03999999998573	1050274.9674821736 
45.140999999985496	1050274.9674821736 
45.24199999998526	1050274.9674821736 
45.342999999985025	1050274.9674821736 
45.44399999998479	1050274.9674821736 
45.544999999984555	1050274.9674821736 
45.64599999998432	1050274.9674821736 
45.746999999984084	1050274.9674821736 
45.84799999998385	1050274.9674821736 
45.94899999998361	1050274.9674821736 
46.04999999998338	1050274.9674821736 
46.15099999998314	1050274.9674821736 
46.25199999998291	1050274.9674821736 
46.35299999998267	1050274.9674821736 
46.453999999982436	1050274.9674821736 
46.5549999999822	1050274.9674821736 
46.655999999981965	1050274.9674821736 
46.75699999998173	1050274.9674821736 
46.857999999981494	1050274.9674821736 
46.95899999998126	1050274.9674821736 
47.059999999981024	1050274.9674821736 
47.16099999998079	1050274.9674821736 
47.26199999998055	1050274.9674821736 
47.36299999998032	1050274.9674821736 
47.46399999998008	1050274.9674821736 
47.56499999997985	1050274.9674821736 
47.66599999997961	1050274.9674821736 
47.766999999979376	1050274.9674821736 
47.86799999997914	1050274.9674821736 
47.968999999978905	1050274.9674821736 
48.06999999997867	1050274.9674821736 
48.170999999978434	1050274.9674821736 
48.2719999999782	1050274.9674821736 
48.372999999977964	1050274.9674821736 
48.47399999997773	1050274.9674821736 
48.57499999997749	1050274.9674821736 
48.67599999997726	1050274.9674821736 
48.77699999997702	1050274.9674821736 
48.87799999997679	1050274.9674821736 
48.97899999997655	1050274.9674821736 
49.079999999976316	1050274.9674821736 
49.18099999997608	1050274.9674821736 
49.281999999975845	1050274.9674821736 
49.38299999997561	1050274.9674821736 
49.483999999975374	1050274.9674821736 
49.58499999997514	1050274.9674821736 
49.685999999974904	1050274.9674821736 
49.78699999997467	1050274.9674821736 
49.88799999997443	1050274.9674821736 
49.9889999999742	1050274.9674821736 
50.08999999997396	1050274.9674821736 
50.19099999997373	1050274.9674821736 
50.29199999997349	1050274.9674821736 
50.392999999973256	1050274.9674821736 
50.49399999997302	1050274.9674821736 
50.594999999972785	1050274.9674821736 
50.69599999997255	1050274.9674821736 
50.796999999972314	1050274.9674821736 
50.89799999997208	1050274.9674821736 
50.99899999997184	1050274.9674821736 
51.09999999997161	1050274.9674821736 
51.20099999997137	1050274.9674821736 
51.30199999997114	1050274.9674821736 
51.4029999999709	1050274.9674821736 
51.50399999997067	1050274.9674821736 
51.60499999997043	1050274.9674821736 
51.705999999970196	1050274.9674821736 
51.80699999996996	1050274.9674821736 
51.907999999969725	1050274.9674821736 
52.00899999996949	1050274.9674821736 
52.109999999969254	1050274.9674821736 
52.21099999996902	1050274.9674821736 
52.31199999996878	1050274.9674821736 
52.41299999996855	1050274.9674821736 
52.51399999996831	1050274.9674821736 
52.61499999996808	1050274.9674821736 
52.71599999996784	1050274.9674821736 
52.81699999996761	1050274.9674821736 
52.91799999996737	1050274.9674821736 
53.018999999967136	1050274.9674821736 
53.1199999999669	1050274.9674821736 
53.220999999966665	1050274.9674821736 
53.32199999996643	1050274.9674821736 
53.422999999966194	1050274.9674821736 
53.52399999996596	1050274.9674821736 
53.62499999996572	1050274.9674821736 
53.72599999996549	1050274.9674821736 
53.82699999996525	1050274.9674821736 
53.92799999996502	1050274.9674821736 
54.02899999996478	1050274.9674821736 
54.12999999996455	1050274.9674821736 
54.23099999996431	1050274.9674821736 
54.331999999964076	1050274.9674821736 
54.43299999996384	1050274.9674821736 
54.533999999963605	1050274.9674821736 
54.63499999996337	1050274.9674821736 
54.735999999963134	1050274.9674821736 
54.8369999999629	1050274.9674821736 
54.93799999996266	1050274.9674821736 
55.03899999996243	1050274.9674821736 
55.13999999996219	1050274.9674821736 
55.24099999996196	1050274.9674821736 
55.34199999996172	1050274.9674821736 
55.442999999961486	1050274.9674821736 
55.54399999996125	1050274.9674821736 
55.644999999961016	1050274.9674821736 
55.74599999996078	1050274.9674821736 
55.846999999960545	1050274.9674821736 
55.94799999996031	1050274.9674821736 
56.048999999960074	1050274.9674821736 
56.14999999995984	1050274.9674821736 
56.2509999999596	1050274.9674821736 
56.35199999995937	1050274.9674821736 
56.45299999995913	1050274.9674821736 
56.5539999999589	1050274.9674821736 
56.65499999995866	1050274.9674821736 
56.755999999958426	1050274.9674821736 
56.85699999995819	1050274.9674821736 
56.957999999957956	1050274.9674821736 
57.05899999995772	1050274.9674821736 
57.159999999957485	1050274.9674821736 
57.26099999995725	1050274.9674821736 
57.361999999957014	1050274.9674821736 
57.46299999995678	1050274.9674821736 
57.56399999995654	1050274.9674821736 
57.66499999995631	1050274.9674821736 
57.76599999995607	1050274.9674821736 
57.86699999995584	1050274.9674821736 
57.9679999999556	1050274.9674821736 
58.068999999955366	1050274.9674821736 
58.16999999995513	1050274.9674821736 
58.270999999954896	1050274.9674821736 
58.37199999995466	1050274.9674821736 
58.472999999954425	1050274.9674821736 
58.57399999995419	1050274.9674821736 
58.674999999953954	1050274.9674821736 
58.77599999995372	1050274.9674821736 
58.87699999995348	1050274.9674821736 
58.97799999995325	1050274.9674821736 
59.07899999995301	1050274.9674821736 
59.17999999995278	1050274.9674821736 
59.28099999995254	1050274.9674821736 
59.381999999952306	1050274.9674821736 
59.48299999995207	1050274.9674821736 
59.583999999951835	1050274.9674821736 
59.6849999999516	1050274.9674821736 
59.785999999951365	1050274.9674821736 
59.88699999995113	1050274.9674821736 
59.987999999950894	1050274.9674821736 
60.08899999995066	1050274.9674821736 
60.18999999995042	1050274.9674821736 
60.29099999995019	1050274.9674821736 
60.39199999994995	1050274.9674821736 
60.49299999994972	1050274.9674821736 
60.59399999994948	1050274.9674821736 
60.694999999949246	1050274.9674821736 
60.79599999994901	1050274.9674821736 
60.896999999948775	1050274.9674821736 
60.99799999994854	1050274.9674821736 
61.098999999948305	1050274.9674821736 
61.19999999994807	1050274.9674821736 
61.300999999947834	1050274.9674821736 
61.4019999999476	1050274.9674821736 
61.50299999994736	1050274.9674821736 
61.60399999994713	1050274.9674821736 
61.70499999994689	1050274.9674821736 
61.80599999994666	1050274.9674821736 
61.90699999994642	1050274.9674821736 
62.007999999946186	1050274.9674821736 
62.10899999994595	1050274.9674821736 
62.209999999945715	1050274.9674821736 
62.31099999994548	1050274.9674821736 
62.411999999945245	1050274.9674821736 
62.51299999994501	1050274.9674821736 
62.613999999944774	1050274.9674821736 
62.71499999994454	1050274.9674821736 
62.8159999999443	1050274.9674821736 
62.91699999994407	1050274.9674821736 
63.01799999994383	1050274.9674821736 
63.1189999999436	1050274.9674821736 
63.21999999994336	1050274.9674821736 
63.320999999943126	1050274.9674821736 
63.42199999994289	1050274.9674821736 
63.522999999942655	1050274.9674821736 
63.62399999994242	1050274.9674821736 
63.724999999942185	1050274.9674821736 
63.82599999994195	1050274.9674821736 
63.926999999941714	1050274.9674821736 
64.02799999994167	1050274.9674821736 
64.12799999994215	1050274.9674821736 
64.22799999994263	1050274.9674821736 
64.3279999999431	1050274.9674821736 
64.42799999994358	1050274.9674821736 
64.52799999994406	1050274.9674821736 
64.62799999994454	1050274.9674821736 
64.72799999994501	1050274.9674821736 
64.82799999994549	1050274.9674821736 
64.92799999994597	1050274.9674821736 
65.02799999994645	1050274.9674821736 
65.12799999994692	1050274.9674821736 
65.2279999999474	1050274.9674821736 
65.32799999994788	1050274.9674821736 
65.42799999994836	1050274.9674821736 
65.52799999994883	1050274.9674821736 
65.62799999994931	1050274.9674821736 
65.72799999994979	1050274.9674821736 
65.82799999995026	1050274.9674821736 
65.92799999995074	1050274.9674821736 
66.02799999995122	1050274.9674821736 
66.1279999999517	1050274.9674821736 
66.22799999995217	1050274.9674821736 
66.32799999995265	1050274.9674821736 
66.42799999995313	1050274.9674821736 
66.52799999995361	1050274.9674821736 
66.62799999995408	1050274.9674821736 
66.72799999995456	1050274.9674821736 
66.82799999995504	1050274.9674821736 
66.92799999995552	1050274.9674821736 
67.027999999956	1050274.9674821736 
67.12799999995647	1050274.9674821736 
67.22799999995695	1050274.9674821736 
67.32799999995743	1050274.9674821736 
67.4279999999579	1050274.9674821736 
67.52799999995838	1050274.9674821736 
67.62799999995886	1050274.9674821736 
67.72799999995934	1050274.9674821736 
67.82799999995981	1050274.9674821736 
67.92799999996029	1050274.9674821736 
68.02799999996077	1050274.9674821736 
68.12799999996125	1050274.9674821736 
68.22799999996172	1050274.9674821736 
68.3279999999622	1050274.9674821736 
68.42799999996268	1050274.9674821736 
68.52799999996316	1050274.9674821736 
68.62799999996363	1050274.9674821736 
68.72799999996411	1050274.9674821736 
68.82799999996459	1050274.9674821736 
68.92799999996507	1050274.9674821736 
69.02799999996554	1050274.9674821736 
69.12799999996602	1050274.9674821736 
69.2279999999665	1050274.9674821736 
69.32799999996698	1050274.9674821736 
69.42799999996745	1050274.9674821736 
69.52799999996793	1050274.9674821736 
69.62799999996841	1050274.9674821736 
69.72799999996889	1050274.9674821736 
69.82799999996936	1050274.9674821736 
69.92799999996984	1050274.9674821736 
70.02799999997032	1050274.9674821736 
70.1279999999708	1050274.9674821736 
70.22799999997127	1050274.9674821736 
70.32799999997175	1050274.9674821736 
70.42799999997223	1050274.9674821736 
70.5279999999727	1050274.9674821736 
70.62799999997318	1050274.9674821736 
70.72799999997366	1050274.9674821736 
70.82799999997414	1050274.9674821736 
70.92799999997462	1050274.9674821736 
71.0279999999751	1050274.9674821736 
71.12799999997557	1050274.9674821736 
71.22799999997605	1050274.9674821736 
71.32799999997653	1050274.9674821736 
71.427999999977	1050274.9674821736 
71.52799999997748	1050274.9674821736 
71.62799999997796	1050274.9674821736 
71.72799999997844	1050274.9674821736 
71.82799999997891	1050274.9674821736 
71.92799999997939	1050274.9674821736 
72.02799999997987	1050274.9674821736 
72.12799999998035	1050274.9674821736 
72.22799999998082	1050274.9674821736 
72.3279999999813	1050274.9674821736 
72.42799999998178	1050274.9674821736 
72.52799999998226	1050274.9674821736 
72.62799999998273	1050274.9674821736 
72.72799999998321	1050274.9674821736 
72.82799999998369	1050274.9674821736 
72.92799999998417	1050274.9674821736 
73.02799999998464	1050274.9674821736 
73.12799999998512	1050274.9674821736 
73.2279999999856	1050274.9674821736 
73.32799999998608	1050274.9674821736 
73.42799999998655	1050274.9674821736 
73.52799999998703	1050274.9674821736 
73.62799999998751	1050274.9674821736 
73.72799999998799	1050274.9674821736 
73.82799999998846	1050274.9674821736 
73.92799999998894	1050274.9674821736 
74.02799999998942	1050274.9674821736 
74.1279999999899	1050274.9674821736 
74.22799999999037	1050274.9674821736 
74.32799999999085	1050274.9674821736 
74.42799999999133	1050274.9674821736 
74.5279999999918	1050274.9674821736 
74.62799999999228	1050274.9674821736 
74.72799999999276	1050274.9674821736 
74.82799999999324	1050274.9674821736 
74.92799999999372	1050274.9674821736 
75.0279999999942	1050274.9674821736 
75.12799999999467	1050274.9674821736 
75.22799999999515	1050274.9674821736 
75.32799999999563	1050274.9674821736 
75.4279999999961	1050274.9674821736 
75.52799999999658	1050274.9674821736 
75.62799999999706	1050274.9674821736 
75.72799999999754	1050274.9674821736 
75.82799999999801	1050274.9674821736 
75.92799999999849	1050274.9674821736 
76.02799999999897	1050274.9674821736 
76.12799999999945	1050274.9674821736 
76.22799999999992	1050274.9674821736 
76.3280000000004	1050274.9674821736 
76.42800000000088	1050274.9674821736 
76.52800000000136	1050274.9674821736 
76.62800000000183	1050274.9674821736 
76.72800000000231	1050274.9674821736 
76.82800000000279	1050274.9674821736 
76.92800000000327	1050274.9674821736 
77.02800000000374	1050274.9674821736 
77.12800000000422	1050274.9674821736 
77.2280000000047	1050274.9674821736 
77.32800000000518	1050274.9674821736 
77.42800000000565	1050274.9674821736 
77.52800000000613	1050274.9674821736 
77.62800000000661	1050274.9674821736 
77.72800000000709	1050274.9674821736 
77.82800000000756	1050274.9674821736 
77.92800000000804	1050274.9674821736 
78.02800000000852	1050274.9674821736 
78.128000000009	1050274.9674821736 
78.22800000000947	1050274.9674821736 
78.32800000000995	1050274.9674821736 
78.42800000001043	1050274.9674821736 
78.5280000000109	1050274.9674821736 
78.62800000001138	1050274.9674821736 
78.72800000001186	1050274.9674821736 
78.82800000001234	1050274.9674821736 
78.92800000001282	1050274.9674821736 
79.0280000000133	1050274.9674821736 
79.12800000001377	1050274.9674821736 
79.22800000001425	1050274.9674821736 
79.32800000001473	1050274.9674821736 
79.4280000000152	1050274.9674821736 
79.52800000001568	1050274.9674821736 
79.62800000001616	1050274.9674821736 
79.72800000001664	1050274.9674821736 
79.82800000001711	1050274.9674821736 
79.92800000001759	1050274.9674821736 
80.02800000001807	1050274.9674821736 
80.12800000001855	1050274.9674821736 
80.22800000001902	1050274.9674821736 
80.3280000000195	1050274.9674821736 
80.42800000001998	1050274.9674821736 
80.52800000002046	1050274.9674821736 
80.62800000002093	1050274.9674821736 
80.72800000002141	1050274.9674821736 
80.82800000002189	1050274.9674821736 
80.92800000002237	1050274.9674821736 
81.02800000002284	1050274.9674821736 
81.12800000002332	1050274.9674821736 
81.2280000000238	1050274.9674821736 
81.32800000002428	1050274.9674821736 
81.42800000002475	1050274.9674821736 
81.52800000002523	1050274.9674821736 
81.62800000002571	1050274.9674821736 
81.72800000002619	1050274.9674821736 
81.82800000002666	1050274.9674821736 
81.92800000002714	1050274.9674821736 
82.02800000002762	1050274.9674821736 
82.1280000000281	1050274.9674821736 
82.22800000002857	1050274.9674821736 
82.32800000002905	1050274.9674821736 
82.42800000002953	1050274.9674821736 
82.52800000003	1050274.9674821736 
82.62800000003048	1050274.9674821736 
82.72800000003096	1050274.9674821736 
82.82800000003144	1050274.9674821736 
82.92800000003191	1050274.9674821736 
83.02800000003239	1050274.9674821736 
83.12800000003287	1050274.9674821736 
83.22800000003335	1050274.9674821736 
83.32800000003382	1050274.9674821736 
83.4280000000343	1050274.9674821736 
83.52800000003478	1050274.9674821736 
83.62800000003526	1050274.9674821736 
83.72800000003573	1050274.9674821736 
83.82800000003621	1050274.9674821736 
83.92800000003669	1050274.9674821736 
84.02800000003717	1050274.9674821736 
84.12800000003764	1050274.9674821736 
84.22800000003812	1050274.9674821736 
84.3280000000386	1050274.9674821736 
84.42800000003908	1050274.9674821736 
84.52800000003955	1050274.9674821736 
84.62800000004003	1050274.9674821736 
84.72800000004051	1050274.9674821736 
84.82800000004099	1050274.9674821736 
84.92800000004146	1050274.9674821736 
85.02800000004194	1050274.9674821736 
85.12800000004242	1050274.9674821736 
85.2280000000429	1050274.9674821736 
85.32800000004337	1050274.9674821736 
85.42800000004385	1050274.9674821736 
85.52800000004433	1050274.9674821736 
85.6280000000448	1050274.9674821736 
85.72800000004528	1050274.9674821736 
85.82800000004576	1050274.9674821736 
85.92800000004624	1050274.9674821736 
86.02800000004672	1050274.9674821736 
86.1280000000472	1050274.9674821736 
86.22800000004767	1050274.9674821736 
86.32800000004815	1050274.9674821736 
86.42800000004863	1050274.9674821736 
86.5280000000491	1050274.9674821736 
86.62800000004958	1050274.9674821736 
86.72800000005006	1050274.9674821736 
86.82800000005054	1050274.9674821736 
86.92800000005101	1050274.9674821736 
87.02800000005149	1050274.9674821736 
87.12800000005197	1050274.9674821736 
87.22800000005245	1050274.9674821736 
87.32800000005292	1050274.9674821736 
87.4280000000534	1050274.9674821736 
87.52800000005388	1050274.9674821736 
87.62800000005436	1050274.9674821736 
87.72800000005483	1050274.9674821736 
87.82800000005531	1050274.9674821736 
87.92800000005579	1050274.9674821736 
88.02800000005627	1050274.9674821736 
88.12800000005674	1050274.9674821736 
88.22800000005722	1050274.9674821736 
88.3280000000577	1050274.9674821736 
88.42800000005818	1050274.9674821736 
88.52800000005865	1050274.9674821736 
88.62800000005913	1050274.9674821736 
88.72800000005961	1050274.9674821736 
88.82800000006009	1050274.9674821736 
88.92800000006056	1050274.9674821736 
89.02800000006104	1050274.9674821736 
89.12800000006152	1050274.9674821736 
89.228000000062	1050274.9674821736 
89.32800000006247	1050274.9674821736 
89.42800000006295	1050274.9674821736 
89.52800000006343	1050274.9674821736 
89.6280000000639	1050274.9674821736 
89.72800000006438	1050274.9674821736 
89.82800000006486	1050274.9674821736 
89.92800000006534	1050274.9674821736 
90.02800000006582	1050274.9674821736 
90.1280000000663	1050274.9674821736 
90.22800000006677	1050274.9674821736 
90.32800000006725	1050274.9674821736 
90.42800000006773	1050274.9674821736 
90.5280000000682	1050274.9674821736 
90.62800000006868	1050274.9674821736 
90.72800000006916	1050274.9674821736 
90.82800000006964	1050274.9674821736 
90.92800000007011	1050274.9674821736 
91.02800000007059	1050274.9674821736 
91.12800000007107	1050274.9674821736 
91.22800000007155	1050274.9674821736 
91.32800000007202	1050274.9674821736 
91.4280000000725	1050274.9674821736 
91.52800000007298	1050274.9674821736 
91.62800000007346	1050274.9674821736 
91.72800000007393	1050274.9674821736 
91.82800000007441	1050274.9674821736 
91.92800000007489	1050274.9674821736 
92.02800000007537	1050274.9674821736 
92.12800000007584	1050274.9674821736 
92.22800000007632	1050274.9674821736 
92.3280000000768	1050274.9674821736 
92.42800000007728	1050274.9674821736 
92.52800000007775	1050274.9674821736 
92.62800000007823	1050274.9674821736 
92.72800000007871	1050274.9674821736 
92.82800000007919	1050274.9674821736 
92.92800000007966	1050274.9674821736 
93.02800000008014	1050274.9674821736 
93.12800000008062	1050274.9674821736 
93.2280000000811	1050274.9674821736 
93.32800000008157	1050274.9674821736 
93.42800000008205	1050274.9674821736 
93.52800000008253	1050274.9674821736 
93.628000000083	1050274.9674821736 
93.72800000008348	1050274.9674821736 
93.82800000008396	1050274.9674821736 
93.92800000008444	1050274.9674821736 
94.02800000008492	1050274.9674821736 
94.1280000000854	1050274.9674821736 
94.22800000008587	1050274.9674821736 
94.32800000008635	1050274.9674821736 
94.42800000008683	1050274.9674821736 
94.5280000000873	1050274.9674821736 
94.62800000008778	1050274.9674821736 
94.72800000008826	1050274.9674821736 
94.82800000008874	1050274.9674821736 
94.92800000008921	1050274.9674821736 
95.02800000008969	1050274.9674821736 
95.12800000009017	1050274.9674821736 
95.22800000009065	1050274.9674821736 
95.32800000009112	1050274.9674821736 
95.4280000000916	1050274.9674821736 
95.52800000009208	1050274.9674821736 
95.62800000009256	1050274.9674821736 
95.72800000009303	1050274.9674821736 
95.82800000009351	1050274.9674821736 
95.92800000009399	1050274.9674821736 
96.02800000009447	1050274.9674821736 
96.12800000009494	1050274.9674821736 
96.22800000009542	1050274.9674821736 
96.3280000000959	1050274.9674821736 
96.42800000009638	1050274.9674821736 
96.52800000009685	1050274.9674821736 
96.62800000009733	1050274.9674821736 
96.72800000009781	1050274.9674821736 
96.82800000009829	1050274.9674821736 
96.92800000009876	1050274.9674821736 
97.02800000009924	1050274.9674821736 
97.12800000009972	1050274.9674821736 
97.2280000001002	1050274.9674821736 
97.32800000010067	1050274.9674821736 
97.42800000010115	1050274.9674821736 
97.52800000010163	1050274.9674821736 
97.6280000001021	1050274.9674821736 
97.72800000010258	1050274.9674821736 
97.82800000010306	1050274.9674821736 
97.92800000010354	1050274.9674821736 
98.02800000010402	1050274.9674821736 
98.12800000010449	1050274.9674821736 
98.22800000010497	1050274.9674821736 
98.32800000010545	1050274.9674821736 
98.42800000010592	1050274.9674821736 
98.5280000001064	1050274.9674821736 
98.62800000010688	1050274.9674821736 
98.72800000010736	1050274.9674821736 
98.82800000010783	1050274.9674821736 
98.92800000010831	1050274.9674821736 
99.02800000010879	1050274.9674821736 
99.12800000010927	1050274.9674821736 
99.22800000010974	1050274.9674821736 
99.32800000011022	1050274.9674821736 
99.4280000001107	1050274.9674821736 
99.52800000011118	1050274.9674821736 
99.62800000011165	1050274.9674821736 
99.72800000011213	1050274.9674821736 
99.82800000011261	1050274.9674821736 
99.92800000011309	1050274.9674821736 
