0.001	1.8750000033876088E8 
0.10100000000000008	1.8750011405055812E8 
0.20100000000000015	1.8750008467404786E8 
0.3010000000000002	1.8750008964799494E8 
0.4010000000000003	1.8750008670408446E8 
0.5020000000000003	1.8750008554148713E8 
0.6020000000000004	1.875000840424098E8 
0.7020000000000005	1.8750008264215243E8 
0.8020000000000006	1.8750008125140503E8 
0.9020000000000007	1.8750007988644943E8 
1.0030000000000003	1.875000785307729E8 
1.1039999999999892	1.875000771981268E8 
1.204999999999978	1.8750007588810375E8 
1.305999999999967	1.8750007460030654E8 
1.4069999999999558	1.875000733343645E8 
1.5079999999999447	1.8750007208990392E8 
1.6089999999999336	1.875000708665624E8 
1.7099999999999225	1.875000696639801E8 
1.8109999999999113	1.875000684818049E8 
1.9119999999999002	1.8750006731969133E8 
2.0129999999998893	1.8750006617729846E8 
2.113999999999878	1.8750006505429196E8 
2.214999999999867	1.8750006395034167E8 
2.315999999999856	1.8750006286512575E8 
2.416999999999845	1.8750006179832536E8 
2.5179999999998337	1.8750006074962795E8 
2.6189999999998226	1.875000597187265E8 
2.7199999999998115	1.8750005870531955E8 
2.8209999999998003	1.8750005770910975E8 
2.921999999999789	1.87500056729805E8 
3.022999999999778	1.8750005576711887E8 
3.123999999999767	1.8750005482076916E8 
3.224999999999756	1.8750005389047804E8 
3.3259999999997447	1.8750005297597542E8 
3.4269999999997336	1.8750005207698992E8 
3.5279999999997225	1.8750005119326082E8 
3.6289999999997113	1.8750005032452807E8 
3.7299999999997	1.8750004947053787E8 
3.830999999999689	1.8750004863103923E8 
3.931999999999678	1.8750004780578628E8 
4.031999999999681	1.8750004700250217E8 
4.131999999999715	1.8750004621271545E8 
4.231999999999748	1.8750004543620047E8 
4.331999999999781	1.8750004467273277E8 
4.431999999999815	1.8750004392209297E8 
4.531999999999848	1.8750004318406695E8 
4.6319999999998815	1.8750004245844197E8 
4.731999999999915	1.875000417450097E8 
4.831999999999948	1.8750004104356545E8 
4.931999999999982	1.8750004035390702E8 
5.032000000000015	1.8750003967583725E8 
5.1320000000000485	1.8750003900916114E8 
5.232000000000082	1.8750003835368723E8 
5.332000000000115	1.875000377092276E8 
5.432000000000149	1.875000370755962E8 
5.532000000000182	1.8750003645261282E8 
5.6320000000002155	1.8750003584009644E8 
5.732000000000249	1.8750003523787305E8 
5.832000000000282	1.8750003464576828E8 
5.932000000000316	1.8750003406361297E8 
6.032000000000349	1.8750003349123958E8 
6.1320000000003825	1.8750003292848393E8 
6.232000000000416	1.8750003237518463E8 
6.332000000000449	1.8750003183118138E8 
6.432000000000483	1.8750003129631993E8 
6.532000000000516	1.8750003077044556E8 
6.6320000000005495	1.8750003025340757E8 
6.732000000000583	1.8750002974505743E8 
6.832000000000616	1.875000292452493E8 
6.93200000000065	1.8750002875383914E8 
7.032000000000683	1.8750002827068624E8 
7.132000000000716	1.8750002779565153E8 
7.23200000000075	1.8750002732859895E8 
7.332000000000783	1.8750002686939463E8 
7.432000000000817	1.8750002641790652E8 
7.53200000000085	1.875000259740043E8 
7.632000000000883	1.8750002553756103E8 
7.732000000000917	1.8750002510845184E8 
7.83200000000095	1.8750002468655273E8 
7.932000000000984	1.875000242717426E8 
8.032000000000988	1.8750002386390242E8 
8.133000000000932	1.8750002345893985E8 
8.234000000000876	1.8750002306084925E8 
8.33500000000082	1.8750002266951397E8 
8.436000000000764	1.8750002228481996E8 
8.537000000000708	1.875000219066538E8 
8.638000000000652	1.8750002153490517E8 
8.739000000000596	1.8750002116946515E8 
8.84000000000054	1.8750002081022656E8 
8.941000000000484	1.8750002045708457E8 
9.042000000000428	1.875000201099333E8 
9.143000000000372	1.8750001976867443E8 
9.244000000000316	1.8750001943320635E8 
9.34500000000026	1.8750001910343137E8 
9.446000000000204	1.8750001877925232E8 
9.547000000000148	1.8750001846057472E8 
9.648000000000092	1.8750001814730474E8 
9.749000000000036	1.8750001783935085E8 
9.84999999999998	1.87500017536623E8 
9.950999999999924	1.8750001723903236E8 
10.051999999999868	1.8750001694649187E8 
10.152999999999812	1.875000166589155E8 
10.253999999999756	1.875000163762196E8 
10.3549999999997	1.8750001609831926E8 
10.455999999999644	1.875000158251359E8 
10.556999999999588	1.8750001555658838E8 
10.657999999999532	1.8750001529259816E8 
10.758999999999476	1.875000150330877E8 
10.85999999999942	1.8750001477798092E8 
10.960999999999364	1.8750001452720344E8 
11.061999999999308	1.8750001428068206E8 
11.162999999999252	1.875000140383431E8 
11.263999999999196	1.8750001380011708E8 
11.36499999999914	1.875000135659339E8 
11.465999999999084	1.8750001333572423E8 
11.566999999999029	1.875000131094216E8 
11.667999999998973	1.8750001288695922E8 
11.768999999998917	1.8750001266827187E8 
11.86999999999886	1.875000124532965E8 
11.970999999998805	1.875000122419685E8 
12.071999999998749	1.8750001203422478E8 
12.172999999998693	1.8750001183000764E8 
12.273999999998637	1.875000116292562E8 
12.37499999999858	1.8750001143191108E8 
12.475999999998525	1.8750001123791543E8 
12.576999999998469	1.875000110472118E8 
12.677999999998413	1.87500010859744E8 
12.778999999998357	1.8750001067545745E8 
12.8799999999983	1.8750001049429852E8 
12.980999999998245	1.875000103162141E8 
13.081999999998189	1.8750001014115158E8 
13.182999999998133	1.8750000996905923E8 
13.283999999998077	1.8750000979988763E8 
13.384999999998021	1.8750000963358685E8 
13.485999999997965	1.8750000947010824E8 
13.586999999997909	1.875000093094034E8 
13.687999999997853	1.8750000915142608E8 
13.788999999997797	1.8750000899612924E8 
13.889999999997741	1.8750000884346822E8 
13.990999999997685	1.8750000869339773E8 
14.091999999997629	1.875000085458736E8 
14.192999999997573	1.8750000840085375E8 
14.293999999997517	1.8750000825829607E8 
14.394999999997461	1.8750000811815497E8 
14.495999999997405	1.875000079803914E8 
14.59699999999735	1.8750000784496614E8 
14.697999999997293	1.875000077118396E8 
14.798999999997237	1.8750000758097175E8 
14.899999999997181	1.875000074523252E8 
15.000999999997125	1.875000073258615E8 
15.10199999999707	1.8750000720154414E8 
15.202999999997013	1.8750000707933608E8 
15.303999999996957	1.8750000695920208E8 
15.404999999996901	1.8750000684110674E8 
15.505999999996845	1.8750000672501543E8 
15.60699999999679	1.875000066108939E8 
15.707999999996733	1.8750000649870935E8 
15.808999999996677	1.8750000638842854E8 
15.909999999996622	1.8750000628001902E8 
16.010999999996585	1.875000061734495E8 
16.110999999996707	1.875000060697172E8 
16.21099999999683	1.8750000596772647E8 
16.31099999999695	1.875000058674504E8 
16.410999999997074	1.875000057688592E8 
16.510999999997196	1.875000056719246E8 
16.61099999999732	1.8750000557661912E8 
16.71099999999744	1.8750000548291495E8 
16.810999999997563	1.875000053907851E8 
16.910999999997685	1.8750000530020306E8 
17.010999999997807	1.8750000521114364E8 
17.11099999999793	1.875000051235806E8 
17.21099999999805	1.8750000503748873E8 
17.310999999998174	1.8750000495284346E8 
17.410999999998296	1.8750000486962056E8 
17.51099999999842	1.8750000478779623E8 
17.61099999999854	1.8750000470734692E8 
17.710999999998663	1.875000046282491E8 
17.810999999998785	1.8750000455048063E8 
17.910999999998907	1.8750000447401902E8 
18.01099999999903	1.875000043988418E8 
18.11099999999915	1.875000043249285E8 
18.210999999999274	1.87500004252258E8 
18.310999999999396	1.875000041808089E8 
18.410999999999518	1.8750000411055848E8 
18.51099999999964	1.8750000404148823E8 
18.610999999999763	1.8750000397357774E8 
18.710999999999885	1.8750000390680906E8 
18.811000000000007	1.875000038411622E8 
18.91100000000013	1.8750000377661815E8 
19.01100000000025	1.8750000371315876E8 
19.111000000000374	1.875000036507661E8 
19.211000000000496	1.8750000358942187E8 
19.311000000000618	1.87500003529108E8 
19.41100000000074	1.8750000346980795E8 
19.511000000000863	1.8750000341150424E8 
19.611000000000985	1.875000033541803E8 
19.711000000001107	1.875000032978196E8 
19.81100000000123	1.8750000324240604E8 
19.91100000000135	1.875000031879234E8 
20.011000000001474	1.8750000313435635E8 
20.111000000001596	1.875000030816895E8 
20.211000000001718	1.8750000302990776E8 
20.31100000000184	1.8750000297899577E8 
20.411000000001962	1.875000029289394E8 
20.511000000002085	1.875000028797242E8 
20.611000000002207	1.875000028313359E8 
20.71100000000233	1.875000027837612E8 
20.81100000000245	1.8750000273698518E8 
20.911000000002574	1.8750000269099575E8 
21.011000000002696	1.8750000264577833E8 
21.111000000002818	1.8750000260132095E8 
21.21100000000294	1.875000025576108E8 
21.311000000003062	1.8750000251463515E8 
21.411000000003185	1.875000024723816E8 
21.511000000003307	1.8750000243083814E8 
21.61100000000343	1.8750000238999236E8 
21.71100000000355	1.8750000234983325E8 
21.811000000003673	1.875000023103489E8 
21.911000000003796	1.8750000227152818E8 
22.011000000003918	1.8750000223335963E8 
22.11100000000404	1.8750000219583228E8 
22.211000000004162	1.87500002158936E8 
22.311000000004285	1.8750000212265986E8 
22.411000000004407	1.875000020869932E8 
22.51100000000453	1.8750000205192465E8 
22.61100000000465	1.8750000201744625E8 
22.711000000004773	1.8750000198354647E8 
22.811000000004896	1.8750000195021683E8 
22.911000000005018	1.8750000191744694E8 
23.01100000000514	1.875000018852275E8 
23.111000000005262	1.875000018535497E8 
23.211000000005384	1.8750000182240438E8 
23.311000000005507	1.8750000179178232E8 
23.41100000000563	1.8750000176167476E8 
23.51100000000575	1.8750000173207322E8 
23.611000000005873	1.8750000170296898E8 
23.711000000005996	1.875000016743541E8 
23.811000000006118	1.8750000164621964E8 
23.91100000000624	1.8750000161855814E8 
24.011000000006362	1.8750000159136114E8 
24.111000000006484	1.8750000156462136E8 
24.211000000006607	1.8750000153833106E8 
24.31100000000673	1.8750000151248246E8 
24.41100000000685	1.8750000148706824E8 
24.511000000006973	1.875000014620809E8 
24.611000000007095	1.8750000143751386E8 
24.711000000007218	1.8750000141335955E8 
24.81100000000734	1.8750000138961124E8 
24.911000000007462	1.8750000136626163E8 
25.011000000007584	1.87500001343304E8 
25.111000000007706	1.875000013207322E8 
25.21100000000783	1.875000012985398E8 
25.31100000000795	1.8750000127672032E8 
25.411000000008073	1.8750000125526738E8 
25.511000000008195	1.8750000123417494E8 
25.611000000008318	1.8750000121343714E8 
25.71100000000844	1.8750000119304773E8 
25.811000000008562	1.8750000117300078E8 
25.911000000008684	1.875000011532909E8 
26.011000000008806	1.8750000113391224E8 
26.11100000000893	1.8750000111485907E8 
26.21100000000905	1.8750000109612602E8 
26.311000000009173	1.8750000107770798E8 
26.411000000009295	1.875000010595994E8 
26.511000000009417	1.8750000104179528E8 
26.61100000000954	1.875000010242897E8 
26.711000000009662	1.8750000100707856E8 
26.811000000009784	1.8750000099015647E8 
26.911000000009906	1.8750000097351894E8 
27.01100000001003	1.875000009571608E8 
27.11100000001015	1.8750000094107753E8 
27.211000000010273	1.8750000092526484E8 
27.311000000010395	1.8750000090971768E8 
27.411000000010517	1.875000008944318E8 
27.51100000001064	1.8750000087940273E8 
27.611000000010762	1.8750000086462632E8 
27.711000000010884	1.8750000085009813E8 
27.811000000011006	1.8750000083581415E8 
27.91100000001113	1.8750000082176968E8 
28.01100000001125	1.875000008079616E8 
28.111000000011373	1.8750000079438534E8 
28.211000000011495	1.8750000078103724E8 
28.311000000011617	1.8750000076791355E8 
28.41100000001174	1.8750000075501022E8 
28.51100000001186	1.8750000074232394E8 
28.611000000011984	1.875000007298508E8 
28.711000000012106	1.8750000071758726E8 
28.81100000001223	1.8750000070552996E8 
28.91100000001235	1.875000006936751E8 
29.011000000012473	1.875000006820195E8 
29.111000000012595	1.875000006705596E8 
29.211000000012717	1.875000006592923E8 
29.31100000001284	1.8750000064821464E8 
29.41100000001296	1.8750000063732287E8 
29.511000000013084	1.8750000062661415E8 
29.611000000013206	1.8750000061608535E8 
29.71100000001333	1.8750000060573378E8 
29.81100000001345	1.8750000059555605E8 
29.911000000013573	1.8750000058554915E8 
30.011000000013695	1.8750000057571027E8 
30.111000000013817	1.8750000056603676E8 
30.21100000001394	1.8750000055652574E8 
30.31100000001406	1.875000005471744E8 
30.411000000014184	1.875000005379804E8 
30.511000000014306	1.875000005289407E8 
30.61100000001443	1.875000005200532E8 
30.71100000001455	1.8750000051131448E8 
30.811000000014673	1.8750000050272313E8 
30.911000000014795	1.8750000049427602E8 
31.011000000014917	1.87500000485971E8 
31.11100000001504	1.875000004778054E8 
31.21100000001516	1.8750000046977702E8 
31.311000000015284	1.875000004618837E8 
31.411000000015406	1.8750000045412287E8 
31.511000000015528	1.8750000044649258E8 
31.61100000001565	1.8750000043899068E8 
31.711000000015773	1.8750000043161455E8 
31.811000000015895	1.8750000042436266E8 
31.911000000016017	1.8750000041723266E8 
32.0110000000161	1.875000004102223E8 
32.11200000001586	1.875000004032615E8 
32.213000000015626	1.8750000039641878E8 
32.31400000001539	1.875000003896924E8 
32.415000000015155	1.8750000038307974E8 
32.51600000001492	1.875000003765796E8 
32.617000000014684	1.8750000037018976E8 
32.71800000001445	1.8750000036390835E8 
32.81900000001421	1.8750000035773358E8 
32.92000000001398	1.8750000035166353E8 
33.02100000001374	1.875000003456964E8 
33.12200000001351	1.8750000033983073E8 
33.22300000001327	1.8750000033406454E8 
33.32400000001304	1.8750000032839617E8 
33.4250000000128	1.8750000032282403E8 
33.526000000012566	1.8750000031734607E8 
33.62700000001233	1.8750000031196138E8 
33.728000000012095	1.8750000030666813E8 
33.82900000001186	1.875000003014647E8 
33.930000000011624	1.8750000029634914E8 
34.03100000001139	1.8750000029132062E8 
34.13200000001115	1.8750000028637737E8 
34.23300000001092	1.8750000028151792E8 
34.33400000001068	1.8750000027674136E8 
34.43500000001045	1.8750000027204537E8 
34.53600000001021	1.875000002674289E8 
34.63700000000998	1.8750000026289126E8 
34.73800000000974	1.875000002584304E8 
34.839000000009506	1.8750000025404498E8 
34.94000000000927	1.8750000024973443E8 
35.041000000009035	1.8750000024549696E8 
35.1420000000088	1.8750000024133137E8 
35.243000000008564	1.875000002372367E8 
35.34400000000833	1.8750000023321152E8 
35.44500000000809	1.8750000022925428E8 
35.54600000000786	1.8750000022536474E8 
35.64700000000762	1.8750000022154102E8 
35.74800000000739	1.8750000021778223E8 
35.84900000000715	1.8750000021408755E8 
35.950000000006916	1.875000002104552E8 
36.05100000000668	1.875000002068847E8 
36.152000000006446	1.87500000203375E8 
36.25300000000621	1.8750000019992462E8 
36.354000000005975	1.8750000019653335E8 
36.45500000000574	1.875000001931993E8 
36.556000000005504	1.8750000018992156E8 
36.65700000000527	1.8750000018670014E8 
36.75800000000503	1.8750000018353307E8 
36.8590000000048	1.8750000018042E8 
36.96000000000456	1.8750000017735937E8 
37.06100000000433	1.87500000174351E8 
37.16200000000409	1.8750000017139402E8 
37.263000000003856	1.8750000016848692E8 
37.36400000000362	1.8750000016562927E8 
37.465000000003386	1.8750000016281995E8 
37.56600000000315	1.8750000016005856E8 
37.667000000002915	1.8750000015734392E8 
37.76800000000268	1.8750000015467528E8 
37.869000000002444	1.8750000015205213E8 
37.97000000000221	1.8750000014947388E8 
38.07100000000197	1.8750000014693895E8 
38.17200000000174	1.8750000014444765E8 
38.2730000000015	1.8750000014199796E8 
38.37400000000127	1.875000001395906E8 
38.47500000000103	1.875000001372233E8 
38.576000000000796	1.8750000013489676E8 
38.67700000000056	1.8750000013260984E8 
38.778000000000326	1.875000001303614E8 
38.87900000000009	1.87500000128151E8 
38.979999999999855	1.8750000012597823E8 
39.08099999999962	1.875000001238424E8 
39.181999999999384	1.8750000012174302E8 
39.28299999999915	1.875000001196795E8 
39.38399999999891	1.8750000011765087E8 
39.48499999999868	1.8750000011565682E8 
39.58599999999844	1.875000001136966E8 
39.68699999999821	1.8750000011176932E8 
39.78799999999797	1.8750000010987526E8 
39.888999999997736	1.8750000010801318E8 
39.9899999999975	1.8750000010618225E8 
40.090999999997265	1.875000001043835E8 
40.19199999999703	1.8750000010261425E8 
40.292999999996795	1.8750000010087553E8 
40.39399999999656	1.875000000991657E8 
40.494999999996324	1.875000000974857E8 
40.59599999999609	1.8750000009583387E8 
40.69699999999585	1.8750000009420952E8 
40.79799999999562	1.8750000009261385E8 
40.89899999999538	1.8750000009104514E8 
40.99999999999515	1.8750000008950233E8 
41.10099999999491	1.875000000879863E8 
41.201999999994676	1.875000000864958E8 
41.30299999999444	1.875000000850307E8 
41.403999999994205	1.8750000008359095E8 
41.50499999999397	1.8750000008217555E8 
41.605999999993735	1.875000000807837E8 
41.7069999999935	1.8750000007941592E8 
41.807999999993264	1.875000000780711E8 
41.90899999999303	1.8750000007674995E8 
42.00999999999279	1.875000000754501E8 
42.11099999999256	1.8750000007417324E8 
42.21199999999232	1.8750000007291698E8 
42.31299999999209	1.8750000007168236E8 
42.41399999999185	1.875000000704691E8 
42.514999999991616	1.8750000006927678E8 
42.61599999999138	1.8750000006810376E8 
42.716999999991145	1.875000000669513E8 
42.81799999999091	1.87500000065818E8 
42.918999999990675	1.875000000647038E8 
43.01999999999044	1.8750000006360894E8 
43.120999999990204	1.8750000006253147E8 
43.22199999998997	1.8750000006147414E8 
43.32299999998973	1.875000000604332E8 
43.4239999999895	1.8750000005941173E8 
43.52499999998926	1.8750000005840635E8 
43.62599999998903	1.875000000574189E8 
43.72699999998879	1.875000000564478E8 
43.827999999988556	1.8750000005549258E8 
43.92899999998832	1.8750000005455515E8 
44.029999999988085	1.8750000005363324E8 
44.13099999998785	1.8750000005272567E8 
44.231999999987615	1.8750000005183503E8 
44.33299999998738	1.8750000005095962E8 
44.433999999987144	1.875000000500982E8 
44.53499999998691	1.8750000004925105E8 
44.63599999998667	1.8750000004841906E8 
44.73699999998644	1.875000000476016E8 
44.8379999999862	1.875000000467978E8 
44.93899999998597	1.8750000004600772E8 
45.03999999998573	1.875000000452303E8 
45.140999999985496	1.8750000004446658E8 
45.24199999998526	1.8750000004371557E8 
45.342999999985025	1.875000000429774E8 
45.44399999998479	1.8750000004225132E8 
45.544999999984555	1.8750000004153827E8 
45.64599999998432	1.8750000004083663E8 
45.746999999984084	1.8750000004014733E8 
45.84799999998385	1.8750000003946948E8 
45.94899999998361	1.875000000388035E8 
46.04999999998338	1.8750000003814816E8 
46.15099999998314	1.8750000003750435E8 
46.25199999998291	1.8750000003687128E8 
46.35299999998267	1.875000000362487E8 
46.453999999982436	1.8750000003563634E8 
46.5549999999822	1.8750000003503415E8 
46.655999999981965	1.875000000344431E8 
46.75699999998173	1.875000000338627E8 
46.857999999981494	1.875000000332916E8 
46.95899999998126	1.875000000327298E8 
47.059999999981024	1.8750000003217685E8 
47.16099999998079	1.8750000003163418E8 
47.26199999998055	1.875000000311018E8 
47.36299999998032	1.8750000003057733E8 
47.46399999998008	1.8750000003006127E8 
47.56499999997985	1.8750000002955478E8 
47.66599999997961	1.8750000002905807E8 
47.766999999979376	1.8750000002856827E8 
47.86799999997914	1.8750000002808592E8 
47.968999999978905	1.875000000276151E8 
48.06999999997867	1.8750000002715036E8 
48.170999999978434	1.8750000002669212E8 
48.2719999999782	1.875000000262452E8 
48.372999999977964	1.8750000002580363E8 
48.47399999997773	1.875000000253695E8 
48.57499999997749	1.875000000249447E8 
48.67599999997726	1.8750000002452376E8 
48.77699999997702	1.8750000002411374E8 
48.87799999997679	1.8750000002370825E8 
48.97899999997655	1.8750000002331027E8 
49.079999999976316	1.8750000002292034E8 
49.18099999997608	1.875000000225344E8 
49.281999999975845	1.875000000221584E8 
49.38299999997561	1.8750000002178454E8 
49.483999999975374	1.875000000214217E8 
49.58499999997514	1.8750000002106038E8 
49.685999999974904	1.8750000002070984E8 
49.78699999997467	1.8750000002036032E8 
49.88799999997443	1.8750000002002132E8 
49.9889999999742	1.8750000001968318E8 
50.08999999997396	1.8749577128056023E8 
50.19099999997373	1.8748097690408286E8 
50.29199999997349	1.8745571987924808E8 
50.392999999973256	1.8742017975951555E8 
50.49399999997302	1.8737453054227108E8 
50.594999999972785	1.8731894389546302E8 
50.69599999997255	1.872535884268119E8 
50.796999999972314	1.8717862991585332E8 
50.89799999997208	1.8709423132185298E8 
50.99899999997184	1.8700055284012714E8 
51.09999999997161	1.8689775194726798E8 
51.20099999997137	1.867859834475854E8 
51.30199999997114	1.8666539951840433E8 
51.4029999999709	1.8653614975465223E8 
51.50399999997067	1.8639838121268007E8 
51.60499999997043	1.8625223845334065E8 
51.705999999970196	1.8609786358433673E8 
51.80699999996996	1.8593539630185142E8 
51.907999999969725	1.857649739314684E8 
52.00899999996949	1.8558673146840245E8 
52.109999999969254	1.8540080161704305E8 
52.21099999996902	1.852073148298312E8 
52.31199999996878	1.850063993454725E8 
52.41299999996855	1.8479818122650436E8 
52.51399999996831	1.845827843962242E8 
52.61499999996808	1.8436033067499188E8 
52.71599999996784	1.8413093981591722E8 
52.81699999996761	1.838947295399373E8 
52.91799999996737	1.8365181557030508E8 
53.018999999967136	1.8340231166648802E8 
53.1199999999669	1.8314632965749338E8 
53.220999999966665	1.82883979474626E8 
53.32199999996643	1.826153691836938E8 
53.422999999966194	1.823406050166622E8 
53.52399999996596	1.820597914027771E8 
53.62499999996572	1.8177303099915376E8 
53.72599999996549	1.8148042472084996E8 
53.82699999996525	1.811820717704281E8 
53.92799999996502	1.8087806966701666E8 
54.02899999996478	1.8056851427487552E8 
54.12999999996455	1.80253499831481E8 
54.23099999996431	1.7993311897513014E8 
54.331999999964076	1.796074627720771E8 
54.43299999996384	1.792766207432151E8 
54.533999999963605	1.7894068089029434E8 
54.63499999996337	1.785997297217057E8 
54.735999999963134	1.7825385227782145E8 
54.8369999999629	1.7790313215590575E8 
54.93799999996266	1.77547651534606E8 
55.03899999996243	1.77187491198024E8 
55.13999999996219	1.768227305593836E8 
55.24099999996196	1.7645344768429032E8 
55.34199999996172	1.7607971931360427E8 
55.442999999961486	1.7570162088591635E8 
55.54399999996125	1.753192265596517E8 
55.644999999961016	1.7493260923479006E8 
55.74599999996078	1.7454184057422277E8 
55.846999999960545	1.741469910247457E8 
55.94799999996031	1.7374812983769694E8 
56.048999999960074	1.7334532508923948E8 
56.14999999995984	1.7293864370030904E8 
56.2509999999596	1.7252815145621398E8 
56.35199999995937	1.72113913025908E8 
56.45299999995913	1.716959919809338E8 
56.5539999999589	1.712744508140464E8 
56.65499999995866	1.7084935095751825E8 
56.755999999958426	1.7042075280113858E8 
56.85699999995819	1.699887157098991E8 
56.957999999957956	1.6955329804138973E8 
57.05899999995772	1.6911455716288954E8 
57.159999999957485	1.686725494681755E8 
57.26099999995725	1.6822733039403918E8 
57.361999999957014	1.677789544365287E8 
57.46299999995678	1.673274751669123E8 
57.56399999995654	1.6687294524737206E8 
57.66499999995631	1.6641541644642898E8 
57.76599999995607	1.6595493965411064E8 
57.86699999995584	1.6549156489685705E8 
57.9679999999556	1.6502534135217586E8 
58.068999999955366	1.6455631736304963E8 
58.16999999995513	1.640845404520944E8 
58.270999999954896	1.6361005733548537E8 
58.37199999995466	1.631329139366387E8 
58.472999999954425	1.626531553996646E8 
58.57399999995419	1.6217082610259482E8 
58.674999999953954	1.616859696703777E8 
58.77599999995372	1.6119862898766354E8 
58.87699999995348	1.6070884621136138E8 
58.97799999995325	1.6021666278299358E8 
59.07899999995301	1.5972211944083294E8 
59.17999999995278	1.592252562318371E8 
59.28099999995254	1.587261125233797E8 
59.381999999952306	1.5822472701478413E8 
59.48299999995207	1.5772113774865773E8 
59.583999999951835	1.5721538212203878E8 
59.6849999999516	1.567074968973487E8 
59.785999999951365	1.5619751821316367E8 
59.88699999995113	1.5568548159479994E8 
59.987999999950894	1.5517142196472055E8 
60.08899999995066	1.5465950879174098E8 
60.18999999995042	1.5415619545956352E8 
60.29099999995019	1.5366142477852097E8 
60.39199999994995	1.531750497856415E8 
60.49299999994972	1.526969285143851E8 
60.59399999994948	1.5222692078047234E8 
60.694999999949246	1.517648889275633E8 
60.79599999994901	1.5131069760157457E8 
60.896999999948775	1.508642137525895E8 
60.99799999994854	1.5042530658703163E8 
61.098999999948305	1.499938475311267E8 
61.19999999994807	1.495697101929077E8 
61.300999999947834	1.4915277032524398E8 
61.4019999999476	1.487429057894372E8 
61.50299999994736	1.4833999651944262E8 
61.60399999994713	1.4794392448669666E8 
61.70499999994689	1.4755457366554067E8 
61.80599999994666	1.471718299992341E8 
61.90699999994642	1.467955813665416E8 
62.007999999946186	1.464257175488867E8 
62.10899999994595	1.460621301980678E8 
62.209999999945715	1.457047128045148E8 
62.31099999994548	1.45353360666091E8 
62.411999999945245	1.450079708574202E8 
62.51299999994501	1.4466844219973502E8 
62.613999999944774	1.4433467523123938E8 
62.71499999994454	1.4400657217797E8 
62.8159999999443	1.4368403692515647E8 
62.91699999994407	1.433669749890638E8 
63.01799999994383	1.4305529348931465E8 
63.1189999999436	1.427489011216811E8 
63.21999999994336	1.4244770813133875E8 
63.320999999943126	1.421516262865719E8 
63.42199999994289	1.4186056885292706E8 
63.522999999942655	1.4157445056780759E8 
63.62399999994242	1.412931876154945E8 
63.724999999942185	1.4101669760259286E8 
63.82599999994195	1.4074489953389725E8 
63.926999999941714	1.4047771378866482E8 
64.02799999994167	1.4021506209728903E8 
64.12799999994215	1.3995940230088294E8 
64.22799999994263	1.3970803837465307E8 
64.3279999999431	1.3946089813478085E8 
64.42799999994358	1.392179106103556E8 
64.52799999994406	1.3897900602299863E8 
64.62799999994454	1.3874411576682055E8 
64.72799999994501	1.38513172388722E8 
64.82799999994549	1.3828610956902325E8 
64.92799999994597	1.3806286210241914E8 
65.02799999994645	1.378433658792534E8 
65.12799999994692	1.3762755786710995E8 
65.2279999999474	1.3741537609270975E8 
65.32799999994788	1.372067596241161E8 
65.42799999994836	1.3700164855323637E8 
65.52799999994883	1.3679998397861657E8 
65.62799999994931	1.3660170798853E8 
65.72799999994979	1.3640676364434358E8 
65.82799999995026	1.362150949641682E8 
65.92799999995074	1.360266469067841E8 
66.02799999995122	1.3584136535583124E8 
66.1279999999517	1.3565919710427138E8 
66.22799999995217	1.3548008983910835E8 
66.32799999995265	1.3530399212636474E8 
66.42799999995313	1.3513085339631197E8 
66.52799999995361	1.3496062392894852E8 
66.62799999995408	1.3479325483972192E8 
66.72799999995456	1.346286980654888E8 
66.82799999995504	1.3446690635071698E8 
66.92799999995552	1.343078332339105E8 
67.027999999956	1.341514330342696E8 
67.12799999995647	1.3399766083857279E8 
67.22799999995695	1.3384647248827793E8 
67.32799999995743	1.3369782456684288E8 
67.4279999999579	1.3355167438725638E8 
67.52799999995838	1.3340797997978044E8 
67.62799999995886	1.3326670007989782E8 
67.72799999995934	1.3312779411646079E8 
67.82799999995981	1.3299122220004253E8 
67.92799999996029	1.3285694511148131E8 
68.02799999996077	1.3272492429061764E8 
68.12799999996125	1.3259512182522112E8 
68.22799999996172	1.3246750044010267E8 
68.3279999999622	1.3234202348641175E8 
68.42799999996268	1.3221865493111186E8 
68.52799999996316	1.3209735934663019E8 
68.62799999996363	1.3197810190068749E8 
68.72799999996411	1.3186084834629416E8 
68.82799999996459	1.3174556501191308E8 
68.92799999996507	1.3163221879179522E8 
69.02799999996554	1.3152077713646758E8 
69.12799999996602	1.3141120804338966E8 
69.2279999999665	1.3130348004776227E8 
69.32799999996698	1.3119756221349028E8 
69.42799999996745	1.3109342412430038E8 
69.52799999996793	1.3099103587500665E8 
69.62799999996841	1.3089036806292269E8 
69.72799999996889	1.307913917794148E8 
69.82799999996936	1.3069407860160686E8 
69.92799999996984	1.3059840058421221E8 
70.02799999997032	1.3050433025151098E8 
70.1279999999708	1.3041184058946045E8 
70.22799999997127	1.303209050379371E8 
70.32799999997175	1.3023149748310766E8 
70.42799999997223	1.3014359224993244E8 
70.5279999999727	1.3005716409479289E8 
70.62799999997318	1.2997218819823696E8 
70.72799999997366	1.2988864015785953E8 
70.82799999997414	1.298064959812881E8 
70.92799999997462	1.2972573207929817E8 
71.0279999999751	1.2964632525903419E8 
71.12799999997557	1.2956825271735355E8 
71.22799999997605	1.294914920342761E8 
71.32799999997653	1.2941602116654657E8 
71.427999999977	1.2934181844130345E8 
71.52799999997748	1.2926886254985574E8 
71.62799999997796	1.2919713254156485E8 
71.72799999997844	1.2912660781782712E8 
71.82799999997891	1.290572681261581E8 
71.92799999997939	1.2898909355437708E8 
72.02799999997987	1.2892206452489048E8 
72.12799999998035	1.2885616178906824E8 
72.22799999998082	1.2879136642171463E8 
72.3279999999813	1.2872765981563714E8 
72.42799999998178	1.2866502367630056E8 
72.52799999998226	1.2860344001657465E8 
72.62799999998273	1.2854289115156795E8 
72.72799999998321	1.2848335969354889E8 
72.82799999998369	1.2842482854695424E8 
72.92799999998417	1.2836728090347831E8 
73.02799999998464	1.2831070023724625E8 
73.12799999998512	1.2825507030006918E8 
73.2279999999856	1.282003751167776E8 
73.32799999998608	1.2814659898063388E8 
73.42799999998655	1.28093726448822E8 
73.52799999998703	1.2804174233801213E8 
73.62799999998751	1.2799063172000189E8 
73.72799999998799	1.2794037991742793E8 
73.82799999998846	1.2789097249955218E8 
73.92799999998894	1.278423952781172E8 
74.02799999998942	1.2779463430327116E8 
74.1279999999899	1.2774767585956323E8 
74.22799999999037	1.2770150646200489E8 
74.32799999999085	1.2765611285219574E8 
74.42799999999133	1.2761148199451786E8 
74.5279999999918	1.2756760107239214E8 
74.62799999999228	1.2752445748459533E8 
74.72799999999276	1.274820388416469E8 
74.82799999999324	1.2744033296224438E8 
74.92799999999372	1.2739932786977074E8 
75.0279999999942	1.2735901178885165E8 
75.12799999999467	1.2731937314197634E8 
75.22799999999515	1.2728040054617108E8 
75.32799999999563	1.2724208280973153E8 
75.4279999999961	1.272044089290075E8 
75.52799999999658	1.2716736808524439E8 
75.62799999999706	1.2713094964147687E8 
75.72799999999754	1.2709514313947201E8 
75.82799999999801	1.2705993829672799E8 
75.92799999999849	1.2702532500351964E8 
76.02799999999897	1.2699129331999801E8 
76.12799999999945	1.2695783347333275E8 
76.22799999999992	1.2692493585490745E8 
76.3280000000004	1.268925910175606E8 
76.42800000000088	1.2686078967287132E8 
76.52800000000136	1.268295226884923E8 
76.62800000000183	1.2679878108552867E8 
76.72800000000231	1.2676855603595844E8 
76.82800000000279	1.2673883886009704E8 
76.92800000000327	1.2670962102410594E8 
77.02800000000374	1.2668089413754039E8 
77.12800000000422	1.2665264995094179E8 
77.2280000000047	1.266248803534672E8 
77.32800000000518	1.2659757737056173E8 
77.42800000000565	1.26570733161666E8 
77.52800000000613	1.265443400179672E8 
77.62800000000661	1.2651839036018386E8 
77.72800000000709	1.2649287673639004E8 
77.82800000000756	1.2646779181987436E8 
77.92800000000804	1.2644312840703806E8 
78.02800000000852	1.2641887941532376E8 
78.128000000009	1.2639503788118285E8 
78.22800000000947	1.2637159695807643E8 
78.32800000000995	1.263485499145081E8 
78.42800000001043	1.2632589013209112E8 
78.5280000000109	1.2630361110364804E8 
78.62800000001138	1.2628170643134263E8 
78.72800000001186	1.2626016982484114E8 
78.82800000001234	1.2623899509950648E8 
78.92800000001282	1.2621817617462397E8 
79.0280000000133	1.2619770707165198E8 
79.12800000001377	1.2617758191250831E8 
79.22800000001425	1.261577949178792E8 
79.32800000001473	1.2613834040556131E8 
79.4280000000152	1.261192127888307E8 
79.52800000001568	1.2610040657483709E8 
79.62800000001616	1.2608191636302662E8 
79.72800000001664	1.2606373684359157E8 
79.82800000001711	1.2604586279594564E8 
79.92800000001759	1.26028289087224E8 
80.02800000001807	1.2601101067080972E8 
80.12800000001855	1.2599402258488482E8 
80.22800000001902	1.2597731995100477E8 
80.3280000000195	1.2596089797269759E8 
80.42800000001998	1.2594475193408859E8 
80.52800000002046	1.2592887719854185E8 
80.62800000002093	1.2591326920733231E8 
80.72800000002141	1.2589792347833547E8 
80.82800000002189	1.2588283560474074E8 
80.92800000002237	1.2586800125378492E8 
81.02800000002284	1.2585341616550806E8 
81.12800000002332	1.2583907615153173E8 
81.2280000000238	1.2582497709385476E8 
81.32800000002428	1.2581111494367044E8 
81.42800000002475	1.2579748572020498E8 
81.52800000002523	1.2578408550957438E8 
81.62800000002571	1.2577091046365856E8 
81.72800000002619	1.2575795679899883E8 
81.82800000002666	1.257452207957094E8 
81.92800000002714	1.2573269879641138E8 
82.02800000002762	1.2572038720517874E8 
82.1280000000281	1.2570828248651108E8 
82.22800000002857	1.2569638116431148E8 
82.32800000002905	1.2568467982089603E8 
82.42800000002953	1.2567317509600621E8 
82.52800000003	1.2566186368584646E8 
82.62800000003048	1.2565074234213513E8 
82.72800000003096	1.2563980787117183E8 
82.82800000003144	1.2562905713292098E8 
82.92800000003191	1.2561848704010749E8 
83.02800000003239	1.2560809455733293E8 
83.12800000003287	1.2559787670020366E8 
83.22800000003335	1.2558783053447168E8 
83.32800000003382	1.2557795317519435E8 
83.4280000000343	1.255682417859039E8 
83.52800000003478	1.2555869357779518E8 
83.62800000003526	1.2554930580892283E8 
83.72800000003573	1.2554007578341427E8 
83.82800000003621	1.2553100085069633E8 
83.92800000003669	1.2552207840473372E8 
84.02800000003717	1.2551330588328034E8 
84.12800000003764	1.2550468076714364E8 
84.22800000003812	1.2549620057946199E8 
84.3280000000386	1.2548786288499084E8 
84.42800000003908	1.2547966528940731E8 
84.52800000003955	1.2547160543861909E8 
84.62800000004003	1.2546368101809096E8 
84.72800000004051	1.2545588975217803E8 
84.82800000004099	1.2544822940347332E8 
84.92800000004146	1.2544069777216572E8 
85.02800000004194	1.2543329269540784E8 
85.12800000004242	1.2542601204669414E8 
85.2280000000429	1.2541885373525077E8 
85.32800000004337	1.2541181570543589E8 
85.42800000004385	1.2540489593614829E8 
85.52800000004433	1.2539809244024765E8 
85.6280000000448	1.2539140326398483E8 
85.72800000004528	1.2538482648643713E8 
85.82800000004576	1.2537836021896206E8 
85.92800000004624	1.2537200260465015E8 
86.02800000004672	1.2536575181779414E8 
86.1280000000472	1.253596060633651E8 
86.22800000004767	1.2535356357649502E8 
86.32800000004815	1.253476226219719E8 
86.42800000004863	1.2534178149374048E8 
86.5280000000491	1.2533603851441224E8 
86.62800000004958	1.2533039203478312E8 
86.72800000005006	1.2532484043336324E8 
86.82800000005054	1.2531938211590564E8 
86.92800000005101	1.2531401551495433E8 
87.02800000005149	1.2530873908938977E8 
87.12800000005197	1.253035513239876E8 
87.22800000005245	1.2529845072898567E8 
87.32800000005292	1.2529343583965302E8 
87.4280000000534	1.2528850521587045E8 
87.52800000005388	1.252836574417192E8 
87.62800000005436	1.252788911250694E8 
87.72800000005483	1.252742048971859E8 
87.82800000005531	1.2526959741233027E8 
87.92800000005579	1.252650673473785E8 
88.02800000005627	1.2526061340143818E8 
88.12800000005674	1.2525623429547533E8 
88.22800000005722	1.2525192877194878E8 
88.3280000000577	1.2524769559444754E8 
88.42800000005818	1.252435335473368E8 
88.52800000005865	1.2523944143540697E8 
88.62800000005913	1.2523541808353102E8 
88.72800000005961	1.252314623363295E8 
88.82800000006009	1.2522757305783708E8 
88.92800000006056	1.2522374913117386E8 
89.02800000006104	1.2521998945822915E8 
89.12800000006152	1.2521629295934223E8 
89.228000000062	1.2521265857299574E8 
89.32800000006247	1.2520908525550734E8 
89.42800000006295	1.2520557198073278E8 
89.52800000006343	1.2520211773977065E8 
89.6280000000639	1.2519872154067078E8 
89.72800000006438	1.2519538240815158E8 
89.82800000006486	1.251920993833198E8 
89.92800000006534	1.2518887152339251E8 
90.02800000006582	1.2518569790143092E8 
90.1280000000663	1.2518257760607043E8 
90.22800000006677	1.2517950974126025E8 
90.32800000006725	1.2517649342600569E8 
90.42800000006773	1.2517352779411586E8 
90.5280000000682	1.2517061199395487E8 
90.62800000006868	1.2516774518819627E8 
90.72800000006916	1.2516492655358355E8 
90.82800000006964	1.2516215528069377E8 
90.92800000007011	1.251594305737038E8 
91.02800000007059	1.2515675165016386E8 
91.12800000007107	1.251541177407713E8 
91.22800000007155	1.2515152808915012E8 
91.32800000007202	1.2514898195163338E8 
91.4280000000725	1.2514647859705117E8 
91.52800000007298	1.2514401730651829E8 
91.62800000007346	1.2514159737322904E8 
91.72800000007393	1.2513921810225534E8 
91.82800000007441	1.251368788103448E8 
91.92800000007489	1.2513457882572675E8 
92.02800000007537	1.2513231748791823E8 
92.12800000007584	1.2513009414753309E8 
92.22800000007632	1.2512790816609818E8 
92.3280000000768	1.2512575891586828E8 
92.42800000007728	1.2512364577964734E8 
92.52800000007775	1.251215681506075E8 
92.62800000007823	1.2511952543212023E8 
92.72800000007871	1.2511751703758012E8 
92.82800000007919	1.251155423902399E8 
92.92800000007966	1.251136009230425E8 
93.02800000008014	1.2511169207846016E8 
93.12800000008062	1.2510981530833256E8 
93.2280000000811	1.2510797007370941E8 
93.32800000008157	1.251061558446987E8 
93.42800000008205	1.2510437210030948E8 
93.52800000008253	1.2510261832830733E8 
93.628000000083	1.2510089402506396E8 
93.72800000008348	1.2509919869541392E8 
93.82800000008396	1.2509753185251042E8 
93.92800000008444	1.2509589301769E8 
94.02800000008492	1.2509428172033094E8 
94.1280000000854	1.2509269749771819E8 
94.22800000008587	1.2509113989491343E8 
94.32800000008635	1.2508960846462235E8 
94.42800000008683	1.2508810276706593E8 
94.5280000000873	1.250866223698552E8 
94.62800000008778	1.250851668478663E8 
94.72800000008826	1.2508373578311974E8 
94.82800000008874	1.2508232876465821E8 
94.92800000008921	1.2508094538843022E8 
95.02800000008969	1.2507958525717393E8 
95.12800000009017	1.2507824798030221E8 
95.22800000009065	1.2507693317379117E8 
95.32800000009112	1.2507564046006963E8 
95.4280000000916	1.2507436946791086E8 
95.52800000009208	1.250731198323257E8 
95.62800000009256	1.2507189119445899E8 
95.72800000009303	1.2507068320148319E8 
95.82800000009351	1.2506949550650164E8 
95.92800000009399	1.2506832776844493E8 
96.02800000009447	1.2506717965197611E8 
96.12800000009494	1.2506605082739198E8 
96.22800000009542	1.2506494097052908E8 
96.3280000000959	1.2506384976267216E8 
96.42800000009638	1.2506277689046043E8 
96.52800000009685	1.2506172204579848E8 
96.62800000009733	1.2506068492576823E8 
96.72800000009781	1.2505966523254168E8 
96.82800000009829	1.2505866267329437E8 
96.92800000009876	1.2505767696012294E8 
97.02800000009924	1.2505670780996196E8 
97.12800000009972	1.2505575494450164E8 
97.2280000001002	1.2505481809010935E8 
97.32800000010067	1.2505389697774929E8 
97.42800000010115	1.2505299134290734E8 
97.52800000010163	1.2505210092551325E8 
97.6280000001021	1.2505122546986791E8 
97.72800000010258	1.2505036472456686E8 
97.82800000010306	1.2504951844243246E8 
97.92800000010354	1.2504868638043803E8 
98.02800000010402	1.2504786829964232E8 
98.12800000010449	1.2504706396511719E8 
98.22800000010497	1.2504627314588475E8 
98.32800000010545	1.250454956148444E8 
98.42800000010592	1.2504473114871511E8 
98.5280000001064	1.2504397952796598E8 
98.62800000010688	1.2504324053675464E8 
98.72800000010736	1.2504251396286687E8 
98.82800000010783	1.2504179959765244E8 
98.92800000010831	1.2504109723596969E8 
99.02800000010879	1.2504040667612082E8 
99.12800000010927	1.2503972771979985E8 
99.22800000010974	1.250390601720307E8 
99.32800000011022	1.250384038411159E8 
99.4280000001107	1.2503775853857712E8 
99.52800000011118	1.2503712407910368E8 
99.62800000011165	1.2503650028049906E8 
99.72800000011213	1.250358869636277E8 
99.82800000011261	1.2503528395236465E8 
99.92800000011309	1.2503469107354373E8 
