0.001	1.8750000000000006E8 
0.10100000000000008	1.8750000000000006E8 
0.20100000000000015	1.8750000000000006E8 
0.3010000000000002	1.8750000000000006E8 
0.4010000000000003	1.8750000000000006E8 
0.5020000000000003	1.8750000000000006E8 
0.6020000000000004	1.8750000000000006E8 
0.7020000000000005	1.8750000000000006E8 
0.8020000000000006	1.8750000000000006E8 
0.9020000000000007	1.8750000000000006E8 
1.0030000000000003	1.8750000000000006E8 
1.1039999999999892	1.8750000000000006E8 
1.204999999999978	1.8750000000000006E8 
1.305999999999967	1.8750000000000006E8 
1.4069999999999558	1.8750000000000006E8 
1.5079999999999447	1.8750000000000006E8 
1.6089999999999336	1.8750000000000006E8 
1.7099999999999225	1.8750000000000006E8 
1.8109999999999113	1.8750000000000006E8 
1.9119999999999002	1.8750000000000006E8 
2.0129999999998893	1.8750000000000006E8 
2.113999999999878	1.8750000000000006E8 
2.214999999999867	1.8750000000000006E8 
2.315999999999856	1.8750000000000006E8 
2.416999999999845	1.8750000000000006E8 
2.5179999999998337	1.8750000000000006E8 
2.6189999999998226	1.8750000000000006E8 
2.7199999999998115	1.8750000000000006E8 
2.8209999999998003	1.8750000000000006E8 
2.921999999999789	1.8750000000000006E8 
3.022999999999778	1.8750000000000006E8 
3.123999999999767	1.8750000000000006E8 
3.224999999999756	1.8750000000000006E8 
3.3259999999997447	1.8750000000000006E8 
3.4269999999997336	1.8750000000000006E8 
3.5279999999997225	1.8750000000000006E8 
3.6289999999997113	1.8750000000000006E8 
3.7299999999997	1.8750000000000006E8 
3.830999999999689	1.8750000000000006E8 
3.931999999999678	1.8750000000000006E8 
4.031999999999681	1.8750000000000006E8 
4.131999999999715	1.8750000000000006E8 
4.231999999999748	1.8750000000000006E8 
4.331999999999781	1.8750000000000006E8 
4.431999999999815	1.8750000000000006E8 
4.531999999999848	1.8750000000000006E8 
4.6319999999998815	1.8750000000000006E8 
4.731999999999915	1.8750000000000006E8 
4.831999999999948	1.8750000000000006E8 
4.931999999999982	1.8750000000000006E8 
5.032000000000015	1.8750000000000006E8 
5.1320000000000485	1.8750000000000006E8 
5.232000000000082	1.8750000000000006E8 
5.332000000000115	1.8750000000000006E8 
5.432000000000149	1.8750000000000006E8 
5.532000000000182	1.8750000000000006E8 
5.6320000000002155	1.8750000000000006E8 
5.732000000000249	1.8750000000000006E8 
5.832000000000282	1.8750000000000006E8 
5.932000000000316	1.8750000000000006E8 
6.032000000000349	1.8750000000000006E8 
6.1320000000003825	1.8750000000000006E8 
6.232000000000416	1.8750000000000006E8 
6.332000000000449	1.8750000000000006E8 
6.432000000000483	1.8750000000000006E8 
6.532000000000516	1.8750000000000006E8 
6.6320000000005495	1.8750000000000006E8 
6.732000000000583	1.8750000000000006E8 
6.832000000000616	1.8750000000000006E8 
6.93200000000065	1.8750000000000006E8 
7.032000000000683	1.8750000000000006E8 
7.132000000000716	1.8750000000000006E8 
7.23200000000075	1.8750000000000006E8 
7.332000000000783	1.8750000000000006E8 
7.432000000000817	1.8750000000000006E8 
7.53200000000085	1.8750000000000006E8 
7.632000000000883	1.8750000000000006E8 
7.732000000000917	1.8750000000000006E8 
7.83200000000095	1.8750000000000006E8 
7.932000000000984	1.8750000000000006E8 
8.032000000000988	1.8750000000000006E8 
8.133000000000932	1.8750000000000006E8 
8.234000000000876	1.8750000000000006E8 
8.33500000000082	1.8750000000000006E8 
8.436000000000764	1.8750000000000006E8 
8.537000000000708	1.8750000000000006E8 
8.638000000000652	1.8750000000000006E8 
8.739000000000596	1.8750000000000006E8 
8.84000000000054	1.8750000000000006E8 
8.941000000000484	1.8750000000000006E8 
9.042000000000428	1.8750000000000006E8 
9.143000000000372	1.8750000000000006E8 
9.244000000000316	1.8750000000000006E8 
9.34500000000026	1.8750000000000006E8 
9.446000000000204	1.8750000000000006E8 
9.547000000000148	1.8750000000000006E8 
9.648000000000092	1.8750000000000006E8 
9.749000000000036	1.8750000000000006E8 
9.84999999999998	1.8750000000000006E8 
9.950999999999924	1.8750000000000006E8 
10.051999999999868	1.8750000000000006E8 
10.152999999999812	1.8750000000000006E8 
10.253999999999756	1.8750000000000006E8 
10.3549999999997	1.8750000000000006E8 
10.455999999999644	1.8750000000000006E8 
10.556999999999588	1.8750000000000006E8 
10.657999999999532	1.8750000000000006E8 
10.758999999999476	1.8750000000000006E8 
10.85999999999942	1.8750000000000006E8 
10.960999999999364	1.8750000000000006E8 
11.061999999999308	1.8750000000000006E8 
11.162999999999252	1.8750000000000006E8 
11.263999999999196	1.8750000000000006E8 
11.36499999999914	1.8750000000000006E8 
11.465999999999084	1.8750000000000006E8 
11.566999999999029	1.8750000000000006E8 
11.667999999998973	1.8750000000000006E8 
11.768999999998917	1.8750000000000006E8 
11.86999999999886	1.8750000000000006E8 
11.970999999998805	1.8750000000000006E8 
12.071999999998749	1.8750000000000006E8 
12.172999999998693	1.8750000000000006E8 
12.273999999998637	1.8750000000000006E8 
12.37499999999858	1.8750000000000006E8 
12.475999999998525	1.8750000000000006E8 
12.576999999998469	1.8750000000000006E8 
12.677999999998413	1.8750000000000006E8 
12.778999999998357	1.8750000000000006E8 
12.8799999999983	1.8750000000000006E8 
12.980999999998245	1.8750000000000006E8 
13.081999999998189	1.8750000000000006E8 
13.182999999998133	1.8750000000000006E8 
13.283999999998077	1.8750000000000006E8 
13.384999999998021	1.8750000000000006E8 
13.485999999997965	1.8750000000000006E8 
13.586999999997909	1.8750000000000006E8 
13.687999999997853	1.8750000000000006E8 
13.788999999997797	1.8750000000000006E8 
13.889999999997741	1.8750000000000006E8 
13.990999999997685	1.8750000000000006E8 
14.091999999997629	1.8750000000000006E8 
14.192999999997573	1.8750000000000006E8 
14.293999999997517	1.8750000000000006E8 
14.394999999997461	1.8750000000000006E8 
14.495999999997405	1.8750000000000006E8 
14.59699999999735	1.8750000000000006E8 
14.697999999997293	1.8750000000000006E8 
14.798999999997237	1.8750000000000006E8 
14.899999999997181	1.8750000000000006E8 
15.000999999997125	1.8750000000000006E8 
15.10199999999707	1.8750000000000006E8 
15.202999999997013	1.8750000000000006E8 
15.303999999996957	1.8750000000000006E8 
15.404999999996901	1.8750000000000006E8 
15.505999999996845	1.8750000000000006E8 
15.60699999999679	1.8750000000000006E8 
15.707999999996733	1.8750000000000006E8 
15.808999999996677	1.8750000000000006E8 
15.909999999996622	1.8750000000000006E8 
16.010999999996585	1.8750000000000006E8 
16.110999999996707	1.8750000000000006E8 
16.21099999999683	1.8750000000000006E8 
16.31099999999695	1.8750000000000006E8 
16.410999999997074	1.8750000000000006E8 
16.510999999997196	1.8750000000000006E8 
16.61099999999732	1.8750000000000006E8 
16.71099999999744	1.8750000000000006E8 
16.810999999997563	1.8750000000000006E8 
16.910999999997685	1.8750000000000006E8 
17.010999999997807	1.8750000000000006E8 
17.11099999999793	1.8750000000000006E8 
17.21099999999805	1.8750000000000006E8 
17.310999999998174	1.8750000000000006E8 
17.410999999998296	1.8750000000000006E8 
17.51099999999842	1.8750000000000006E8 
17.61099999999854	1.8750000000000006E8 
17.710999999998663	1.8750000000000006E8 
17.810999999998785	1.8750000000000006E8 
17.910999999998907	1.8750000000000006E8 
18.01099999999903	1.8750000000000006E8 
18.11099999999915	1.8750000000000006E8 
18.210999999999274	1.8750000000000006E8 
18.310999999999396	1.8750000000000006E8 
18.410999999999518	1.8750000000000006E8 
18.51099999999964	1.8750000000000006E8 
18.610999999999763	1.8750000000000006E8 
18.710999999999885	1.8750000000000006E8 
18.811000000000007	1.8750000000000006E8 
18.91100000000013	1.8750000000000006E8 
19.01100000000025	1.8750000000000006E8 
19.111000000000374	1.8750000000000006E8 
19.211000000000496	1.8750000000000006E8 
19.311000000000618	1.8750000000000006E8 
19.41100000000074	1.8750000000000006E8 
19.511000000000863	1.8750000000000006E8 
19.611000000000985	1.8750000000000006E8 
19.711000000001107	1.8750000000000006E8 
19.81100000000123	1.8750000000000006E8 
19.91100000000135	1.8750000000000006E8 
20.011000000001474	1.8750000000000006E8 
20.111000000001596	1.8750000000000006E8 
20.211000000001718	1.8750000000000006E8 
20.31100000000184	1.8750000000000006E8 
20.411000000001962	1.8750000000000006E8 
20.511000000002085	1.8750000000000006E8 
20.611000000002207	1.8750000000000006E8 
20.71100000000233	1.8750000000000006E8 
20.81100000000245	1.8750000000000006E8 
20.911000000002574	1.8750000000000006E8 
21.011000000002696	1.8750000000000006E8 
21.111000000002818	1.8750000000000006E8 
21.21100000000294	1.8750000000000006E8 
21.311000000003062	1.8750000000000006E8 
21.411000000003185	1.8750000000000006E8 
21.511000000003307	1.8750000000000006E8 
21.61100000000343	1.8750000000000006E8 
21.71100000000355	1.8750000000000006E8 
21.811000000003673	1.8750000000000006E8 
21.911000000003796	1.8750000000000006E8 
22.011000000003918	1.8750000000000006E8 
22.11100000000404	1.8750000000000006E8 
22.211000000004162	1.8750000000000006E8 
22.311000000004285	1.8750000000000006E8 
22.411000000004407	1.8750000000000006E8 
22.51100000000453	1.8750000000000006E8 
22.61100000000465	1.8750000000000006E8 
22.711000000004773	1.8750000000000006E8 
22.811000000004896	1.8750000000000006E8 
22.911000000005018	1.8750000000000006E8 
23.01100000000514	1.8750000000000006E8 
23.111000000005262	1.8750000000000006E8 
23.211000000005384	1.8750000000000006E8 
23.311000000005507	1.8750000000000006E8 
23.41100000000563	1.8750000000000006E8 
23.51100000000575	1.8750000000000006E8 
23.611000000005873	1.8750000000000006E8 
23.711000000005996	1.8750000000000006E8 
23.811000000006118	1.8750000000000006E8 
23.91100000000624	1.8750000000000006E8 
24.011000000006362	1.8750000000000006E8 
24.111000000006484	1.8750000000000006E8 
24.211000000006607	1.8750000000000006E8 
24.31100000000673	1.8750000000000006E8 
24.41100000000685	1.8750000000000006E8 
24.511000000006973	1.8750000000000006E8 
24.611000000007095	1.8750000000000006E8 
24.711000000007218	1.8750000000000006E8 
24.81100000000734	1.8750000000000006E8 
24.911000000007462	1.8750000000000006E8 
25.011000000007584	1.8750000000000006E8 
25.111000000007706	1.8750000000000006E8 
25.21100000000783	1.8750000000000006E8 
25.31100000000795	1.8750000000000006E8 
25.411000000008073	1.8750000000000006E8 
25.511000000008195	1.8750000000000006E8 
25.611000000008318	1.8750000000000006E8 
25.71100000000844	1.8750000000000006E8 
25.811000000008562	1.8750000000000006E8 
25.911000000008684	1.8750000000000006E8 
26.011000000008806	1.8750000000000006E8 
26.11100000000893	1.8750000000000006E8 
26.21100000000905	1.8750000000000006E8 
26.311000000009173	1.8750000000000006E8 
26.411000000009295	1.8750000000000006E8 
26.511000000009417	1.8750000000000006E8 
26.61100000000954	1.8750000000000006E8 
26.711000000009662	1.8750000000000006E8 
26.811000000009784	1.8750000000000006E8 
26.911000000009906	1.8750000000000006E8 
27.01100000001003	1.8750000000000006E8 
27.11100000001015	1.8750000000000006E8 
27.211000000010273	1.8750000000000006E8 
27.311000000010395	1.8750000000000006E8 
27.411000000010517	1.8750000000000006E8 
27.51100000001064	1.8750000000000006E8 
27.611000000010762	1.8750000000000006E8 
27.711000000010884	1.8750000000000006E8 
27.811000000011006	1.8750000000000006E8 
27.91100000001113	1.8750000000000006E8 
28.01100000001125	1.8750000000000006E8 
28.111000000011373	1.8750000000000006E8 
28.211000000011495	1.8750000000000006E8 
28.311000000011617	1.8750000000000006E8 
28.41100000001174	1.8750000000000006E8 
28.51100000001186	1.8750000000000006E8 
28.611000000011984	1.8750000000000006E8 
28.711000000012106	1.8750000000000006E8 
28.81100000001223	1.8750000000000006E8 
28.91100000001235	1.8750000000000006E8 
29.011000000012473	1.8750000000000006E8 
29.111000000012595	1.8750000000000006E8 
29.211000000012717	1.8750000000000006E8 
29.31100000001284	1.8750000000000006E8 
29.41100000001296	1.8750000000000006E8 
29.511000000013084	1.8750000000000006E8 
29.611000000013206	1.8750000000000006E8 
29.71100000001333	1.8750000000000006E8 
29.81100000001345	1.8750000000000006E8 
29.911000000013573	1.8750000000000006E8 
30.011000000013695	1.8750000000000006E8 
30.111000000013817	1.8750000000000006E8 
30.21100000001394	1.8750000000000006E8 
30.31100000001406	1.8750000000000006E8 
30.411000000014184	1.8750000000000006E8 
30.511000000014306	1.8750000000000006E8 
30.61100000001443	1.8750000000000006E8 
30.71100000001455	1.8750000000000006E8 
30.811000000014673	1.8750000000000006E8 
30.911000000014795	1.8750000000000006E8 
31.011000000014917	1.8750000000000006E8 
31.11100000001504	1.8750000000000006E8 
31.21100000001516	1.8750000000000006E8 
31.311000000015284	1.8750000000000006E8 
31.411000000015406	1.8750000000000006E8 
31.511000000015528	1.8750000000000006E8 
31.61100000001565	1.8750000000000006E8 
31.711000000015773	1.8750000000000006E8 
31.811000000015895	1.8750000000000006E8 
31.911000000016017	1.8750000000000006E8 
32.0110000000161	1.8750000000000006E8 
32.11200000001586	1.8750000000000006E8 
32.213000000015626	1.8750000000000006E8 
32.31400000001539	1.8750000000000006E8 
32.415000000015155	1.8750000000000006E8 
32.51600000001492	1.8750000000000006E8 
32.617000000014684	1.8750000000000006E8 
32.71800000001445	1.8750000000000006E8 
32.81900000001421	1.8750000000000006E8 
32.92000000001398	1.8750000000000006E8 
33.02100000001374	1.8750000000000006E8 
33.12200000001351	1.8750000000000006E8 
33.22300000001327	1.8750000000000006E8 
33.32400000001304	1.8750000000000006E8 
33.4250000000128	1.8750000000000006E8 
33.526000000012566	1.8750000000000006E8 
33.62700000001233	1.8750000000000006E8 
33.728000000012095	1.8750000000000006E8 
33.82900000001186	1.8750000000000006E8 
33.930000000011624	1.8750000000000006E8 
34.03100000001139	1.8750000000000006E8 
34.13200000001115	1.8750000000000006E8 
34.23300000001092	1.8750000000000006E8 
34.33400000001068	1.8750000000000006E8 
34.43500000001045	1.8750000000000006E8 
34.53600000001021	1.8750000000000006E8 
34.63700000000998	1.8750000000000006E8 
34.73800000000974	1.8750000000000006E8 
34.839000000009506	1.8750000000000006E8 
34.94000000000927	1.8750000000000006E8 
35.041000000009035	1.8750000000000006E8 
35.1420000000088	1.8750000000000006E8 
35.243000000008564	1.8750000000000006E8 
35.34400000000833	1.8750000000000006E8 
35.44500000000809	1.8750000000000006E8 
35.54600000000786	1.8750000000000006E8 
35.64700000000762	1.8750000000000006E8 
35.74800000000739	1.8750000000000006E8 
35.84900000000715	1.8750000000000006E8 
35.950000000006916	1.8750000000000006E8 
36.05100000000668	1.8750000000000006E8 
36.152000000006446	1.8750000000000006E8 
36.25300000000621	1.8750000000000006E8 
36.354000000005975	1.8750000000000006E8 
36.45500000000574	1.8750000000000006E8 
36.556000000005504	1.8750000000000006E8 
36.65700000000527	1.8750000000000006E8 
36.75800000000503	1.8750000000000006E8 
36.8590000000048	1.8750000000000006E8 
36.96000000000456	1.8750000000000006E8 
37.06100000000433	1.8750000000000006E8 
37.16200000000409	1.8750000000000006E8 
37.263000000003856	1.8750000000000006E8 
37.36400000000362	1.8750000000000006E8 
37.465000000003386	1.8750000000000006E8 
37.56600000000315	1.8750000000000006E8 
37.667000000002915	1.8750000000000006E8 
37.76800000000268	1.8750000000000006E8 
37.869000000002444	1.8750000000000006E8 
37.97000000000221	1.8750000000000006E8 
38.07100000000197	1.8750000000000006E8 
38.17200000000174	1.8750000000000006E8 
38.2730000000015	1.8750000000000006E8 
38.37400000000127	1.8750000000000006E8 
38.47500000000103	1.8750000000000006E8 
38.576000000000796	1.8750000000000006E8 
38.67700000000056	1.8750000000000006E8 
38.778000000000326	1.8750000000000006E8 
38.87900000000009	1.8750000000000006E8 
38.979999999999855	1.8750000000000006E8 
39.08099999999962	1.8750000000000006E8 
39.181999999999384	1.8750000000000006E8 
39.28299999999915	1.8750000000000006E8 
39.38399999999891	1.8750000000000006E8 
39.48499999999868	1.8750000000000006E8 
39.58599999999844	1.8750000000000006E8 
39.68699999999821	1.8750000000000006E8 
39.78799999999797	1.8750000000000006E8 
39.888999999997736	1.8750000000000006E8 
39.9899999999975	1.8750000000000006E8 
40.090999999997265	1.8750000000000006E8 
40.19199999999703	1.8750000000000006E8 
40.292999999996795	1.8750000000000006E8 
40.39399999999656	1.8750000000000006E8 
40.494999999996324	1.8750000000000006E8 
40.59599999999609	1.8750000000000006E8 
40.69699999999585	1.8750000000000006E8 
40.79799999999562	1.8750000000000006E8 
40.89899999999538	1.8750000000000006E8 
40.99999999999515	1.8750000000000006E8 
41.10099999999491	1.8750000000000006E8 
41.201999999994676	1.8750000000000006E8 
41.30299999999444	1.8750000000000006E8 
41.403999999994205	1.8750000000000006E8 
41.50499999999397	1.8750000000000006E8 
41.605999999993735	1.8750000000000006E8 
41.7069999999935	1.8750000000000006E8 
41.807999999993264	1.8750000000000006E8 
41.90899999999303	1.8750000000000006E8 
42.00999999999279	1.8750000000000006E8 
42.11099999999256	1.8750000000000006E8 
42.21199999999232	1.8750000000000006E8 
42.31299999999209	1.8750000000000006E8 
42.41399999999185	1.8750000000000006E8 
42.514999999991616	1.8750000000000006E8 
42.61599999999138	1.8750000000000006E8 
42.716999999991145	1.8750000000000006E8 
42.81799999999091	1.8750000000000006E8 
42.918999999990675	1.8750000000000006E8 
43.01999999999044	1.8750000000000006E8 
43.120999999990204	1.8750000000000006E8 
43.22199999998997	1.8750000000000006E8 
43.32299999998973	1.8750000000000006E8 
43.4239999999895	1.8750000000000006E8 
43.52499999998926	1.8750000000000006E8 
43.62599999998903	1.8750000000000006E8 
43.72699999998879	1.8750000000000006E8 
43.827999999988556	1.8750000000000006E8 
43.92899999998832	1.8750000000000006E8 
44.029999999988085	1.8750000000000006E8 
44.13099999998785	1.8750000000000006E8 
44.231999999987615	1.8750000000000006E8 
44.33299999998738	1.8750000000000006E8 
44.433999999987144	1.8750000000000006E8 
44.53499999998691	1.8750000000000006E8 
44.63599999998667	1.8750000000000006E8 
44.73699999998644	1.8750000000000006E8 
44.8379999999862	1.8750000000000006E8 
44.93899999998597	1.8750000000000006E8 
45.03999999998573	1.8750000000000006E8 
45.140999999985496	1.8750000000000006E8 
45.24199999998526	1.8750000000000006E8 
45.342999999985025	1.8750000000000006E8 
45.44399999998479	1.8750000000000006E8 
45.544999999984555	1.8750000000000006E8 
45.64599999998432	1.8750000000000006E8 
45.746999999984084	1.8750000000000006E8 
45.84799999998385	1.8750000000000006E8 
45.94899999998361	1.8750000000000006E8 
46.04999999998338	1.8750000000000006E8 
46.15099999998314	1.8750000000000006E8 
46.25199999998291	1.8750000000000006E8 
46.35299999998267	1.8750000000000006E8 
46.453999999982436	1.8750000000000006E8 
46.5549999999822	1.8750000000000006E8 
46.655999999981965	1.8750000000000006E8 
46.75699999998173	1.8750000000000006E8 
46.857999999981494	1.8750000000000006E8 
46.95899999998126	1.8750000000000006E8 
47.059999999981024	1.8750000000000006E8 
47.16099999998079	1.8750000000000006E8 
47.26199999998055	1.8750000000000006E8 
47.36299999998032	1.8750000000000006E8 
47.46399999998008	1.8750000000000006E8 
47.56499999997985	1.8750000000000006E8 
47.66599999997961	1.8750000000000006E8 
47.766999999979376	1.8750000000000006E8 
47.86799999997914	1.8750000000000006E8 
47.968999999978905	1.8750000000000006E8 
48.06999999997867	1.8750000000000006E8 
48.170999999978434	1.8750000000000006E8 
48.2719999999782	1.8750000000000006E8 
48.372999999977964	1.8750000000000006E8 
48.47399999997773	1.8750000000000006E8 
48.57499999997749	1.8750000000000006E8 
48.67599999997726	1.8750000000000006E8 
48.77699999997702	1.8750000000000006E8 
48.87799999997679	1.8750000000000006E8 
48.97899999997655	1.8750000000000006E8 
49.079999999976316	1.8750000000000006E8 
49.18099999997608	1.8750000000000006E8 
49.281999999975845	1.8750000000000006E8 
49.38299999997561	1.8750000000000006E8 
49.483999999975374	1.8750000000000006E8 
49.58499999997514	1.8750000000000006E8 
49.685999999974904	1.8750000000000006E8 
49.78699999997467	1.8750000000000006E8 
49.88799999997443	1.8750000000000006E8 
49.9889999999742	1.8750000000000006E8 
50.08999999997396	1.869375E8 
50.19099999997373	1.8630625000000003E8 
50.29199999997349	1.85675E8 
50.392999999973256	1.8504374999999997E8 
50.49399999997302	1.8441249999999997E8 
50.594999999972785	1.8378125E8 
50.69599999997255	1.8314999999999994E8 
50.796999999972314	1.8251875E8 
50.89799999997208	1.818875E8 
50.99899999997184	1.8125624999999997E8 
51.09999999997161	1.8062499999999997E8 
51.20099999997137	1.7999375E8 
51.30199999997114	1.7936249999999997E8 
51.4029999999709	1.7873125000000003E8 
51.50399999997067	1.781E8 
51.60499999997043	1.7746875E8 
51.705999999970196	1.7683749999999997E8 
51.80699999996996	1.7620624999999997E8 
51.907999999969725	1.75575E8 
52.00899999996949	1.7494374999999997E8 
52.109999999969254	1.743125E8 
52.21099999996902	1.7368125000000003E8 
52.31199999996878	1.7304999999999997E8 
52.41299999996855	1.7241874999999997E8 
52.51399999996831	1.7178749999999997E8 
52.61499999996808	1.7115625E8 
52.71599999996784	1.7052499999999997E8 
52.81699999996761	1.6989374999999997E8 
52.91799999996737	1.692625E8 
53.018999999967136	1.6863124999999997E8 
53.1199999999669	1.6799999999999997E8 
53.220999999966665	1.6736874999999997E8 
53.32199999996643	1.667375E8 
53.422999999966194	1.6610624999999997E8 
53.52399999996596	1.6547499999999994E8 
53.62499999996572	1.6484375E8 
53.72599999996549	1.6421249999999997E8 
53.82699999996525	1.6358125E8 
53.92799999996502	1.6294999999999994E8 
54.02899999996478	1.6231875E8 
54.12999999996455	1.616875E8 
54.23099999996431	1.6105625000000003E8 
54.331999999964076	1.60425E8 
54.43299999996384	1.5979374999999997E8 
54.533999999963605	1.591625E8 
54.63499999996337	1.5853124999999997E8 
54.735999999963134	1.579E8 
54.8369999999629	1.5726874999999997E8 
54.93799999996266	1.5663749999999997E8 
55.03899999996243	1.5600625E8 
55.13999999996219	1.55375E8 
55.24099999996196	1.5474374999999997E8 
55.34199999996172	1.5411250000000003E8 
55.442999999961486	1.5348124999999997E8 
55.54399999996125	1.5285E8 
55.644999999961016	1.5221875E8 
55.74599999996078	1.515875E8 
55.846999999960545	1.5095624999999997E8 
55.94799999996031	1.5032499999999997E8 
56.048999999960074	1.4969375E8 
56.14999999995984	1.490625E8 
56.2509999999596	1.4843124999999994E8 
56.35199999995937	1.4780000000000003E8 
56.45299999995913	1.4716875E8 
56.5539999999589	1.4653749999999997E8 
56.65499999995866	1.4590624999999997E8 
56.755999999958426	1.45275E8 
56.85699999995819	1.4464374999999997E8 
56.957999999957956	1.4401249999999997E8 
57.05899999995772	1.4338125E8 
57.159999999957485	1.4275E8 
57.26099999995725	1.4211874999999997E8 
57.361999999957014	1.4148750000000003E8 
57.46299999995678	1.4085625E8 
57.56399999995654	1.4022499999999997E8 
57.66499999995631	1.3959375E8 
57.76599999995607	1.389625E8 
57.86699999995584	1.3833124999999997E8 
57.9679999999556	1.3769999999999997E8 
58.068999999955366	1.3706875E8 
58.16999999995513	1.364375E8 
58.270999999954896	1.3580624999999997E8 
58.37199999995466	1.3517500000000003E8 
58.472999999954425	1.3454375E8 
58.57399999995419	1.3391249999999999E8 
58.674999999953954	1.3328124999999997E8 
58.77599999995372	1.3265000000000001E8 
58.87699999995348	1.3201874999999999E8 
58.97799999995325	1.3138749999999997E8 
59.07899999995301	1.3075625000000003E8 
59.17999999995278	1.3012499999999999E8 
59.28099999995254	1.2949374999999997E8 
59.381999999952306	1.2886249999999996E8 
59.48299999995207	1.2823125000000001E8 
59.583999999951835	1.2759999999999999E8 
59.6849999999516	1.2696874999999997E8 
59.785999999951365	1.2633750000000001E8 
59.88699999995113	1.2570624999999997E8 
59.987999999950894	1.2507499999999999E8 
60.08899999995066	1.2500000000000001E8 
60.18999999995042	1.2500000000000001E8 
60.29099999995019	1.2500000000000001E8 
60.39199999994995	1.2500000000000001E8 
60.49299999994972	1.2500000000000001E8 
60.59399999994948	1.2500000000000001E8 
60.694999999949246	1.2500000000000001E8 
60.79599999994901	1.2500000000000001E8 
60.896999999948775	1.2500000000000001E8 
60.99799999994854	1.2500000000000001E8 
61.098999999948305	1.2500000000000001E8 
61.19999999994807	1.2500000000000001E8 
61.300999999947834	1.2500000000000001E8 
61.4019999999476	1.2500000000000001E8 
61.50299999994736	1.2500000000000001E8 
61.60399999994713	1.2500000000000001E8 
61.70499999994689	1.2500000000000001E8 
61.80599999994666	1.2500000000000001E8 
61.90699999994642	1.2500000000000001E8 
62.007999999946186	1.2500000000000001E8 
62.10899999994595	1.2500000000000001E8 
62.209999999945715	1.2500000000000001E8 
62.31099999994548	1.2500000000000001E8 
62.411999999945245	1.2500000000000001E8 
62.51299999994501	1.2500000000000001E8 
62.613999999944774	1.2500000000000001E8 
62.71499999994454	1.2500000000000001E8 
62.8159999999443	1.2500000000000001E8 
62.91699999994407	1.2500000000000001E8 
63.01799999994383	1.2500000000000001E8 
63.1189999999436	1.2500000000000001E8 
63.21999999994336	1.2500000000000001E8 
63.320999999943126	1.2500000000000001E8 
63.42199999994289	1.2500000000000001E8 
63.522999999942655	1.2500000000000001E8 
63.62399999994242	1.2500000000000001E8 
63.724999999942185	1.2500000000000001E8 
63.82599999994195	1.2500000000000001E8 
63.926999999941714	1.2500000000000001E8 
64.02799999994167	1.2500000000000001E8 
64.12799999994215	1.2500000000000001E8 
64.22799999994263	1.2500000000000001E8 
64.3279999999431	1.2500000000000001E8 
64.42799999994358	1.2500000000000001E8 
64.52799999994406	1.2500000000000001E8 
64.62799999994454	1.2500000000000001E8 
64.72799999994501	1.2500000000000001E8 
64.82799999994549	1.2500000000000001E8 
64.92799999994597	1.2500000000000001E8 
65.02799999994645	1.2500000000000001E8 
65.12799999994692	1.2500000000000001E8 
65.2279999999474	1.2500000000000001E8 
65.32799999994788	1.2500000000000001E8 
65.42799999994836	1.2500000000000001E8 
65.52799999994883	1.2500000000000001E8 
65.62799999994931	1.2500000000000001E8 
65.72799999994979	1.2500000000000001E8 
65.82799999995026	1.2500000000000001E8 
65.92799999995074	1.2500000000000001E8 
66.02799999995122	1.2500000000000001E8 
66.1279999999517	1.2500000000000001E8 
66.22799999995217	1.2500000000000001E8 
66.32799999995265	1.2500000000000001E8 
66.42799999995313	1.2500000000000001E8 
66.52799999995361	1.2500000000000001E8 
66.62799999995408	1.2500000000000001E8 
66.72799999995456	1.2500000000000001E8 
66.82799999995504	1.2500000000000001E8 
66.92799999995552	1.2500000000000001E8 
67.027999999956	1.2500000000000001E8 
67.12799999995647	1.2500000000000001E8 
67.22799999995695	1.2500000000000001E8 
67.32799999995743	1.2500000000000001E8 
67.4279999999579	1.2500000000000001E8 
67.52799999995838	1.2500000000000001E8 
67.62799999995886	1.2500000000000001E8 
67.72799999995934	1.2500000000000001E8 
67.82799999995981	1.2500000000000001E8 
67.92799999996029	1.2500000000000001E8 
68.02799999996077	1.2500000000000001E8 
68.12799999996125	1.2500000000000001E8 
68.22799999996172	1.2500000000000001E8 
68.3279999999622	1.2500000000000001E8 
68.42799999996268	1.2500000000000001E8 
68.52799999996316	1.2500000000000001E8 
68.62799999996363	1.2500000000000001E8 
68.72799999996411	1.2500000000000001E8 
68.82799999996459	1.2500000000000001E8 
68.92799999996507	1.2500000000000001E8 
69.02799999996554	1.2500000000000001E8 
69.12799999996602	1.2500000000000001E8 
69.2279999999665	1.2500000000000001E8 
69.32799999996698	1.2500000000000001E8 
69.42799999996745	1.2500000000000001E8 
69.52799999996793	1.2500000000000001E8 
69.62799999996841	1.2500000000000001E8 
69.72799999996889	1.2500000000000001E8 
69.82799999996936	1.2500000000000001E8 
69.92799999996984	1.2500000000000001E8 
70.02799999997032	1.2500000000000001E8 
70.1279999999708	1.2500000000000001E8 
70.22799999997127	1.2500000000000001E8 
70.32799999997175	1.2500000000000001E8 
70.42799999997223	1.2500000000000001E8 
70.5279999999727	1.2500000000000001E8 
70.62799999997318	1.2500000000000001E8 
70.72799999997366	1.2500000000000001E8 
70.82799999997414	1.2500000000000001E8 
70.92799999997462	1.2500000000000001E8 
71.0279999999751	1.2500000000000001E8 
71.12799999997557	1.2500000000000001E8 
71.22799999997605	1.2500000000000001E8 
71.32799999997653	1.2500000000000001E8 
71.427999999977	1.2500000000000001E8 
71.52799999997748	1.2500000000000001E8 
71.62799999997796	1.2500000000000001E8 
71.72799999997844	1.2500000000000001E8 
71.82799999997891	1.2500000000000001E8 
71.92799999997939	1.2500000000000001E8 
72.02799999997987	1.2500000000000001E8 
72.12799999998035	1.2500000000000001E8 
72.22799999998082	1.2500000000000001E8 
72.3279999999813	1.2500000000000001E8 
72.42799999998178	1.2500000000000001E8 
72.52799999998226	1.2500000000000001E8 
72.62799999998273	1.2500000000000001E8 
72.72799999998321	1.2500000000000001E8 
72.82799999998369	1.2500000000000001E8 
72.92799999998417	1.2500000000000001E8 
73.02799999998464	1.2500000000000001E8 
73.12799999998512	1.2500000000000001E8 
73.2279999999856	1.2500000000000001E8 
73.32799999998608	1.2500000000000001E8 
73.42799999998655	1.2500000000000001E8 
73.52799999998703	1.2500000000000001E8 
73.62799999998751	1.2500000000000001E8 
73.72799999998799	1.2500000000000001E8 
73.82799999998846	1.2500000000000001E8 
73.92799999998894	1.2500000000000001E8 
74.02799999998942	1.2500000000000001E8 
74.1279999999899	1.2500000000000001E8 
74.22799999999037	1.2500000000000001E8 
74.32799999999085	1.2500000000000001E8 
74.42799999999133	1.2500000000000001E8 
74.5279999999918	1.2500000000000001E8 
74.62799999999228	1.2500000000000001E8 
74.72799999999276	1.2500000000000001E8 
74.82799999999324	1.2500000000000001E8 
74.92799999999372	1.2500000000000001E8 
75.0279999999942	1.2500000000000001E8 
75.12799999999467	1.2500000000000001E8 
75.22799999999515	1.2500000000000001E8 
75.32799999999563	1.2500000000000001E8 
75.4279999999961	1.2500000000000001E8 
75.52799999999658	1.2500000000000001E8 
75.62799999999706	1.2500000000000001E8 
75.72799999999754	1.2500000000000001E8 
75.82799999999801	1.2500000000000001E8 
75.92799999999849	1.2500000000000001E8 
76.02799999999897	1.2500000000000001E8 
76.12799999999945	1.2500000000000001E8 
76.22799999999992	1.2500000000000001E8 
76.3280000000004	1.2500000000000001E8 
76.42800000000088	1.2500000000000001E8 
76.52800000000136	1.2500000000000001E8 
76.62800000000183	1.2500000000000001E8 
76.72800000000231	1.2500000000000001E8 
76.82800000000279	1.2500000000000001E8 
76.92800000000327	1.2500000000000001E8 
77.02800000000374	1.2500000000000001E8 
77.12800000000422	1.2500000000000001E8 
77.2280000000047	1.2500000000000001E8 
77.32800000000518	1.2500000000000001E8 
77.42800000000565	1.2500000000000001E8 
77.52800000000613	1.2500000000000001E8 
77.62800000000661	1.2500000000000001E8 
77.72800000000709	1.2500000000000001E8 
77.82800000000756	1.2500000000000001E8 
77.92800000000804	1.2500000000000001E8 
78.02800000000852	1.2500000000000001E8 
78.128000000009	1.2500000000000001E8 
78.22800000000947	1.2500000000000001E8 
78.32800000000995	1.2500000000000001E8 
78.42800000001043	1.2500000000000001E8 
78.5280000000109	1.2500000000000001E8 
78.62800000001138	1.2500000000000001E8 
78.72800000001186	1.2500000000000001E8 
78.82800000001234	1.2500000000000001E8 
78.92800000001282	1.2500000000000001E8 
79.0280000000133	1.2500000000000001E8 
79.12800000001377	1.2500000000000001E8 
79.22800000001425	1.2500000000000001E8 
79.32800000001473	1.2500000000000001E8 
79.4280000000152	1.2500000000000001E8 
79.52800000001568	1.2500000000000001E8 
79.62800000001616	1.2500000000000001E8 
79.72800000001664	1.2500000000000001E8 
79.82800000001711	1.2500000000000001E8 
79.92800000001759	1.2500000000000001E8 
80.02800000001807	1.2500000000000001E8 
80.12800000001855	1.2500000000000001E8 
80.22800000001902	1.2500000000000001E8 
80.3280000000195	1.2500000000000001E8 
80.42800000001998	1.2500000000000001E8 
80.52800000002046	1.2500000000000001E8 
80.62800000002093	1.2500000000000001E8 
80.72800000002141	1.2500000000000001E8 
80.82800000002189	1.2500000000000001E8 
80.92800000002237	1.2500000000000001E8 
81.02800000002284	1.2500000000000001E8 
81.12800000002332	1.2500000000000001E8 
81.2280000000238	1.2500000000000001E8 
81.32800000002428	1.2500000000000001E8 
81.42800000002475	1.2500000000000001E8 
81.52800000002523	1.2500000000000001E8 
81.62800000002571	1.2500000000000001E8 
81.72800000002619	1.2500000000000001E8 
81.82800000002666	1.2500000000000001E8 
81.92800000002714	1.2500000000000001E8 
82.02800000002762	1.2500000000000001E8 
82.1280000000281	1.2500000000000001E8 
82.22800000002857	1.2500000000000001E8 
82.32800000002905	1.2500000000000001E8 
82.42800000002953	1.2500000000000001E8 
82.52800000003	1.2500000000000001E8 
82.62800000003048	1.2500000000000001E8 
82.72800000003096	1.2500000000000001E8 
82.82800000003144	1.2500000000000001E8 
82.92800000003191	1.2500000000000001E8 
83.02800000003239	1.2500000000000001E8 
83.12800000003287	1.2500000000000001E8 
83.22800000003335	1.2500000000000001E8 
83.32800000003382	1.2500000000000001E8 
83.4280000000343	1.2500000000000001E8 
83.52800000003478	1.2500000000000001E8 
83.62800000003526	1.2500000000000001E8 
83.72800000003573	1.2500000000000001E8 
83.82800000003621	1.2500000000000001E8 
83.92800000003669	1.2500000000000001E8 
84.02800000003717	1.2500000000000001E8 
84.12800000003764	1.2500000000000001E8 
84.22800000003812	1.2500000000000001E8 
84.3280000000386	1.2500000000000001E8 
84.42800000003908	1.2500000000000001E8 
84.52800000003955	1.2500000000000001E8 
84.62800000004003	1.2500000000000001E8 
84.72800000004051	1.2500000000000001E8 
84.82800000004099	1.2500000000000001E8 
84.92800000004146	1.2500000000000001E8 
85.02800000004194	1.2500000000000001E8 
85.12800000004242	1.2500000000000001E8 
85.2280000000429	1.2500000000000001E8 
85.32800000004337	1.2500000000000001E8 
85.42800000004385	1.2500000000000001E8 
85.52800000004433	1.2500000000000001E8 
85.6280000000448	1.2500000000000001E8 
85.72800000004528	1.2500000000000001E8 
85.82800000004576	1.2500000000000001E8 
85.92800000004624	1.2500000000000001E8 
86.02800000004672	1.2500000000000001E8 
86.1280000000472	1.2500000000000001E8 
86.22800000004767	1.2500000000000001E8 
86.32800000004815	1.2500000000000001E8 
86.42800000004863	1.2500000000000001E8 
86.5280000000491	1.2500000000000001E8 
86.62800000004958	1.2500000000000001E8 
86.72800000005006	1.2500000000000001E8 
86.82800000005054	1.2500000000000001E8 
86.92800000005101	1.2500000000000001E8 
87.02800000005149	1.2500000000000001E8 
87.12800000005197	1.2500000000000001E8 
87.22800000005245	1.2500000000000001E8 
87.32800000005292	1.2500000000000001E8 
87.4280000000534	1.2500000000000001E8 
87.52800000005388	1.2500000000000001E8 
87.62800000005436	1.2500000000000001E8 
87.72800000005483	1.2500000000000001E8 
87.82800000005531	1.2500000000000001E8 
87.92800000005579	1.2500000000000001E8 
88.02800000005627	1.2500000000000001E8 
88.12800000005674	1.2500000000000001E8 
88.22800000005722	1.2500000000000001E8 
88.3280000000577	1.2500000000000001E8 
88.42800000005818	1.2500000000000001E8 
88.52800000005865	1.2500000000000001E8 
88.62800000005913	1.2500000000000001E8 
88.72800000005961	1.2500000000000001E8 
88.82800000006009	1.2500000000000001E8 
88.92800000006056	1.2500000000000001E8 
89.02800000006104	1.2500000000000001E8 
89.12800000006152	1.2500000000000001E8 
89.228000000062	1.2500000000000001E8 
89.32800000006247	1.2500000000000001E8 
89.42800000006295	1.2500000000000001E8 
89.52800000006343	1.2500000000000001E8 
89.6280000000639	1.2500000000000001E8 
89.72800000006438	1.2500000000000001E8 
89.82800000006486	1.2500000000000001E8 
89.92800000006534	1.2500000000000001E8 
90.02800000006582	1.2500000000000001E8 
90.1280000000663	1.2500000000000001E8 
90.22800000006677	1.2500000000000001E8 
90.32800000006725	1.2500000000000001E8 
90.42800000006773	1.2500000000000001E8 
90.5280000000682	1.2500000000000001E8 
90.62800000006868	1.2500000000000001E8 
90.72800000006916	1.2500000000000001E8 
90.82800000006964	1.2500000000000001E8 
90.92800000007011	1.2500000000000001E8 
91.02800000007059	1.2500000000000001E8 
91.12800000007107	1.2500000000000001E8 
91.22800000007155	1.2500000000000001E8 
91.32800000007202	1.2500000000000001E8 
91.4280000000725	1.2500000000000001E8 
91.52800000007298	1.2500000000000001E8 
91.62800000007346	1.2500000000000001E8 
91.72800000007393	1.2500000000000001E8 
91.82800000007441	1.2500000000000001E8 
91.92800000007489	1.2500000000000001E8 
92.02800000007537	1.2500000000000001E8 
92.12800000007584	1.2500000000000001E8 
92.22800000007632	1.2500000000000001E8 
92.3280000000768	1.2500000000000001E8 
92.42800000007728	1.2500000000000001E8 
92.52800000007775	1.2500000000000001E8 
92.62800000007823	1.2500000000000001E8 
92.72800000007871	1.2500000000000001E8 
92.82800000007919	1.2500000000000001E8 
92.92800000007966	1.2500000000000001E8 
93.02800000008014	1.2500000000000001E8 
93.12800000008062	1.2500000000000001E8 
93.2280000000811	1.2500000000000001E8 
93.32800000008157	1.2500000000000001E8 
93.42800000008205	1.2500000000000001E8 
93.52800000008253	1.2500000000000001E8 
93.628000000083	1.2500000000000001E8 
93.72800000008348	1.2500000000000001E8 
93.82800000008396	1.2500000000000001E8 
93.92800000008444	1.2500000000000001E8 
94.02800000008492	1.2500000000000001E8 
94.1280000000854	1.2500000000000001E8 
94.22800000008587	1.2500000000000001E8 
94.32800000008635	1.2500000000000001E8 
94.42800000008683	1.2500000000000001E8 
94.5280000000873	1.2500000000000001E8 
94.62800000008778	1.2500000000000001E8 
94.72800000008826	1.2500000000000001E8 
94.82800000008874	1.2500000000000001E8 
94.92800000008921	1.2500000000000001E8 
95.02800000008969	1.2500000000000001E8 
95.12800000009017	1.2500000000000001E8 
95.22800000009065	1.2500000000000001E8 
95.32800000009112	1.2500000000000001E8 
95.4280000000916	1.2500000000000001E8 
95.52800000009208	1.2500000000000001E8 
95.62800000009256	1.2500000000000001E8 
95.72800000009303	1.2500000000000001E8 
95.82800000009351	1.2500000000000001E8 
95.92800000009399	1.2500000000000001E8 
96.02800000009447	1.2500000000000001E8 
96.12800000009494	1.2500000000000001E8 
96.22800000009542	1.2500000000000001E8 
96.3280000000959	1.2500000000000001E8 
96.42800000009638	1.2500000000000001E8 
96.52800000009685	1.2500000000000001E8 
96.62800000009733	1.2500000000000001E8 
96.72800000009781	1.2500000000000001E8 
96.82800000009829	1.2500000000000001E8 
96.92800000009876	1.2500000000000001E8 
97.02800000009924	1.2500000000000001E8 
97.12800000009972	1.2500000000000001E8 
97.2280000001002	1.2500000000000001E8 
97.32800000010067	1.2500000000000001E8 
97.42800000010115	1.2500000000000001E8 
97.52800000010163	1.2500000000000001E8 
97.6280000001021	1.2500000000000001E8 
97.72800000010258	1.2500000000000001E8 
97.82800000010306	1.2500000000000001E8 
97.92800000010354	1.2500000000000001E8 
98.02800000010402	1.2500000000000001E8 
98.12800000010449	1.2500000000000001E8 
98.22800000010497	1.2500000000000001E8 
98.32800000010545	1.2500000000000001E8 
98.42800000010592	1.2500000000000001E8 
98.5280000001064	1.2500000000000001E8 
98.62800000010688	1.2500000000000001E8 
98.72800000010736	1.2500000000000001E8 
98.82800000010783	1.2500000000000001E8 
98.92800000010831	1.2500000000000001E8 
99.02800000010879	1.2500000000000001E8 
99.12800000010927	1.2500000000000001E8 
99.22800000010974	1.2500000000000001E8 
99.32800000011022	1.2500000000000001E8 
99.4280000001107	1.2500000000000001E8 
99.52800000011118	1.2500000000000001E8 
99.62800000011165	1.2500000000000001E8 
99.72800000011213	1.2500000000000001E8 
99.82800000011261	1.2500000000000001E8 
99.92800000011309	1.2500000000000001E8 
