0.001	1001.7635121952576 
0.10100000000000008	1001.7634236536388 
0.20100000000000015	1001.7634498264961 
0.3010000000000002	1001.7634404207427 
0.4010000000000003	1001.7634411120539 
0.5020000000000003	1001.7634391378654 
0.6020000000000004	1001.7634378778396 
0.7020000000000005	1001.7634364778154 
0.8020000000000006	1001.7634351389079 
0.9020000000000007	1001.7634338140393 
1.0030000000000003	1001.7634325003621 
1.1039999999999892	1001.7634312086042 
1.204999999999978	1001.7634299388359 
1.305999999999967	1001.7634286906039 
1.4069999999999558	1001.7634274635549 
1.5079999999999447	1001.7634262573297 
1.6089999999999336	1001.763425071573 
1.7099999999999225	1001.7634239059385 
1.8109999999999113	1001.7634227600837 
1.9119999999999002	1001.763421633674 
2.0129999999998893	1001.7634205263793 
2.113999999999878	1001.7634194378746 
2.214999999999867	1001.7634183678425 
2.315999999999856	1001.7634173159677 
2.416999999999845	1001.7634162819433 
2.5179999999998337	1001.7634152654649 
2.6189999999998226	1001.7634142662369 
2.7199999999998115	1001.763413283965 
2.8209999999998003	1001.7634123183623 
2.921999999999789	1001.7634113691445 
3.022999999999778	1001.7634104360359 
3.123999999999767	1001.7634095187613 
3.224999999999756	1001.7634086170527 
3.3259999999997447	1001.7634077306453 
3.4269999999997336	1001.7634068592804 
3.5279999999997225	1001.7634060027021 
3.6289999999997113	1001.7634051606598 
3.7299999999997	1001.7634043329073 
3.830999999999689	1001.7634035192001 
3.931999999999678	1001.7634027193023 
4.031999999999681	1001.7634019406978 
4.131999999999715	1001.7634011751762 
4.231999999999748	1001.7634004225181 
4.331999999999781	1001.7633996825061 
4.431999999999815	1001.7633989549296 
4.531999999999848	1001.763398239578 
4.6319999999998815	1001.7633975362464 
4.731999999999915	1001.7633968447335 
4.831999999999948	1001.7633961648403 
4.931999999999982	1001.7633954963701 
5.032000000000015	1001.7633948391331 
5.1320000000000485	1001.7633941929397 
5.232000000000082	1001.7633935576039 
5.332000000000115	1001.7633929329442 
5.432000000000149	1001.7633923187811 
5.532000000000182	1001.763391714936 
5.6320000000002155	1001.7633911212394 
5.732000000000249	1001.7633905375178 
5.832000000000282	1001.7633899636045 
5.932000000000316	1001.7633893993353 
6.032000000000349	1001.7633888445472 
6.1320000000003825	1001.7633882990821 
6.232000000000416	1001.7633877627801 
6.332000000000449	1001.7633872354918 
6.432000000000483	1001.7633867170628 
6.532000000000516	1001.7633862073453 
6.6320000000005495	1001.7633857061923 
6.732000000000583	1001.7633852134604 
6.832000000000616	1001.7633847290081 
6.93200000000065	1001.7633842526968 
7.032000000000683	1001.763383784386 
7.132000000000716	1001.7633833239469 
7.23200000000075	1001.7633828712438 
7.332000000000783	1001.7633824261477 
7.432000000000817	1001.7633819885305 
7.53200000000085	1001.7633815582669 
7.632000000000883	1001.7633811352327 
7.732000000000917	1001.7633807193072 
7.83200000000095	1001.7633803103707 
7.932000000000984	1001.7633799083036 
8.032000000000988	1001.7633795129946 
8.133000000000932	1001.7633791204735 
8.234000000000876	1001.7633787346138 
8.33500000000082	1001.763378355302 
8.436000000000764	1001.7633779824263 
8.537000000000708	1001.7633776158793 
8.638000000000652	1001.7633772555519 
8.739000000000596	1001.7633769013395 
8.84000000000054	1001.7633765531378 
8.941000000000484	1001.7633762108453 
9.042000000000428	1001.76337587436 
9.143000000000372	1001.7633755435857 
9.244000000000316	1001.7633752184246 
9.34500000000026	1001.7633748987811 
9.446000000000204	1001.763374584562 
9.547000000000148	1001.7633742756752 
9.648000000000092	1001.7633739720299 
9.749000000000036	1001.7633736735378 
9.84999999999998	1001.7633733801102 
9.950999999999924	1001.7633730916629 
10.051999999999868	1001.7633728081103 
10.152999999999812	1001.7633725293695 
10.253999999999756	1001.7633722553593 
10.3549999999997	1001.7633719859964 
10.455999999999644	1001.7633717212061 
10.556999999999588	1001.7633714609092 
10.657999999999532	1001.7633712050297 
10.758999999999476	1001.7633709534927 
10.85999999999942	1001.7633707062236 
10.960999999999364	1001.7633704631509 
11.061999999999308	1001.7633702242033 
11.162999999999252	1001.7633699893099 
11.263999999999196	1001.7633697584026 
11.36499999999914	1001.7633695314142 
11.465999999999084	1001.7633693082779 
11.566999999999029	1001.7633690889279 
11.667999999998973	1001.7633688733004 
11.768999999998917	1001.763368661332 
11.86999999999886	1001.7633684529609 
11.970999999998805	1001.7633682481256 
12.071999999998749	1001.7633680467643 
12.172999999998693	1001.7633678488216 
12.273999999998637	1001.7633676542379 
12.37499999999858	1001.7633674629562 
12.475999999998525	1001.7633672749206 
12.576999999998469	1001.7633670900757 
12.677999999998413	1001.7633669083679 
12.778999999998357	1001.7633667297434 
12.8799999999983	1001.7633665541504 
12.980999999998245	1001.7633663815374 
13.081999999998189	1001.7633662118527 
13.182999999998133	1001.7633660450481 
13.283999999998077	1001.7633658810738 
13.384999999998021	1001.7633657198824 
13.485999999997965	1001.7633655614259 
13.586999999997909	1001.7633654056592 
13.687999999997853	1001.7633652525351 
13.788999999997797	1001.76336510201 
13.889999999997741	1001.7633649540389 
13.990999999997685	1001.7633648085794 
14.091999999997629	1001.7633646655877 
14.192999999997573	1001.7633645250236 
14.293999999997517	1001.7633643868446 
14.394999999997461	1001.7633642510086 
14.495999999997405	1001.7633641174783 
14.59699999999735	1001.7633639862141 
14.697999999997293	1001.7633638571775 
14.798999999997237	1001.7633637303306 
14.899999999997181	1001.7633636056364 
15.000999999997125	1001.7633634830582 
15.10199999999707	1001.7633633625603 
15.202999999997013	1001.7633632441067 
15.303999999996957	1001.763363127664 
15.404999999996901	1001.7633630131969 
15.505999999996845	1001.7633629006721 
15.60699999999679	1001.7633627900568 
15.707999999996733	1001.763362681319 
15.808999999996677	1001.7633625744263 
15.909999999996622	1001.7633624693476 
16.010999999996585	1001.7633623660529 
16.110999999996707	1001.7633622655057 
16.21099999999683	1001.76336216665 
16.31099999999695	1001.7633620694545 
16.410999999997074	1001.7633619738923 
16.510999999997196	1001.763361879936 
16.61099999999732	1001.7633617875586 
16.71099999999744	1001.7633616967336 
16.810999999997563	1001.7633616074337 
16.910999999997685	1001.7633615196352 
17.010999999997807	1001.7633614333114 
17.11099999999793	1001.763361348439 
17.21099999999805	1001.7633612649921 
17.310999999998174	1001.7633611829474 
17.410999999998296	1001.7633611022815 
17.51099999999842	1001.7633610229713 
17.61099999999854	1001.763360944993 
17.710999999998663	1001.7633608683259 
17.810999999998785	1001.7633607929469 
17.910999999998907	1001.763360718834 
18.01099999999903	1001.7633606459668 
18.11099999999915	1001.7633605743249 
18.210999999999274	1001.7633605038868 
18.310999999999396	1001.7633604346319 
18.410999999999518	1001.7633603665407 
18.51099999999964	1001.7633602995915 
18.610999999999763	1001.763360233768 
18.710999999999885	1001.7633601690505 
18.811000000000007	1001.7633601054202 
18.91100000000013	1001.7633600428594 
19.01100000000025	1001.7633599813499 
19.111000000000374	1001.7633599208742 
19.211000000000496	1001.7633598614148 
19.311000000000618	1001.7633598029538 
19.41100000000074	1001.7633597454758 
19.511000000000863	1001.7633596889634 
19.611000000000985	1001.7633596334007 
19.711000000001107	1001.7633595787718 
19.81100000000123	1001.7633595250602 
19.91100000000135	1001.7633594722516 
20.011000000001474	1001.7633594203304 
20.111000000001596	1001.763359369282 
20.211000000001718	1001.7633593190903 
20.31100000000184	1001.7633592697431 
20.411000000001962	1001.7633592212244 
20.511000000002085	1001.7633591735213 
20.611000000002207	1001.7633591266199 
20.71100000000233	1001.7633590805067 
20.81100000000245	1001.7633590351683 
20.911000000002574	1001.763358990591 
21.011000000002696	1001.763358946763 
21.111000000002818	1001.7633589036717 
21.21100000000294	1001.7633588613044 
21.311000000003062	1001.763358819649 
21.411000000003185	1001.7633587786937 
21.511000000003307	1001.7633587384264 
21.61100000000343	1001.7633586988361 
21.71100000000355	1001.7633586599104 
21.811000000003673	1001.7633586216393 
21.911000000003796	1001.7633585840114 
22.011000000003918	1001.7633585470153 
22.11100000000404	1001.7633585106411 
22.211000000004162	1001.7633584748784 
22.311000000004285	1001.7633584397166 
22.411000000004407	1001.7633584051455 
22.51100000000453	1001.7633583711555 
22.61100000000465	1001.7633583377352 
22.711000000004773	1001.7633583048773 
22.811000000004896	1001.7633582725715 
22.911000000005018	1001.7633582408083 
23.01100000000514	1001.763358209579 
23.111000000005262	1001.7633581788745 
23.211000000005384	1001.7633581486859 
23.311000000005507	1001.7633581190049 
23.41100000000563	1001.7633580898223 
23.51100000000575	1001.76335806113 
23.611000000005873	1001.7633580329202 
23.711000000005996	1001.7633580051844 
23.811000000006118	1001.7633579779144 
23.91100000000624	1001.7633579511025 
24.011000000006362	1001.7633579247413 
24.111000000006484	1001.7633578988228 
24.211000000006607	1001.7633578733404 
24.31100000000673	1001.7633578482859 
24.41100000000685	1001.7633578236524 
24.511000000006973	1001.763357799433 
24.611000000007095	1001.7633577756208 
24.711000000007218	1001.7633577522085 
24.81100000000734	1001.7633577291894 
24.911000000007462	1001.7633577065576 
25.011000000007584	1001.7633576843051 
25.111000000007706	1001.7633576624269 
25.21100000000783	1001.7633576409163 
25.31100000000795	1001.7633576197671 
25.411000000008073	1001.7633575989734 
25.511000000008195	1001.7633575785292 
25.611000000008318	1001.7633575584284 
25.71100000000844	1001.7633575386654 
25.811000000008562	1001.7633575192345 
25.911000000008684	1001.7633575001302 
26.011000000008806	1001.7633574813466 
26.11100000000893	1001.7633574628791 
26.21100000000905	1001.7633574447214 
26.311000000009173	1001.7633574268692 
26.411000000009295	1001.7633574093169 
26.511000000009417	1001.7633573920594 
26.61100000000954	1001.7633573750924 
26.711000000009662	1001.7633573584097 
26.811000000009784	1001.7633573420078 
26.911000000009906	1001.7633573258812 
27.01100000001003	1001.7633573100258 
27.11100000001015	1001.7633572944367 
27.211000000010273	1001.7633572791096 
27.311000000010395	1001.7633572640403 
27.411000000010517	1001.7633572492239 
27.51100000001064	1001.7633572346565 
27.611000000010762	1001.7633572203341 
27.711000000010884	1001.7633572062524 
27.811000000011006	1001.7633571924072 
27.91100000001113	1001.7633571787945 
28.01100000001125	1001.7633571654103 
28.111000000011373	1001.7633571522512 
28.211000000011495	1001.7633571393131 
28.311000000011617	1001.7633571265926 
28.41100000001174	1001.7633571140859 
28.51100000001186	1001.7633571017893 
28.611000000011984	1001.7633570896994 
28.711000000012106	1001.7633570778128 
28.81100000001223	1001.7633570661259 
28.91100000001235	1001.7633570546353 
29.011000000012473	1001.7633570433379 
29.111000000012595	1001.7633570322299 
29.211000000012717	1001.7633570213088 
29.31100000001284	1001.7633570105712 
29.41100000001296	1001.7633570000143 
29.511000000013084	1001.7633569896345 
29.611000000013206	1001.7633569794294 
29.71100000001333	1001.7633569693958 
29.81100000001345	1001.7633569595305 
29.911000000013573	1001.7633569498312 
30.011000000013695	1001.7633569402944 
30.111000000013817	1001.7633569309182 
30.21100000001394	1001.7633569216995 
30.31100000001406	1001.7633569126353 
30.411000000014184	1001.7633569037238 
30.511000000014306	1001.7633568949619 
30.61100000001443	1001.7633568863473 
30.71100000001455	1001.7633568778776 
30.811000000014673	1001.7633568695499 
30.911000000014795	1001.7633568613625 
31.011000000014917	1001.7633568533124 
31.11100000001504	1001.7633568453978 
31.21100000001516	1001.7633568376161 
31.311000000015284	1001.7633568299652 
31.411000000015406	1001.763356822443 
31.511000000015528	1001.7633568150471 
31.61100000001565	1001.7633568077754 
31.711000000015773	1001.7633568006261 
31.811000000015895	1001.763356793597 
31.911000000016017	1001.7633567866859 
32.0110000000161	1001.7633567798911 
32.11200000001586	1001.7633567731441 
32.213000000015626	1001.7633567665117 
32.31400000001539	1001.7633567599919 
32.415000000015155	1001.7633567535827 
32.51600000001492	1001.7633567472822 
32.617000000014684	1001.7633567410886 
32.71800000001445	1001.7633567350002 
32.81900000001421	1001.7633567290151 
32.92000000001398	1001.7633567231317 
33.02100000001374	1001.7633567173477 
33.12200000001351	1001.7633567116623 
33.22300000001327	1001.7633567060731 
33.32400000001304	1001.7633567005789 
33.4250000000128	1001.7633566951779 
33.526000000012566	1001.7633566898685 
33.62700000001233	1001.7633566846491 
33.728000000012095	1001.7633566795184 
33.82900000001186	1001.7633566744746 
33.930000000011624	1001.7633566695166 
34.03100000001139	1001.7633566646425 
34.13200000001115	1001.7633566598511 
34.23300000001092	1001.7633566551409 
34.33400000001068	1001.7633566505108 
34.43500000001045	1001.7633566459593 
34.53600000001021	1001.7633566414848 
34.63700000000998	1001.7633566370864 
34.73800000000974	1001.7633566327625 
34.839000000009506	1001.7633566285122 
34.94000000000927	1001.7633566243339 
35.041000000009035	1001.7633566202268 
35.1420000000088	1001.763356616189 
35.243000000008564	1001.7633566122202 
35.34400000000833	1001.7633566083186 
35.44500000000809	1001.7633566044835 
35.54600000000786	1001.7633566007128 
35.64700000000762	1001.763356597007 
35.74800000000739	1001.7633565933635 
35.84900000000715	1001.763356589782 
35.950000000006916	1001.7633565862623 
36.05100000000668	1001.7633565828011 
36.152000000006446	1001.7633565793989 
36.25300000000621	1001.7633565760551 
36.354000000005975	1001.7633565727673 
36.45500000000574	1001.7633565695362 
36.556000000005504	1001.7633565663591 
36.65700000000527	1001.7633565632362 
36.75800000000503	1001.7633565601669 
36.8590000000048	1001.763356557149 
36.96000000000456	1001.7633565541834 
37.06100000000433	1001.7633565512673 
37.16200000000409	1001.7633565484006 
37.263000000003856	1001.7633565455827 
37.36400000000362	1001.7633565428134 
37.465000000003386	1001.7633565400906 
37.56600000000315	1001.7633565374138 
37.667000000002915	1001.7633565347826 
37.76800000000268	1001.7633565321958 
37.869000000002444	1001.7633565296533 
37.97000000000221	1001.763356527154 
38.07100000000197	1001.7633565246972 
38.17200000000174	1001.7633565222823 
38.2730000000015	1001.7633565199081 
38.37400000000127	1001.7633565175743 
38.47500000000103	1001.7633565152809 
38.576000000000796	1001.763356513025 
38.67700000000056	1001.7633565108084 
38.778000000000326	1001.7633565086289 
38.87900000000009	1001.7633565064867 
38.979999999999855	1001.7633565043808 
39.08099999999962	1001.7633565023107 
39.181999999999384	1001.7633565002758 
39.28299999999915	1001.7633564982756 
39.38399999999891	1001.7633564963095 
39.48499999999868	1001.7633564943765 
39.58599999999844	1001.7633564924761 
39.68699999999821	1001.7633564906083 
39.78799999999797	1001.7633564887723 
39.888999999997736	1001.7633564869678 
39.9899999999975	1001.7633564851935 
40.090999999997265	1001.763356483449 
40.19199999999703	1001.7633564817348 
40.292999999996795	1001.7633564800492 
40.39399999999656	1001.7633564783928 
40.494999999996324	1001.7633564767635 
40.59599999999609	1001.7633564751626 
40.69699999999585	1001.7633564735892 
40.79799999999562	1001.7633564720411 
40.89899999999538	1001.7633564705205 
40.99999999999515	1001.7633564690262 
41.10099999999491	1001.763356467556 
41.201999999994676	1001.7633564661118 
41.30299999999444	1001.7633564646914 
41.403999999994205	1001.7633564632955 
41.50499999999397	1001.7633564619238 
41.605999999993735	1001.7633564605746 
41.7069999999935	1001.7633564592489 
41.807999999993264	1001.7633564579456 
41.90899999999303	1001.7633564566645 
42.00999999999279	1001.7633564554053 
42.11099999999256	1001.763356454167 
42.21199999999232	1001.7633564529506 
42.31299999999209	1001.7633564517531 
42.41399999999185	1001.7633564505776 
42.514999999991616	1001.7633564494212 
42.61599999999138	1001.7633564482851 
42.716999999991145	1001.763356447167 
42.81799999999091	1001.7633564460697 
42.918999999990675	1001.7633564449892 
43.01999999999044	1001.7633564439277 
43.120999999990204	1001.7633564428846 
43.22199999998997	1001.763356441858 
43.32299999998973	1001.7633564408507 
43.4239999999895	1001.7633564398589 
43.52499999998926	1001.7633564388856 
43.62599999998903	1001.7633564379277 
43.72699999998879	1001.7633564369868 
43.827999999988556	1001.7633564360616 
43.92899999998832	1001.7633564351514 
44.029999999988085	1001.7633564342582 
44.13099999998785	1001.7633564333797 
44.231999999987615	1001.7633564325149 
44.33299999998738	1001.7633564316662 
44.433999999987144	1001.763356430832 
44.53499999998691	1001.7633564300118 
44.63599999998667	1001.7633564292046 
44.73699999998644	1001.7633564284112 
44.8379999999862	1001.7633564276327 
44.93899999998597	1001.7633564268667 
45.03999999998573	1001.7633564261139 
45.140999999985496	1001.7633564253736 
45.24199999998526	1001.7633564246458 
45.342999999985025	1001.7633564239301 
45.44399999998479	1001.7633564232272 
45.544999999984555	1001.7633564225353 
45.64599999998432	1001.7633564218556 
45.746999999984084	1001.763356421187 
45.84799999998385	1001.7633564205306 
45.94899999998361	1001.7633564198844 
46.04999999998338	1001.7633564192497 
46.15099999998314	1001.7633564186257 
46.25199999998291	1001.7633564180121 
46.35299999998267	1001.7633564174087 
46.453999999982436	1001.7633564168153 
46.5549999999822	1001.7633564162321 
46.655999999981965	1001.763356415658 
46.75699999998173	1001.7633564150954 
46.857999999981494	1001.7633564145422 
46.95899999998126	1001.7633564139983 
47.059999999981024	1001.7633564134628 
47.16099999998079	1001.7633564129357 
47.26199999998055	1001.763356412419 
47.36299999998032	1001.7633564119113 
47.46399999998008	1001.763356411412 
47.56499999997985	1001.76335641092 
47.66599999997961	1001.7633564104377 
47.766999999979376	1001.7633564099642 
47.86799999997914	1001.7633564094978 
47.968999999978905	1001.7633564090385 
48.06999999997867	1001.7633564085895 
48.170999999978434	1001.7633564081465 
48.2719999999782	1001.7633564077101 
48.372999999977964	1001.7633564072844 
48.47399999997773	1001.7633564068634 
48.57499999997749	1001.76335640645 
48.67599999997726	1001.7633564060449 
48.77699999997702	1001.7633564056434 
48.87799999997679	1001.763356405253 
48.97899999997655	1001.763356404867 
49.079999999976316	1001.763356404488 
49.18099999997608	1001.763356404116 
49.281999999975845	1001.7633564037486 
49.38299999997561	1001.76335640339 
49.483999999975374	1001.7633564030341 
49.58499999997514	1001.7633564026884 
49.685999999974904	1001.7633564023439 
49.78699999997467	1001.7633564020098 
49.88799999997443	1001.7633564016768 
49.9889999999742	1001.7633564013535 
50.08999999997396	1001.7591938333862 
50.19099999997373	1001.7447715622676 
50.29199999997349	1001.7202102805262 
50.392999999973256	1001.6856811446492 
50.49399999997302	1001.6413536913773 
50.594999999972785	1001.5873940694927 
50.69599999997255	1001.5239657695494 
50.796999999972314	1001.4512294624511 
50.89799999997208	1001.3693431043422 
50.99899999997184	1001.2784619680176 
51.09999999997161	1001.1787386920154 
51.20099999997137	1001.0703233244993 
51.30199999997114	1000.9533633673984 
51.4029999999709	1000.8280038195733 
51.50399999997067	1000.6943872193057 
51.60499999997043	1000.5526536860483 
51.705999999970196	1000.4029409614735 
51.80699999996996	1000.2453844498225 
51.907999999969725	1000.0801172575718 
52.00899999996949	999.9072702324247 
52.109999999969254	999.7269720016415 
52.21099999996902	999.5393490097218 
52.31199999996878	999.3445255554427 
52.41299999996855	999.1426238282725 
52.51399999996831	998.9337639441645 
52.61499999996808	998.7180639807434 
52.71599999996784	998.4956400118976 
52.81699999996761	998.2666061417775 
52.91799999996737	998.0310745382247 
53.018999999967136	997.7891554656301 
53.1199999999669	997.540957317233 
53.220999999966665	997.2865866468775 
53.32199999996643	997.0261482002212 
53.422999999966194	996.7597449454249 
53.52399999996596	996.4874781033127 
53.62499999996572	996.2094471770243 
53.72599999996549	995.9257499811653 
53.82699999996525	995.6364826704588 
53.92799999996502	995.3417397679135 
54.02899999996478	995.0416141925156 
54.12999999996455	994.736197286445 
54.23099999996431	994.425578841836 
54.331999999964076	994.1098471270799 
54.43299999996384	993.789088912682 
54.533999999963605	993.4633894966814 
54.63499999996337	993.1328327296374 
54.735999999963134	992.7975010391934 
54.8369999999629	992.4574754542223 
54.93799999996266	992.1128356285635 
55.03899999996243	991.7636598643581 
55.13999999996219	991.4100251349853 
55.24099999996196	991.0520071076116 
55.34199999996172	990.6896801653562 
55.442999999961486	990.3231174290809 
55.54399999996125	989.9523907788121 
55.644999999961016	989.5775708747952 
55.74599999996078	989.1987271781941 
55.846999999960545	988.8159279714403 
55.94799999996031	988.4292403782346 
56.048999999960074	988.0387303832111 
56.14999999995984	987.644462851266 
56.2509999999596	987.24650154656 
56.35199999995937	986.8449091511973 
56.45299999995913	986.4397472835865 
56.5539999999589	986.0310765164933 
56.65499999995866	985.6189563947831 
56.755999999958426	985.2034454528643 
56.85699999995819	984.7846012318361 
56.957999999957956	984.3624802963444 
57.05899999995772	983.9371382511508 
57.159999999957485	983.5086297574238 
57.26099999995725	983.0770085487495 
57.361999999957014	982.6423274468722 
57.46299999995678	982.2046383771686 
57.56399999995654	981.7639923838597 
57.66499999995631	981.3204396449624 
57.76599999995607	980.8740294869895 
57.86699999995584	980.4248103993989 
57.9679999999556	979.9728300487988 
58.068999999955366	979.5181352929103 
58.16999999995513	979.0607721942952 
58.270999999954896	978.6007860338474 
58.37199999995466	978.1382213240609 
58.472999999954425	977.6731218220656 
58.57399999995419	977.2055305424485 
58.674999999953954	976.7354897698532 
58.77599999995372	976.2630410713662 
58.87699999995348	975.7882253086946 
58.97799999995325	975.3110826501363 
59.07899999995301	974.8316525823448 
59.17999999995278	974.349973921901 
59.28099999995254	973.8660848266787 
59.381999999952306	973.3800228070262 
59.48299999995207	972.8918247367535 
59.583999999951835	972.4015268639344 
59.6849999999516	971.9091648215244 
59.785999999951365	971.4147736377998 
59.88699999995113	970.9183877466185 
59.987999999950894	970.4200409975069 
60.08899999995066	969.9238377855311 
60.18999999995042	969.4359895103141 
60.29099999995019	968.9564193417053 
60.39199999994995	968.4849875910553 
60.49299999994972	968.0215557874125 
60.59399999994948	967.5659882962915 
60.694999999949246	967.1181516275234 
60.79599999994901	966.6779146010213 
60.896999999948775	966.2451482510135 
60.99799999994854	965.8197258031448 
61.098999999948305	965.4015226336959 
61.19999999994807	964.9904162339221 
61.300999999947834	964.5862861739816 
61.4019999999476	964.1890140676913 
61.50299999994736	963.798483537843 
61.60399999994713	963.4145801821107 
61.70499999994689	963.0371915395392 
61.80599999994666	962.6662070575966 
61.90699999994642	962.3015180597923 
62.007999999946186	961.9430177138406 
62.10899999994595	961.5906010003619 
62.209999999945715	961.2441646821233 
62.31099999994548	960.9036072737923 
62.411999999945245	960.5688290122087 
62.51299999994501	960.2397318271621 
62.613999999944774	959.916219312659 
62.71499999994454	959.598196698685 
62.8159999999443	959.2855708234409 
62.91699999994407	958.978250106053 
63.01799999994383	958.6761445197441 
63.1189999999436	958.3791655654628 
63.21999999994336	958.087226245956 
63.320999999943126	957.800241040287 
63.42199999994289	957.5181258787793 
63.522999999942655	957.2407981183919 
63.62399999994242	956.9681765185085 
63.724999999942185	956.7001812171405 
63.82599999994195	956.4367337075295 
63.926999999941714	956.177756815151 
64.02799999994167	955.9231746751076 
64.12799999994215	955.6753696152915 
64.22799999994263	955.4317284419412 
64.3279999999431	955.1921811889688 
64.42799999994358	954.9566590659324 
64.52799999994406	954.7250944382806 
64.62799999994454	954.4974208079303 
64.72799999994501	954.27357279417 
64.82799999994549	954.0534861148867 
64.92799999994597	953.8370975681016 
65.02799999994645	953.6243450138264 
65.12799999994692	953.4151673562133 
65.2279999999474	953.209504526014 
65.32799999994788	953.0072974633272 
65.42799999994836	952.8084881006396 
65.52799999994883	952.6130193461511 
65.62799999994931	952.4208350673783 
65.72799999994979	952.2318800750371 
65.82799999995026	952.046100107192 
65.92799999995074	951.8634418136755 
66.02799999995122	951.6838527407663 
66.1279999999517	951.5072813161271 
66.22799999995217	951.3336768339948 
66.32799999995265	951.1629894406176 
66.42799999995313	950.9951701199413 
66.52799999995361	950.8301706795307 
66.62799999995408	950.6679437367336 
66.72799999995456	950.5084427050692 
66.82799999995504	950.351621780855 
66.92799999995552	950.1974359300507 
67.027999999956	950.0458408753252 
67.12799999995647	949.8967930833443 
67.22799999995695	949.7502497522657 
67.32799999995743	949.6061687994505 
67.4279999999579	949.4645088493775 
67.52799999995838	949.3252292217618 
67.62799999995886	949.1882899198715 
67.72799999995934	949.053651619043 
67.82799999995981	948.9212756553878 
67.92799999996029	948.7911240146899 
68.02799999996077	948.6631593214883 
68.12799999996125	948.5373448283449 
68.22799999996172	948.4136444052922 
68.3279999999622	948.292022529456 
68.42799999996268	948.1724442748563 
68.52799999996316	948.0548753023762 
68.62799999996363	947.9392818499026 
68.72799999996411	947.8256307226285 
68.82799999996459	947.7138892835225 
68.92799999996507	947.6040254439547 
69.02799999996554	947.4960076544838 
69.12799999996602	947.3898048957954 
69.2279999999665	947.285386669795 
69.32799999996698	947.1827229908499 
69.42799999996745	947.0817843771782 
69.52799999996793	946.982541842383 
69.62799999996841	946.8849668871266 
69.72799999996889	946.789031490949 
69.82799999996936	946.6947081042194 
69.92799999996984	946.6019696402261 
70.02799999997032	946.5107894673964 
70.1279999999708	946.4211414016505 
70.22799999997127	946.332999698882 
70.32799999997175	946.2463390475637 
70.42799999997223	946.16113456148 
70.5279999999727	946.0773617725808 
70.62799999997318	945.9949966239546 
70.72799999997366	945.9140154629181 
70.82799999997414	945.8343950342278 
70.92799999997462	945.7561124733988 
71.0279999999751	945.6791453001401 
71.12799999997557	945.6034714118985 
71.22799999997605	945.5290690775115 
71.32799999997653	945.4559169309671 
71.427999999977	945.3839939652687 
71.52799999997748	945.3132795264007 
71.62799999997796	945.2437533073976 
71.72799999997844	945.1753953425161 
71.82799999997891	945.1081860014967 
71.92799999997939	945.0421059839283 
72.02799999997987	944.9771363137071 
72.12799999998035	944.9132583335859 
72.22799999998082	944.8504536998166 
72.3279999999813	944.7887043768818 
72.42799999998178	944.7279926323174 
72.52799999998226	944.6683010316175 
72.62799999998273	944.6096124332313 
72.72799999998321	944.5519099836373 
72.82799999998369	944.4951771125061 
72.92799999998417	944.4393975279393 
73.02799999998464	944.3845552117943 
73.12799999998512	944.3306344150816 
73.2279999999856	944.2776196534422 
73.32799999998608	944.2254957027035 
73.42799999998655	944.1742475945048 
73.52799999998703	944.1238606120004 
73.62799999998751	944.0743202856312 
73.72799999998799	944.0256123889744 
73.82799999998846	943.9777229346523 
73.92799999998894	943.9306381703179 
74.02799999998942	943.8843445747083 
74.1279999999899	943.8388288537564 
74.22799999999037	943.7940779367782 
74.32799999999085	943.7500789727168 
74.42799999999133	943.7068193264527 
74.5279999999918	943.6642865751751 
74.62799999999228	943.6224685048143 
74.72799999999276	943.5813531065346 
74.82799999999324	943.5409285732868 
74.92799999999372	943.5011832964146 
75.0279999999942	943.4621058623245 
75.12799999999467	943.4236850492048 
75.22799999999515	943.3859098238056 
75.32799999999563	943.3487693382699 
75.4279999999961	943.3122529270177 
75.52799999999658	943.2763501036823 
75.62799999999706	943.2410505581017 
75.72799999999754	943.206344153357 
75.82799999999801	943.1722209228583 
75.92799999999849	943.1386710674861 
76.02799999999897	943.1056849527771 
76.12799999999945	943.0732531061559 
76.22799999999992	943.0413662142149 
76.3280000000004	943.0100151200413 
76.42800000000088	942.9791908205864 
76.52800000000136	942.9488844640798 
76.62800000000183	942.9190873474886 
76.72800000000231	942.8897909140171 
76.82800000000279	942.8609867506511 
76.92800000000327	942.8326665857394 
77.02800000000374	942.8048222866206 
77.12800000000422	942.7774458572882 
77.2280000000047	942.7505294360913 
77.32800000000518	942.7240652934797 
77.42800000000565	942.6980458297838 
77.52800000000613	942.672463573031 
77.62800000000661	942.6473111768013 
77.72800000000709	942.6225814181174 
77.82800000000756	942.598267195369 
77.92800000000804	942.5743615262764 
78.02800000000852	942.5508575458823 
78.128000000009	942.5277485045824 
78.22800000000947	942.5050277661865 
78.32800000000995	942.4826888060119 
78.42800000001043	942.4607252090126 
78.5280000000109	942.4391306679327 
78.62800000001138	942.4178989814992 
78.72800000001186	942.3970240526392 
78.82800000001234	942.3764998867289 
78.92800000001282	942.3563205898729 
79.0280000000133	942.3364803672112 
79.12800000001377	942.316973521256 
79.22800000001425	942.2977944502536 
79.32800000001473	942.278937646578 
79.4280000000152	942.2603976951478 
79.52800000001568	942.2421692718716 
79.62800000001616	942.224247142119 
79.72800000001664	942.206626159218 
79.82800000001711	942.1893012629757 
79.92800000001759	942.1722674782267 
80.02800000001807	942.155519913403 
80.12800000001855	942.139053759131 
80.22800000001902	942.1228642868482 
80.3280000000195	942.1069468474467 
80.42800000001998	942.091296869939 
80.52800000002046	942.0759098601435 
80.62800000002093	942.0607813993934 
80.72800000002141	942.045907143271 
80.82800000002189	942.0312828203574 
80.92800000002237	942.0169042310066 
81.02800000002284	942.0027672461399 
81.12800000002332	941.9888678060597 
81.2280000000238	941.9752019192829 
81.32800000002428	941.961765661397 
81.42800000002475	941.9485551739308 
81.52800000002523	941.9355666632473 
81.62800000002571	941.9227963994548 
81.72800000002619	941.910240715335 
81.82800000002666	941.8978960052895 
81.92800000002714	941.8857587243058 
82.02800000002762	941.8738253869386 
82.1280000000281	941.8620925663087 
82.22800000002857	941.8505568931175 
82.32800000002905	941.8392150546831 
82.42800000002953	941.8280637939858 
82.52800000003	941.8170999087339 
82.62800000003048	941.8063202504447 
82.72800000003096	941.7957217235383 
82.82800000003144	941.7853012844516 
82.92800000003191	941.7750559407613 
83.02800000003239	941.7649827503275 
83.12800000003287	941.755078820446 
83.22800000003335	941.7453413070194 
83.32800000003382	941.7357674137404 
83.4280000000343	941.7263543912871 
83.52800000003478	941.7170995365358 
83.62800000003526	941.7080001917825 
83.72800000003573	941.699053743982 
83.82800000003621	941.6902576239953 
83.92800000003669	941.6816093058532 
84.02800000003717	941.6731063060306 
84.12800000003764	941.6647461827331 
84.22800000003812	941.6565265351965 
84.3280000000386	941.6484450029957 
84.42800000003908	941.6404992653689 
84.52800000003955	941.6326870405504 
84.62800000004003	941.625006085114 
84.72800000004051	941.6174541933314 
84.82800000004099	941.6100291965365 
84.92800000004146	941.6027289625031 
85.02800000004194	941.595551394834 
85.12800000004242	941.5884944323572 
85.2280000000429	941.5815560485348 
85.32800000004337	941.5747342508813 
85.42800000004385	941.5680270803903 
85.52800000004433	941.5614326109734 
85.6280000000448	941.5549489489061 
85.72800000004528	941.5485742322849 
85.82800000004576	941.5423066304912 
85.92800000004624	941.536144343667 
86.02800000004672	941.5300856021971 
86.1280000000472	941.5241286662014 
86.22800000004767	941.5182718250344 
86.32800000004815	941.5125133967964 
86.42800000004863	941.5068517278477 
86.5280000000491	941.5012851923343 
86.62800000004958	941.4958121917227 
86.72800000005006	941.4904311543386 
86.82800000005054	941.485140534918 
86.92800000005101	941.4799388141603 
87.02800000005149	941.4748244982959 
87.12800000005197	941.4697961186534 
87.22800000005245	941.4648522312398 
87.32800000005292	941.4599914163264 
87.4280000000534	941.4552122780402 
87.52800000005388	941.4505134439623 
87.62800000005436	941.4458935647363 
87.72800000005483	941.4413513136768 
87.82800000005531	941.4368853863926 
87.92800000005579	941.4324945004104 
88.02800000005627	941.4281773948046 
88.12800000005674	941.4239328298389 
88.22800000005722	941.419759586607 
88.3280000000577	941.4156564666849 
88.42800000005818	941.4116222917862 
88.52800000005865	941.4076559034222 
88.62800000005913	941.4037561625702 
88.72800000005961	941.3999219493481 
88.82800000006009	941.3961521626896 
88.92800000006056	941.392445720031 
89.02800000006104	941.3888015569984 
89.12800000006152	941.3852186271025 
89.228000000062	941.3816959014383 
89.32800000006247	941.3782323683905 
89.42800000006295	941.3748270333404 
89.52800000006343	941.3714789183831 
89.6280000000639	941.3681870620454 
89.72800000006438	941.3649505190092 
89.82800000006486	941.3617683598419 
89.92800000006534	941.3586396707267 
90.02800000006582	941.3555635532023 
90.1280000000663	941.3525391239046 
90.22800000006677	941.3495655143126 
90.32800000006725	941.3466418704994 
90.42800000006773	941.3437673528863 
90.5280000000682	941.3409411360014 
90.62800000006868	941.3381624082447 
90.72800000006916	941.3354303716533 
90.82800000006964	941.3327442416713 
90.92800000007011	941.3301032469273 
91.02800000007059	941.3275066290101 
91.12800000007107	941.3249536422529 
91.22800000007155	941.3224435535183 
91.32800000007202	941.319975641987 
91.4280000000725	941.317549198953 
91.52800000007298	941.3151635276183 
91.62800000007346	941.3128179428928 
91.72800000007393	941.3105117711979 
91.82800000007441	941.308244350274 
91.92800000007489	941.306015028989 
92.02800000007537	941.3038231671518 
92.12800000007584	941.3016681353289 
92.22800000007632	941.2995493146623 
92.3280000000768	941.297466096694 
92.42800000007728	941.2954178831886 
92.52800000007775	941.2934040859642 
92.62800000007823	941.291424126721 
92.72800000007871	941.2894774368774 
92.82800000007919	941.2875634574046 
92.92800000007966	941.285681638669 
93.02800000008014	941.28383144027 
93.12800000008062	941.2820123308896 
93.2280000000811	941.2802237881369 
93.32800000008157	941.2784652983976 
93.42800000008205	941.2767363566904 
93.52800000008253	941.2750364665158 
93.628000000083	941.2733651397201 
93.72800000008348	941.27172189635 
93.82800000008396	941.2701062645178 
93.92800000008444	941.268517780265 
94.02800000008492	941.2669559874287 
94.1280000000854	941.2654204375112 
94.22800000008587	941.2639106895507 
94.32800000008635	941.2624263099954 
94.42800000008683	941.2609668725779 
94.5280000000873	941.2595319581934 
94.62800000008778	941.2581211547802 
94.72800000008826	941.2567340571989 
94.82800000008874	941.2553702671197 
94.92800000008921	941.254029392904 
95.02800000008969	941.2527110494963 
95.12800000009017	941.2514148583082 
95.22800000009065	941.2501404471152 
95.32800000009112	941.2488874499462 
95.4280000000916	941.24765550698 
95.52800000009208	941.2464442644413 
95.62800000009256	941.245253374499 
95.72800000009303	941.2440824951675 
95.82800000009351	941.2429312902065 
95.92800000009399	941.241799429026 
96.02800000009447	941.2406865865912 
96.12800000009494	941.2395924433292 
96.22800000009542	941.238516685036 
96.3280000000959	941.2374590027879 
96.42800000009638	941.2364190928513 
96.52800000009685	941.2353966565971 
96.62800000009733	941.2343914004141 
96.72800000009781	941.233403035624 
96.82800000009829	941.2324312783991 
96.92800000009876	941.231475849682 
97.02800000009924	941.2305364751029 
97.12800000009972	941.2296128849034 
97.2280000001002	941.228704813857 
97.32800000010067	941.2278120011947 
97.42800000010115	941.2269341905287 
97.52800000010163	941.226071129779 
97.6280000001021	941.225222571102 
97.72800000010258	941.2243882708183 
97.82800000010306	941.2235679893424 
97.92800000010354	941.2227614911162 
98.02800000010402	941.2219685445393 
98.12800000010449	941.2211889219009 
98.22800000010497	941.2204223993182 
98.32800000010545	941.2196687566703 
98.42800000010592	941.2189277775351 
98.5280000001064	941.2181992491259 
98.62800000010688	941.2174829622331 
98.72800000010736	941.2167787111607 
98.82800000010783	941.2160862936705 
98.92800000010831	941.2154055109214 
99.02800000010879	941.2147361674153 
99.12800000010927	941.2140780709362 
99.22800000010974	941.2134310325005 
99.32800000011022	941.2127948662986 
99.4280000001107	941.2121693896437 
99.52800000011118	941.2115544229187 
99.62800000011165	941.2109497895242 
99.72800000011213	941.2103553158283 
99.82800000011261	941.209770831118 
99.92800000011309	941.2091961675465 
