0.001	1000.3262653795341 
0.10100000000000008	1000.3261405926378 
0.20100000000000015	1000.3261631247046 
0.3010000000000002	1000.3261573717309 
0.4010000000000003	1000.3261566085131 
0.5020000000000003	1000.3261551205939 
0.6020000000000004	1000.3261537326606 
0.7020000000000005	1000.3261523806816 
0.8020000000000006	1000.3261510430395 
0.9020000000000007	1000.3261497310201 
1.0030000000000003	1000.3261484272646 
1.1039999999999892	1000.3261471459138 
1.204999999999978	1000.3261458862319 
1.305999999999967	1000.3261446479457 
1.4069999999999558	1000.326143430668 
1.5079999999999447	1000.3261422340485 
1.6089999999999336	1000.3261410577345 
1.7099999999999225	1000.3261399013818 
1.8109999999999113	1000.3261387646531 
1.9119999999999002	1000.3261376472136 
2.0129999999998893	1000.3261365487376 
2.113999999999878	1000.3261354689012 
2.214999999999867	1000.32613440739 
2.315999999999856	1000.326133363892 
2.416999999999845	1000.3261323381021 
2.5179999999998337	1000.326131329719 
2.6189999999998226	1000.326130338448 
2.7199999999998115	1000.3261293639988 
2.8209999999998003	1000.3261284060857 
2.921999999999789	1000.3261274644276 
3.022999999999778	1000.3261265387492 
3.123999999999767	1000.3261256287796 
3.224999999999756	1000.3261247342521 
3.3259999999997447	1000.3261238549032 
3.4269999999997336	1000.3261229904779 
3.5279999999997225	1000.3261221407212 
3.6289999999997113	1000.3261213053845 
3.7299999999997	1000.3261204842238 
3.830999999999689	1000.3261196769973 
3.931999999999678	1000.3261188834691 
4.031999999999681	1000.3261181110649 
4.131999999999715	1000.3261173516398 
4.231999999999748	1000.326116604976 
4.331999999999781	1000.3261158708573 
4.431999999999815	1000.3261151490742 
4.531999999999848	1000.3261144394196 
4.6319999999998815	1000.3261137416891 
4.731999999999915	1000.3261130556831 
4.831999999999948	1000.3261123812035 
4.931999999999982	1000.3261117180581 
5.032000000000015	1000.3261110660542 
5.1320000000000485	1000.326110425007 
5.232000000000082	1000.3261097947311 
5.332000000000115	1000.326109175046 
5.432000000000149	1000.3261085657737 
5.532000000000182	1000.3261079667383 
5.6320000000002155	1000.3261073777686 
5.732000000000249	1000.3261067986958 
5.832000000000282	1000.3261062293533 
5.932000000000316	1000.326105669577 
6.032000000000349	1000.3261051192076 
6.1320000000003825	1000.326104578085 
6.232000000000416	1000.3261040460558 
6.332000000000449	1000.3261035229657 
6.432000000000483	1000.3261030086654 
6.532000000000516	1000.326102503007 
6.6320000000005495	1000.3261020058454 
6.732000000000583	1000.3261015170372 
6.832000000000616	1000.326101036443 
6.93200000000065	1000.3261005639223 
7.032000000000683	1000.3261000993446 
7.132000000000716	1000.326099642571 
7.23200000000075	1000.326099193473 
7.332000000000783	1000.3260987519218 
7.432000000000817	1000.3260983177896 
7.53200000000085	1000.3260978909519 
7.632000000000883	1000.3260974712872 
7.732000000000917	1000.3260970586739 
7.83200000000095	1000.3260966529937 
7.932000000000984	1000.3260962541294 
8.032000000000988	1000.3260958619677 
8.133000000000932	1000.3260954725728 
8.234000000000876	1000.3260950897858 
8.33500000000082	1000.3260947134949 
8.436000000000764	1000.3260943435889 
8.537000000000708	1000.3260939799603 
8.638000000000652	1000.3260936225026 
8.739000000000596	1000.326093271111 
8.84000000000054	1000.3260929256827 
8.941000000000484	1000.3260925861146 
9.042000000000428	1000.3260922523107 
9.143000000000372	1000.3260919241698 
9.244000000000316	1000.3260916015979 
9.34500000000026	1000.3260912845002 
9.446000000000204	1000.3260909727835 
9.547000000000148	1000.326090666356 
9.648000000000092	1000.3260903651296 
9.749000000000036	1000.326090069014 
9.84999999999998	1000.3260897779237 
9.950999999999924	1000.3260894917732 
10.051999999999868	1000.3260892104787 
10.152999999999812	1000.3260889339581 
10.253999999999756	1000.3260886621273 
10.3549999999997	1000.3260883949124 
10.455999999999644	1000.3260881322301 
10.556999999999588	1000.3260878740064 
10.657999999999532	1000.3260876201645 
10.758999999999476	1000.32608737063 
10.85999999999942	1000.3260871253307 
10.960999999999364	1000.3260868841937 
11.061999999999308	1000.326086647148 
11.162999999999252	1000.3260864141264 
11.263999999999196	1000.3260861850582 
11.36499999999914	1000.3260859598771 
11.465999999999084	1000.3260857385176 
11.566999999999029	1000.3260855209144 
11.667999999998973	1000.3260853070041 
11.768999999998917	1000.3260850967239 
11.86999999999886	1000.3260848900128 
11.970999999998805	1000.3260846868071 
12.071999999998749	1000.3260844870512 
12.172999999998693	1000.3260842906841 
12.273999999998637	1000.3260840976499 
12.37499999999858	1000.3260839078916 
12.475999999998525	1000.3260837213531 
12.576999999998469	1000.3260835379806 
12.677999999998413	1000.3260833577197 
12.778999999998357	1000.3260831805178 
12.8799999999983	1000.3260830063228 
12.980999999998245	1000.3260828350847 
13.081999999998189	1000.3260826667513 
13.182999999998133	1000.326082501275 
13.283999999998077	1000.3260823386067 
13.384999999998021	1000.3260821786993 
13.485999999997965	1000.3260820215047 
13.586999999997909	1000.326081866978 
13.687999999997853	1000.3260817150735 
13.788999999997797	1000.3260815657469 
13.889999999997741	1000.3260814189546 
13.990999999997685	1000.3260812746528 
14.091999999997629	1000.3260811328004 
14.192999999997573	1000.326080993355 
14.293999999997517	1000.3260808562775 
14.394999999997461	1000.3260807215233 
14.495999999997405	1000.326080589056 
14.59699999999735	1000.326080458837 
14.697999999997293	1000.326080330828 
14.798999999997237	1000.3260802049914 
14.899999999997181	1000.3260800812899 
15.000999999997125	1000.3260799596881 
15.10199999999707	1000.3260798401498 
15.202999999997013	1000.3260797226396 
15.303999999996957	1000.3260796071238 
15.404999999996901	1000.3260794935684 
15.505999999996845	1000.3260793819398 
15.60699999999679	1000.3260792722057 
15.707999999996733	1000.3260791643336 
15.808999999996677	1000.3260790582921 
15.909999999996622	1000.3260789540502 
16.010999999996585	1000.3260788515778 
16.110999999996707	1000.3260787518323 
16.21099999999683	1000.326078653763 
16.31099999999695	1000.3260785573416 
16.410999999997074	1000.3260784625407 
16.510999999997196	1000.3260783693324 
16.61099999999732	1000.3260782776905 
16.71099999999744	1000.3260781875885 
16.810999999997563	1000.3260780990005 
16.910999999997685	1000.3260780119008 
17.010999999997807	1000.3260779262648 
17.11099999999793	1000.3260778420679 
17.21099999999805	1000.3260777592857 
17.310999999998174	1000.3260776778944 
17.410999999998296	1000.3260775978708 
17.51099999999842	1000.3260775191922 
17.61099999999854	1000.3260774418352 
17.710999999998663	1000.3260773657784 
17.810999999998785	1000.3260772909994 
17.910999999998907	1000.326077217477 
18.01099999999903	1000.3260771451903 
18.11099999999915	1000.3260770741184 
18.210999999999274	1000.3260770042414 
18.310999999999396	1000.3260769355377 
18.410999999999518	1000.3260768679895 
18.51099999999964	1000.3260768015732 
18.610999999999763	1000.326076736274 
18.710999999999885	1000.3260766720716 
18.811000000000007	1000.3260766089484 
18.91100000000013	1000.3260765468859 
19.01100000000025	1000.3260764858662 
19.111000000000374	1000.3260764258719 
19.211000000000496	1000.3260763668857 
19.311000000000618	1000.3260763088908 
19.41100000000074	1000.3260762518702 
19.511000000000863	1000.3260761958078 
19.611000000000985	1000.3260761406875 
19.711000000001107	1000.3260760864935 
19.81100000000123	1000.3260760332101 
19.91100000000135	1000.326075980822 
20.011000000001474	1000.3260759293142 
20.111000000001596	1000.326075878672 
20.211000000001718	1000.3260758288808 
20.31100000000184	1000.3260757799259 
20.411000000001962	1000.3260757317939 
20.511000000002085	1000.3260756844707 
20.611000000002207	1000.3260756379427 
20.71100000000233	1000.3260755921966 
20.81100000000245	1000.326075547219 
20.911000000002574	1000.3260755029971 
21.011000000002696	1000.3260754595183 
21.111000000002818	1000.3260754167699 
21.21100000000294	1000.32607537474 
21.311000000003062	1000.3260753334165 
21.411000000003185	1000.3260752927874 
21.511000000003307	1000.3260752528407 
21.61100000000343	1000.3260752135653 
21.71100000000355	1000.32607517495 
21.811000000003673	1000.3260751369836 
21.911000000003796	1000.3260750996551 
22.011000000003918	1000.3260750629538 
22.11100000000404	1000.3260750268694 
22.211000000004162	1000.3260749913912 
22.311000000004285	1000.3260749565095 
22.411000000004407	1000.3260749222142 
22.51100000000453	1000.3260748884942 
22.61100000000465	1000.3260748553404 
22.711000000004773	1000.3260748227442 
22.811000000004896	1000.3260747906957 
22.911000000005018	1000.3260747591855 
23.01100000000514	1000.3260747282047 
23.111000000005262	1000.3260746977448 
23.211000000005384	1000.3260746677967 
23.311000000005507	1000.3260746383519 
23.41100000000563	1000.3260746094019 
23.51100000000575	1000.326074580938 
23.611000000005873	1000.3260745529528 
23.711000000005996	1000.3260745254378 
23.811000000006118	1000.3260744983852 
23.91100000000624	1000.3260744717868 
24.011000000006362	1000.3260744456354 
24.111000000006484	1000.3260744199235 
24.211000000006607	1000.3260743946437 
24.31100000000673	1000.3260743697891 
24.41100000000685	1000.3260743453516 
24.511000000006973	1000.3260743213251 
24.611000000007095	1000.3260742977022 
24.711000000007218	1000.3260742744765 
24.81100000000734	1000.326074251641 
24.911000000007462	1000.3260742291894 
25.011000000007584	1000.326074207114 
25.111000000007706	1000.3260741854101 
25.21100000000783	1000.3260741640706 
25.31100000000795	1000.3260741430901 
25.411000000008073	1000.3260741224618 
25.511000000008195	1000.3260741021804 
25.611000000008318	1000.3260740822395 
25.71100000000844	1000.326074062634 
25.811000000008562	1000.3260740433578 
25.911000000008684	1000.3260740244057 
26.011000000008806	1000.3260740057717 
26.11100000000893	1000.3260739874511 
26.21100000000905	1000.3260739694384 
26.311000000009173	1000.3260739517282 
26.411000000009295	1000.3260739343158 
26.511000000009417	1000.3260739171957 
26.61100000000954	1000.3260739003638 
26.711000000009662	1000.3260738838139 
26.811000000009784	1000.3260738675425 
26.911000000009906	1000.3260738515445 
27.01100000001003	1000.3260738358152 
27.11100000001015	1000.3260738203502 
27.211000000010273	1000.3260738051454 
27.311000000010395	1000.3260737901959 
27.411000000010517	1000.3260737754975 
27.51100000001064	1000.3260737610462 
27.611000000010762	1000.3260737468378 
27.711000000010884	1000.3260737328682 
27.811000000011006	1000.3260737191334 
27.91100000001113	1000.326073705629 
28.01100000001125	1000.3260736923514 
28.111000000011373	1000.3260736792972 
28.211000000011495	1000.3260736664622 
28.311000000011617	1000.326073653843 
28.41100000001174	1000.3260736414359 
28.51100000001186	1000.3260736292372 
28.611000000011984	1000.3260736172435 
28.711000000012106	1000.3260736054514 
28.81100000001223	1000.3260735938576 
28.91100000001235	1000.3260735824587 
29.011000000012473	1000.3260735712508 
29.111000000012595	1000.3260735602317 
29.211000000012717	1000.3260735493976 
29.31100000001284	1000.3260735387455 
29.41100000001296	1000.3260735282726 
29.511000000013084	1000.3260735179756 
29.611000000013206	1000.3260735078516 
29.71100000001333	1000.3260734978978 
29.81100000001345	1000.3260734881113 
29.911000000013573	1000.3260734784892 
30.011000000013695	1000.3260734690285 
30.111000000013817	1000.3260734597269 
30.21100000001394	1000.3260734505815 
30.31100000001406	1000.3260734415896 
30.411000000014184	1000.326073432749 
30.511000000014306	1000.326073424057 
30.61100000001443	1000.3260734155108 
30.71100000001455	1000.3260734071084 
30.811000000014673	1000.3260733988471 
30.911000000014795	1000.3260733907248 
31.011000000014917	1000.3260733827389 
31.11100000001504	1000.3260733748873 
31.21100000001516	1000.3260733671675 
31.311000000015284	1000.3260733595778 
31.411000000015406	1000.3260733521154 
31.511000000015528	1000.3260733447783 
31.61100000001565	1000.3260733375647 
31.711000000015773	1000.3260733304721 
31.811000000015895	1000.326073323499 
31.911000000016017	1000.326073316643 
32.0110000000161	1000.3260733099024 
32.11200000001586	1000.3260733032091 
32.213000000015626	1000.3260732966296 
32.31400000001539	1000.3260732901614 
32.415000000015155	1000.3260732838033 
32.51600000001492	1000.326073277553 
32.617000000014684	1000.3260732714087 
32.71800000001445	1000.3260732653688 
32.81900000001421	1000.3260732594316 
32.92000000001398	1000.3260732535948 
33.02100000001374	1000.326073247857 
33.12200000001351	1000.3260732422168 
33.22300000001327	1000.3260732366722 
33.32400000001304	1000.3260732312218 
33.4250000000128	1000.3260732258638 
33.526000000012566	1000.3260732205966 
33.62700000001233	1000.3260732154189 
33.728000000012095	1000.326073210329 
33.82900000001186	1000.3260732053257 
33.930000000011624	1000.326073200407 
34.03100000001139	1000.3260731955714 
34.13200000001115	1000.3260731908183 
34.23300000001092	1000.3260731861458 
34.33400000001068	1000.3260731815525 
34.43500000001045	1000.3260731770372 
34.53600000001021	1000.3260731725984 
34.63700000000998	1000.326073168235 
34.73800000000974	1000.3260731639455 
34.839000000009506	1000.3260731597292 
34.94000000000927	1000.3260731555841 
35.041000000009035	1000.3260731515096 
35.1420000000088	1000.326073147504 
35.243000000008564	1000.3260731435669 
35.34400000000833	1000.3260731396962 
35.44500000000809	1000.3260731358913 
35.54600000000786	1000.3260731321512 
35.64700000000762	1000.3260731284743 
35.74800000000739	1000.3260731248602 
35.84900000000715	1000.3260731213074 
35.950000000006916	1000.3260731178148 
36.05100000000668	1000.3260731143818 
36.152000000006446	1000.3260731110067 
36.25300000000621	1000.3260731076892 
36.354000000005975	1000.326073104428 
36.45500000000574	1000.3260731012223 
36.556000000005504	1000.326073098071 
36.65700000000527	1000.3260730949728 
36.75800000000503	1000.3260730919278 
36.8590000000048	1000.3260730889341 
36.96000000000456	1000.3260730859915 
37.06100000000433	1000.3260730830989 
37.16200000000409	1000.3260730802551 
37.263000000003856	1000.3260730774599 
37.36400000000362	1000.3260730747121 
37.465000000003386	1000.326073072011 
37.56600000000315	1000.3260730693556 
37.667000000002915	1000.3260730667455 
37.76800000000268	1000.3260730641792 
37.869000000002444	1000.3260730616574 
37.97000000000221	1000.3260730591779 
38.07100000000197	1000.3260730567406 
38.17200000000174	1000.3260730543449 
38.2730000000015	1000.3260730519897 
38.37400000000127	1000.3260730496745 
38.47500000000103	1000.3260730473984 
38.576000000000796	1000.3260730451617 
38.67700000000056	1000.3260730429622 
38.778000000000326	1000.3260730408002 
38.87900000000009	1000.3260730386746 
38.979999999999855	1000.3260730365857 
39.08099999999962	1000.3260730345321 
39.181999999999384	1000.3260730325135 
39.28299999999915	1000.326073030529 
39.38399999999891	1000.3260730285782 
39.48499999999868	1000.3260730266608 
39.58599999999844	1000.3260730247762 
39.68699999999821	1000.3260730229233 
39.78799999999797	1000.3260730211016 
39.888999999997736	1000.3260730193111 
39.9899999999975	1000.3260730175514 
40.090999999997265	1000.3260730158208 
40.19199999999703	1000.32607301412 
40.292999999996795	1000.3260730124479 
40.39399999999656	1000.3260730108045 
40.494999999996324	1000.3260730091882 
40.59599999999609	1000.3260730076 
40.69699999999585	1000.326073006039 
40.79799999999562	1000.3260730045037 
40.89899999999538	1000.326073002995 
40.99999999999515	1000.3260730015123 
41.10099999999491	1000.3260730000547 
41.201999999994676	1000.3260729986213 
41.30299999999444	1000.3260729972128 
41.403999999994205	1000.3260729958278 
41.50499999999397	1000.3260729944666 
41.605999999993735	1000.3260729931286 
41.7069999999935	1000.3260729918132 
41.807999999993264	1000.3260729905207 
41.90899999999303	1000.3260729892494 
42.00999999999279	1000.3260729880004 
42.11099999999256	1000.326072986772 
42.21199999999232	1000.3260729855645 
42.31299999999209	1000.3260729843774 
42.41399999999185	1000.3260729832109 
42.514999999991616	1000.3260729820645 
42.61599999999138	1000.3260729809359 
42.716999999991145	1000.326072979828 
42.81799999999091	1000.3260729787384 
42.918999999990675	1000.3260729776666 
43.01999999999044	1000.3260729766142 
43.120999999990204	1000.3260729755785 
43.22199999998997	1000.3260729745616 
43.32299999998973	1000.3260729735609 
43.4239999999895	1000.3260729725785 
43.52499999998926	1000.3260729716113 
43.62599999998903	1000.3260729706622 
43.72699999998879	1000.326072969728 
43.827999999988556	1000.3260729688104 
43.92899999998832	1000.3260729679087 
44.029999999988085	1000.3260729670209 
44.13099999998785	1000.3260729661497 
44.231999999987615	1000.3260729652932 
44.33299999998738	1000.3260729644504 
44.433999999987144	1000.3260729636218 
44.53499999998691	1000.3260729628086 
44.63599999998667	1000.3260729620089 
44.73699999998644	1000.3260729612223 
44.8379999999862	1000.326072960449 
44.93899999998597	1000.3260729596884 
45.03999999998573	1000.326072958941 
45.140999999985496	1000.326072958207 
45.24199999998526	1000.3260729574852 
45.342999999985025	1000.3260729567759 
45.44399999998479	1000.326072956078 
45.544999999984555	1000.3260729553923 
45.64599999998432	1000.3260729547177 
45.746999999984084	1000.3260729540549 
45.84799999998385	1000.3260729534027 
45.94899999998361	1000.3260729527619 
46.04999999998338	1000.3260729521315 
46.15099999998314	1000.326072951512 
46.25199999998291	1000.3260729509034 
46.35299999998267	1000.3260729503054 
46.453999999982436	1000.3260729497175 
46.5549999999822	1000.3260729491394 
46.655999999981965	1000.3260729485708 
46.75699999998173	1000.3260729480115 
46.857999999981494	1000.3260729474613 
46.95899999998126	1000.3260729469216 
47.059999999981024	1000.3260729463916 
47.16099999998079	1000.3260729458699 
47.26199999998055	1000.3260729453563 
47.36299999998032	1000.326072944851 
47.46399999998008	1000.3260729443568 
47.56499999997985	1000.3260729438703 
47.66599999997961	1000.3260729433907 
47.766999999979376	1000.32607294292 
47.86799999997914	1000.3260729424586 
47.968999999978905	1000.3260729420036 
48.06999999997867	1000.3260729415558 
48.170999999978434	1000.3260729411182 
48.2719999999782	1000.3260729406861 
48.372999999977964	1000.3260729402613 
48.47399999997773	1000.3260729398457 
48.57499999997749	1000.3260729394345 
48.67599999997726	1000.3260729390327 
48.77699999997702	1000.3260729386367 
48.87799999997679	1000.3260729382463 
48.97899999997655	1000.3260729378653 
49.079999999976316	1000.3260729374873 
49.18099999997608	1000.3260729371199 
49.281999999975845	1000.3260729367553 
49.38299999997561	1000.3260729363993 
49.483999999975374	1000.3260729360475 
49.58499999997514	1000.3260729357028 
49.685999999974904	1000.3260729353628 
49.78699999997467	1000.3260729350296 
49.88799999997443	1000.3260729347008 
49.9889999999742	1000.3260729343788 
50.08999999997396	1000.3219162039322 
50.19099999997373	1000.307572924955 
50.29199999997349	1000.2831730252219 
50.392999999973256	1000.2488844856534 
50.49399999997302	1000.2048756464782 
50.594999999972785	1000.1513113599918 
50.69599999997255	1000.0883537947824 
50.796999999972314	1000.0161623497676 
50.89799999997208	999.9348937208673 
50.99899999997184	999.8447019449819 
51.09999999997161	999.7457384449275 
51.20099999997137	999.6381520739806 
51.30199999997114	999.5220891594083 
51.4029999999709	999.3976935453575 
51.50399999997067	999.265106634986 
51.60499999997043	999.1244674318874 
51.705999999970196	998.9759125808102 
51.80699999996996	998.8195764076858 
51.907999999969725	998.6555909589803 
52.00899999996949	998.4840860403734 
52.109999999969254	998.3051892547861 
52.21099999996902	998.11902603976 
52.31199999996878	997.9257197042026 
52.41299999996855	997.7253914645108 
52.51399999996831	997.5181604800782 
52.61499999996808	997.3041438882034 
52.71599999996784	997.083456838404 
52.81699999996761	996.8562125261486 
52.91799999996737	996.6225222260142 
53.018999999967136	996.3824953242869 
53.1199999999669	996.136239351003 
53.220999999966665	995.8838600114502 
53.32199999996643	995.6254612171308 
53.422999999966194	995.3611451162044 
53.52399999996596	995.0910121234109 
53.62499999996572	994.8151609494827 
53.72599999996549	994.5336886300662 
53.82699999996525	994.2466905541438 
53.92799999996502	993.954260491978 
54.02899999996478	993.656490622582 
54.12999999996455	993.353471560721 
54.23099999996431	993.0452923834566 
54.331999999964076	992.7320406562443 
54.43299999996384	992.4138024585807 
54.533999999963605	992.090662409223 
54.63499999996337	991.7627036909748 
54.735999999963134	991.430008075057 
54.8369999999629	991.0926559450576 
54.93799999996266	990.750726320483 
55.03899999996243	990.4042968799045 
55.13999999996219	990.0534439837135 
55.24099999996196	989.6982426964913 
55.34199999996172	989.3387668089971 
55.442999999961486	988.9750888597857 
55.54399999996125	988.6072801564568 
55.644999999961016	988.2354107965444 
55.74599999996078	987.8595496880486 
55.846999999960545	987.479764569625 
55.94799999996031	987.0961220304263 
56.048999999960074	986.7086875296086 
56.14999999995984	986.3175254155085 
56.2509999999596	985.9226989444926 
56.35199999995937	985.5242702994868 
56.45299999995913	985.122300608195 
56.5539999999589	984.7168499610032 
56.65499999995866	984.3079774285826 
56.755999999958426	983.895741079196 
56.85699999995819	983.4801979957064 
56.957999999957956	983.0614042922989 
57.05899999995772	982.6394151309208 
57.159999999957485	982.2142847374381 
57.26099999995725	981.7860664175221 
57.361999999957014	981.354812572265 
57.46299999995678	980.920574713529 
57.56399999995654	980.4834034790371 
57.66499999995631	980.0433486472074 
57.76599999995607	979.6004591517346 
57.86699999995584	979.1547830959239 
57.9679999999556	978.706367766785 
58.068999999955366	978.2552596488806 
58.16999999995513	977.8015044379472 
58.270999999954896	977.3451470542797 
58.37199999995466	976.886231655889 
58.472999999954425	976.4248016514413 
58.57399999995419	975.9608997129698 
58.674999999953954	975.4945677883798 
58.77599999995372	975.0258471137321 
58.87699999995348	974.5547782253261 
58.97799999995325	974.0814009715752 
59.07899999995301	973.6057545246748 
59.17999999995278	973.1278773920855 
59.28099999995254	972.6478074278053 
59.381999999952306	972.1655818434641 
59.48299999995207	971.6812372192228 
59.583999999951835	971.1948095144883 
59.6849999999516	970.7063340784488 
59.785999999951365	970.2158456604286 
59.88699999995113	969.7233784200661 
59.987999999950894	969.2289659373236 
60.08899999995066	968.7367067876704 
60.18999999995042	968.2527451633573 
60.29099999995019	967.7769939170441 
60.39199999994995	967.309316478906 
60.49299999994972	966.8495752840139 
60.59399999994948	966.3976357603977 
60.694999999949246	965.9533654991643 
60.79599999994901	965.5166343576803 
60.896999999948775	965.0873143994803 
60.99799999994854	964.665279859157 
61.098999999948305	964.2504071056138 
61.19999999994807	963.8425746056806 
61.300999999947834	963.4416628885828 
61.4019999999476	963.0475545109199 
61.50299999994736	962.660134022269 
61.60399999994713	962.2792879313627 
61.70499999994689	961.9049046728416 
61.80599999994666	961.5368745745754 
61.90699999994642	961.1750898255322 
62.007999999946186	960.8194444441986 
62.10899999994595	960.4698342475323 
62.209999999945715	960.1261568204419 
62.31099999994548	959.7883114857876 
62.411999999945245	959.4561992748866 
62.51299999994501	959.1297228985223 
62.613999999944774	958.8087867184441 
62.71499999994454	958.4932967193506 
62.8159999999443	958.1831604813489 
62.91699999994407	957.8782871528816 
63.01799999994383	957.5785874241117 
63.1189999999436	957.2839735007614 
63.21999999994336	956.994359078392 
63.320999999943126	956.7096593171233 
63.42199999994289	956.429790816779 
63.522999999942655	956.1546715924576 
63.62399999994242	955.8842210505128 
63.724999999942185	955.6183599649465 
63.82599999994195	955.3570104542002 
63.926999999941714	955.1000959583384 
64.02799999994167	954.8475412166243 
64.12799999994215	954.6017095849683 
64.22799999994263	954.3600086801209 
64.3279999999431	954.1223690931786 
64.42799999994358	953.8887225815212 
64.52799999994406	953.6590020492135 
64.62799999994454	953.433141527739 
64.72799999994501	953.2110761570544 
64.82799999994549	952.9927421669644 
64.92799999994597	952.7780768588099 
65.02799999994645	952.5670185874595 
65.12799999994692	952.3595067436131 
65.2279999999474	952.15548173639 
65.32799999994788	951.9548849762205 
65.42799999994836	951.7576588580201 
65.52799999994883	951.5637467446462 
65.62799999994931	951.3730929506338 
65.72799999994979	951.1856427262061 
65.82799999995026	951.00134224155 
65.92799999995074	950.8201385713587 
66.02799999995122	950.6419796796332 
66.1279999999517	950.4668144047389 
66.22799999995217	950.2945924447149 
66.32799999995265	950.1252643428265 
66.42799999995313	949.9587814733648 
66.52799999995361	949.7950960276825 
66.62799999995408	949.634161000463 
66.72799999995456	949.4759301762261 
66.82799999995504	949.3203581160512 
66.92799999995552	949.1674001445323 
67.027999999956	949.0170123369479 
67.12799999995647	948.8691515066462 
67.22799999995695	948.723775192643 
67.32799999995743	948.5808416474302 
67.4279999999579	948.4403098249866 
67.52799999995838	948.3021393689895 
67.62799999995886	948.166290601226 
67.72799999995934	948.0327245102001 
67.82799999995981	947.9014027399281 
67.92799999996029	947.7722875789251 
68.02799999996077	947.6453419493747 
68.12799999996125	947.5205293964823 
68.22799999996172	947.3978140780049 
68.3279999999622	947.2771607539604 
68.42799999996268	947.1585347765058 
68.52799999996316	947.041902079989 
68.62799999996363	946.9272291711651 
68.72799999996411	946.8144831195793 
68.82799999996459	946.7036315481082 
68.92799999996507	946.5946426236651 
69.02799999996554	946.4874850480561 
69.12799999996602	946.3821280489934 
69.2279999999665	946.2785413712584 
69.32799999996698	946.1766952680125 
69.42799999996745	946.076560492256 
69.52799999996793	945.9781082884292 
69.62799999996841	945.881310384152 
69.72799999996889	945.7861389821092 
69.82799999996936	945.6925667520662 
69.92799999996984	945.600566823018 
70.02799999997032	945.5101127754778 
70.1279999999708	945.4211786338849 
70.22799999997127	945.33373885915 
70.32799999997175	945.247768341317 
70.42799999997223	945.1632423923561 
70.5279999999727	945.0801367390704 
70.62799999997318	944.998427516129 
70.72799999997366	944.9180912592112 
70.82799999997414	944.8391048982684 
70.92799999997462	944.7614457509005 
71.0279999999751	944.6850915158408 
71.12799999997557	944.6100202665529 
71.22799999997605	944.5362104449341 
71.32799999997653	944.4636408551223 
71.427999999977	944.3922906574132 
71.52799999997748	944.322139362272 
71.62799999997796	944.2531668244516 
71.72799999997844	944.1853532372065 
71.82799999997891	944.1186791266069 
71.92799999997939	944.0531253459422 
72.02799999997987	943.9886730702283 
72.12799999998035	943.9253037907966 
72.22799999998082	943.8629993099822 
72.3279999999813	943.8017417358956 
72.42799999998178	943.7415134772872 
72.52799999998226	943.6822972384942 
72.62799999998273	943.6240760144742 
72.72799999998321	943.5668330859206 
72.82799999998369	943.5105520144643 
72.92799999998417	943.4552166379499 
73.02799999998464	943.4008110657968 
73.12799999998512	943.3473196744346 
73.2279999999856	943.294727102817 
73.32799999998608	943.24301824801 
73.42799999998655	943.1921782608562 
73.52799999998703	943.1421925417081 
73.62799999998751	943.093046736239 
73.72799999998799	943.0447267313182 
73.82799999998846	942.997218650959 
73.92799999998894	942.9505088523335 
74.02799999998942	942.9045839218562 
74.1279999999899	942.8594306713297 
74.22799999999037	942.81503613416 
74.32799999999085	942.7713875616312 
74.42799999999133	942.7284724192453 
74.5279999999918	942.6862783831216 
74.62799999999228	942.6447933364599 
74.72799999999276	942.6040053660582 
74.82799999999324	942.5639027588935 
74.92799999999372	942.5244739987569 
75.0279999999942	942.4857077629487 
75.12799999999467	942.447592919023 
75.22799999999515	942.4101185215959 
75.32799999999563	942.3732738091975 
75.4279999999961	942.3370482011852 
75.52799999999658	942.3014312947021 
75.62799999999706	942.2664128616922 
75.72799999999754	942.2319828459622 
75.82799999999801	942.198131360294 
75.92799999999849	942.1648486836042 
76.02799999999897	942.1321252581547 
76.12799999999945	942.0999516868061 
76.22799999999992	942.0683187303197 
76.3280000000004	942.0372173047045 
76.42800000000088	942.0066384786095 
76.52800000000136	941.9765734707559 
76.62800000000183	941.9470136474179 
76.72800000000231	941.9179505199451 
76.82800000000279	941.8893757423192 
76.92800000000327	941.8612811087625 
77.02800000000374	941.8336585513791 
77.12800000000422	941.8065001378393 
77.2280000000047	941.7797980691 
77.32800000000518	941.753544677166 
77.42800000000565	941.7277324228884 
77.52800000000613	941.7023538937996 
77.62800000000661	941.6774018019828 
77.72800000000709	941.652868981982 
77.82800000000756	941.6287483887419 
77.92800000000804	941.6050330955865 
78.02800000000852	941.5817162922292 
78.128000000009	941.5587912828169 
78.22800000000947	941.5362514840066 
78.32800000000995	941.514090423078 
78.42800000001043	941.4923017360693 
78.5280000000109	941.4708791659555 
78.62800000001138	941.4498165608472 
78.72800000001186	941.429107872226 
78.82800000001234	941.4087471532084 
78.92800000001282	941.3887285568344 
79.0280000000133	941.369046334394 
79.12800000001377	941.34969483377 
79.22800000001425	941.3306684978198 
79.32800000001473	941.3119618627788 
79.4280000000152	941.2935695566881 
79.52800000001568	941.2754862978561 
79.62800000001616	941.257706893339 
79.72800000001664	941.2402262374512 
79.82800000001711	941.2230393102969 
79.92800000001759	941.2061411763314 
80.02800000001807	941.1895269829414 
80.12800000001855	941.1731919590526 
80.22800000001902	941.1571314137597 
80.3280000000195	941.1413407349787 
80.42800000001998	941.1258153881238 
80.52800000002046	941.1105509148028 
80.62800000002093	941.0955429315381 
80.72800000002141	941.0807871285092 
80.82800000002189	941.0662792683129 
80.92800000002237	941.0520151847484 
81.02800000002284	941.037990781618 
81.12800000002332	941.024202031556 
81.2280000000238	941.0106449748642 
81.32800000002428	940.9973157183838 
81.42800000002475	940.9842104343705 
81.52800000002523	940.971325359399 
81.62800000002571	940.9586567932805 
81.72800000002619	940.9462010980009 
81.82800000002666	940.9339546966767 
81.92800000002714	940.9219140725252 
82.02800000002762	940.9100757678583 
82.1280000000281	940.8984363830872 
82.22800000002857	940.8869925757454 
82.32800000002905	940.8757410595318 
82.42800000002953	940.8646786033645 
82.52800000003	940.8538020304542 
82.62800000003048	940.84310821739 
82.72800000003096	940.8325940932456 
82.82800000003144	940.822256638695 
82.92800000003191	940.8120928851455 
83.02800000003239	940.8020999138877 
83.12800000003287	940.792274855253 
83.22800000003335	940.7826148877945 
83.32800000003382	940.7731172374725 
83.4280000000343	940.7637791768609 
83.52800000003478	940.7545980243615 
83.62800000003526	940.745571143436 
83.72800000003573	940.7366959418484 
83.82800000003621	940.7279698709194 
83.92800000003669	940.7193904247952 
84.02800000003717	940.7109551397292 
84.12800000003764	940.7026615933723 
84.22800000003812	940.6945074040786 
84.3280000000386	940.6864902302221 
84.42800000003908	940.6786077695207 
84.52800000003955	940.6708577583812 
84.62800000004003	940.6632379712429 
84.72800000004051	940.6557462199432 
84.82800000004099	940.6483803530857 
84.92800000004146	940.6411382554254 
85.02800000004194	940.6340178472598 
85.12800000004242	940.6270170838314 
85.2280000000429	940.6201339547405 
85.32800000004337	940.6133664833687 
85.42800000004385	940.6067127263111 
85.52800000004433	940.6001707728184 
85.6280000000448	940.593738744246 
85.72800000004528	940.5874147935186 
85.82800000004576	940.5811971045954 
85.92800000004624	940.5750838919524 
86.02800000004672	940.5690734000664 
86.1280000000472	940.5631639029127 
86.22800000004767	940.5573537034705 
86.32800000004815	940.5516411332327 
86.42800000004863	940.5460245517282 
86.5280000000491	940.5405023460522 
86.62800000004958	940.5350729304005 
86.72800000005006	940.5297347456146 
86.82800000005054	940.5244862587368 
86.92800000005101	940.5193259625661 
87.02800000005149	940.5142523752284 
87.12800000005197	940.5092640397477 
87.22800000005245	940.5043595236314 
87.32800000005292	940.4995374184565 
87.4280000000534	940.4947963394661 
87.52800000005388	940.4901349251711 
87.62800000005436	940.4855518369596 
87.72800000005483	940.4810457587138 
87.82800000005531	940.4766153964289 
87.92800000005579	940.4722594778437 
88.02800000005627	940.4679767520763 
88.12800000005674	940.4637659892611 
88.22800000005722	940.4596259801996 
88.3280000000577	940.4555555360129 
88.42800000005818	940.4515534877962 
88.52800000005865	940.447618686287 
88.62800000005913	940.4437500015341 
88.72800000005961	940.4399463225722 
88.82800000006009	940.4362065571055 
88.92800000006056	940.4325296311902 
89.02800000006104	940.4289144889289 
89.12800000006152	940.425360092166 
89.228000000062	940.4218654201907 
89.32800000006247	940.4184294694431 
89.42800000006295	940.4150512532265 
89.52800000006343	940.4117298014229 
89.6280000000639	940.4084641602152 
89.72800000006438	940.4052533918153 
89.82800000006486	940.4020965741905 
89.92800000006534	940.3989928008021 
90.02800000006582	940.3959411803438 
90.1280000000663	940.3929408364863 
90.22800000006677	940.3899909076255 
90.32800000006725	940.3870905466339 
90.42800000006773	940.3842389206192 
90.5280000000682	940.3814352106841 
90.62800000006868	940.3786786116912 
90.72800000006916	940.3759683320321 
90.82800000006964	940.3733035933993 
90.92800000007011	940.3706836305639 
91.02800000007059	940.3681076911546 
91.12800000007107	940.3655750354434 
91.22800000007155	940.3630849361298 
91.32800000007202	940.3606366781365 
91.4280000000725	940.3582295584005 
91.52800000007298	940.3558628856732 
91.62800000007346	940.3535359803196 
91.72800000007393	940.3512481741263 
91.82800000007441	940.3489988101067 
91.92800000007489	940.3467872423148 
92.02800000007537	940.3446128356574 
92.12800000007584	940.3424749657138 
92.22800000007632	940.340373018554 
92.3280000000768	940.3383063905658 
92.42800000007728	940.3362744882777 
92.52800000007775	940.3342767281918 
92.62800000007823	940.3323125366147 
92.72800000007871	940.3303813494914 
92.82800000007919	940.3284826122459 
92.92800000007966	940.3266157796203 
93.02800000008014	940.3247803155198 
93.12800000008062	940.3229756928561 
93.2280000000811	940.3212013933987 
93.32800000008157	940.3194569076239 
93.42800000008205	940.3177417345707 
93.52800000008253	940.3160553816954 
93.628000000083	940.3143973647298 
93.72800000008348	940.3127672075445 
93.82800000008396	940.3111644420086 
93.92800000008444	940.3095886078588 
94.02800000008492	940.3080392525651 
94.1280000000854	940.3065159312011 
94.22800000008587	940.305018206317 
94.32800000008635	940.3035456478133 
94.42800000008683	940.3020978328176 
94.5280000000873	940.3006743455626 
94.62800000008778	940.2992747772674 
94.72800000008826	940.2978987260202 
94.82800000008874	940.296545796662 
94.92800000008921	940.2952156006747 
95.02800000008969	940.2939077560676 
95.12800000009017	940.2926218872688 
95.22800000009065	940.2913576250168 
95.32800000009112	940.2901146062554 
95.4280000000916	940.2888924740289 
95.52800000009208	940.2876908773793 
95.62800000009256	940.2865094712456 
95.72800000009303	940.2853479163656 
95.82800000009351	940.2842058791764 
95.92800000009399	940.2830830317213 
96.02800000009447	940.2819790515538 
96.12800000009494	940.2808936216451 
96.22800000009542	940.2798264302944 
96.3280000000959	940.2787771710377 
96.42800000009638	940.2777455425609 
96.52800000009685	940.2767312486124 
96.62800000009733	940.2757339979189 
96.72800000009781	940.2747535041013 
96.82800000009829	940.2737894855932 
96.92800000009876	940.2728416655578 
97.02800000009924	940.271909771812 
97.12800000009972	940.2709935367442 
97.2280000001002	940.2700926972411 
97.32800000010067	940.2692069946099 
97.42800000010115	940.268336174504 
97.52800000010163	940.2674799868525 
97.6280000001021	940.2666381857839 
97.72800000010258	940.2658105295601 
97.82800000010306	940.2649967805038 
97.92800000010354	940.2641967049325 
98.02800000010402	940.2634100730891 
98.12800000010449	940.2626366590779 
98.22800000010497	940.261876240799 
98.32800000010545	940.2611285998836 
98.42800000010592	940.2603935216325 
98.5280000001064	940.2596707949556 
98.62800000010688	940.2589602123073 
98.72800000010736	940.2582615696308 
98.82800000010783	940.2575746662982 
98.92800000010831	940.2568993050525 
99.02800000010879	940.2562352919507 
99.12800000010927	940.2555824363099 
99.22800000010974	940.2549405506496 
99.32800000011022	940.2543094506411 
99.4280000001107	940.2536889550514 
99.52800000011118	940.2530788856947 
99.62800000011165	940.2524790673776 
99.72800000011213	940.2518893278516 
99.82800000011261	940.2513094977617 
99.92800000011309	940.2507394105992 
