0.001	1002.2999896211103 
0.10100000000000008	1002.3000336637755 
0.20100000000000015	1002.3000308515052 
0.3010000000000002	1002.3000275245498 
0.4010000000000003	1002.3000269995628 
0.5020000000000003	1002.300025243158 
0.6020000000000004	1002.3000239451462 
0.7020000000000005	1002.3000225450885 
0.8020000000000006	1002.3000212021313 
0.9020000000000007	1002.3000198730981 
1.0030000000000003	1002.3000185555895 
1.1039999999999892	1002.3000172599354 
1.204999999999978	1002.3000159863806 
1.305999999999967	1002.3000147344137 
1.4069999999999558	1002.3000135036975 
1.5079999999999447	1002.3000122938648 
1.6089999999999336	1002.3000111045628 
1.7099999999999225	1002.3000099354433 
1.8109999999999113	1002.300008786162 
1.9119999999999002	1002.3000076563849 
2.0129999999998893	1002.3000065457792 
2.113999999999878	1002.3000054540208 
2.214999999999867	1002.3000043807884 
2.315999999999856	1002.3000033257687 
2.416999999999845	1002.3000022886525 
2.5179999999998337	1002.300001269135 
2.6189999999998226	1002.3000002669194 
2.7199999999998115	1002.2999992817105 
2.8209999999998003	1002.2999983132208 
2.921999999999789	1002.2999973611649 
3.022999999999778	1002.2999964252665 
3.123999999999767	1002.299995505249 
3.224999999999756	1002.2999946008446 
3.3259999999997447	1002.2999937117876 
3.4269999999997336	1002.2999928378166 
3.5279999999997225	1002.2999919786773 
3.6289999999997113	1002.2999911341174 
3.7299999999997	1002.2999903038897 
3.830999999999689	1002.2999894877496 
3.931999999999678	1002.2999886854603 
4.031999999999681	1002.2999879045279 
4.131999999999715	1002.2999871367175 
4.231999999999748	1002.2999863818089 
4.331999999999781	1002.2999856395844 
4.431999999999815	1002.2999849098323 
4.531999999999848	1002.299984192342 
4.6319999999998815	1002.2999834869074 
4.731999999999915	1002.2999827933269 
4.831999999999948	1002.2999821114009 
4.931999999999982	1002.2999814409318 
5.032000000000015	1002.29998078173 
5.1320000000000485	1002.2999801336044 
5.232000000000082	1002.2999794963691 
5.332000000000115	1002.2999788698418 
5.432000000000149	1002.2999782538423 
5.532000000000182	1002.2999776481917 
5.6320000000002155	1002.29997705272 
5.732000000000249	1002.2999764672534 
5.832000000000282	1002.2999758916243 
5.932000000000316	1002.2999753256677 
6.032000000000349	1002.2999747692206 
6.1320000000003825	1002.2999742221244 
6.232000000000416	1002.2999736842191 
6.332000000000449	1002.2999731553545 
6.432000000000483	1002.2999726353753 
6.532000000000516	1002.2999721241338 
6.6320000000005495	1002.2999716214823 
6.732000000000583	1002.2999711272772 
6.832000000000616	1002.2999706413765 
6.93200000000065	1002.2999701636406 
7.032000000000683	1002.2999696939297 
7.132000000000716	1002.2999692321142 
7.23200000000075	1002.2999687780575 
7.332000000000783	1002.2999683316307 
7.432000000000817	1002.2999678927052 
7.53200000000085	1002.299967461155 
7.632000000000883	1002.2999670368558 
7.732000000000917	1002.2999666196868 
7.83200000000095	1002.299966209528 
7.932000000000984	1002.2999658062585 
8.032000000000988	1002.2999654097673 
8.133000000000932	1002.2999650160729 
8.234000000000876	1002.2999646290593 
8.33500000000082	1002.2999642486134 
8.436000000000764	1002.2999638746228 
8.537000000000708	1002.2999635069799 
8.638000000000652	1002.2999631455751 
8.739000000000596	1002.2999627903037 
8.84000000000054	1002.2999624410609 
8.941000000000484	1002.2999620977458 
9.042000000000428	1002.2999617602535 
9.143000000000372	1002.2999614284903 
9.244000000000316	1002.2999611023569 
9.34500000000026	1002.2999607817577 
9.446000000000204	1002.2999604665991 
9.547000000000148	1002.299960156789 
9.648000000000092	1002.2999598522354 
9.749000000000036	1002.299959552851 
9.84999999999998	1002.2999592585463 
9.950999999999924	1002.2999589692364 
10.051999999999868	1002.299958684836 
10.152999999999812	1002.2999584052618 
10.253999999999756	1002.2999581304327 
10.3549999999997	1002.2999578602634 
10.455999999999644	1002.2999575946822 
10.556999999999588	1002.2999573336068 
10.657999999999532	1002.2999570769624 
10.758999999999476	1002.299956824673 
10.85999999999942	1002.2999565766646 
10.960999999999364	1002.2999563328652 
11.061999999999308	1002.2999560932036 
11.162999999999252	1002.2999558576074 
11.263999999999196	1002.2999556260102 
11.36499999999914	1002.2999553983433 
11.465999999999084	1002.2999551745394 
11.566999999999029	1002.2999549545335 
11.667999999998973	1002.2999547382612 
11.768999999998917	1002.2999545256591 
11.86999999999886	1002.299954316665 
11.970999999998805	1002.2999541112177 
12.071999999998749	1002.2999539092536 
12.172999999998693	1002.2999537107196 
12.273999999998637	1002.299953515554 
12.37499999999858	1002.2999533237004 
12.475999999998525	1002.2999531351024 
12.576999999998469	1002.2999529497049 
12.677999999998413	1002.2999527674539 
12.778999999998357	1002.2999525882952 
12.8799999999983	1002.299952412177 
12.980999999998245	1002.299952239048 
13.081999999998189	1002.2999520688563 
13.182999999998133	1002.2999519015527 
13.283999999998077	1002.2999517370883 
13.384999999998021	1002.2999515754148 
13.485999999997965	1002.2999514164849 
13.586999999997909	1002.2999512602521 
13.687999999997853	1002.2999511066704 
13.788999999997797	1002.2999509556951 
13.889999999997741	1002.2999508072816 
13.990999999997685	1002.299950661387 
14.091999999997629	1002.2999505179677 
14.192999999997573	1002.2999503769836 
14.293999999997517	1002.299950238391 
14.394999999997461	1002.2999501021502 
14.495999999997405	1002.2999499682198 
14.59699999999735	1002.2999498365629 
14.697999999997293	1002.2999497071406 
14.798999999997237	1002.2999495799145 
14.899999999997181	1002.2999494548475 
15.000999999997125	1002.2999493319027 
15.10199999999707	1002.2999492110446 
15.202999999997013	1002.2999490922367 
15.303999999996957	1002.2999489754458 
15.404999999996901	1002.2999488606365 
15.505999999996845	1002.2999487477751 
15.60699999999679	1002.2999486368293 
15.707999999996733	1002.2999485277663 
15.808999999996677	1002.2999484205542 
15.909999999996622	1002.2999483151613 
16.010999999996585	1002.2999482115573 
16.110999999996707	1002.2999481107101 
16.21099999999683	1002.2999480115585 
16.31099999999695	1002.2999479140724 
16.410999999997074	1002.2999478182244 
16.510999999997196	1002.2999477239872 
16.61099999999732	1002.2999476313336 
16.71099999999744	1002.299947540237 
16.810999999997563	1002.2999474506703 
16.910999999997685	1002.2999473626091 
17.010999999997807	1002.2999472760274 
17.11099999999793	1002.2999471909012 
17.21099999999805	1002.2999471072047 
17.310999999998174	1002.2999470249148 
17.410999999998296	1002.2999469440076 
17.51099999999842	1002.2999468644601 
17.61099999999854	1002.2999467862489 
17.710999999998663	1002.2999467093524 
17.810999999998785	1002.2999466337479 
17.910999999998907	1002.2999465594138 
18.01099999999903	1002.2999464863285 
18.11099999999915	1002.2999464144723 
18.210999999999274	1002.2999463438236 
18.310999999999396	1002.2999462743619 
18.410999999999518	1002.2999462060671 
18.51099999999964	1002.299946138918 
18.610999999999763	1002.2999460728972 
18.710999999999885	1002.2999460079864 
18.811000000000007	1002.2999459441658 
18.91100000000013	1002.2999458814178 
19.01100000000025	1002.2999458197245 
19.111000000000374	1002.299945759068 
19.211000000000496	1002.2999456994306 
19.311000000000618	1002.299945640795 
19.41100000000074	1002.2999455831451 
19.511000000000863	1002.2999455264637 
19.611000000000985	1002.2999454707348 
19.711000000001107	1002.2999454159426 
19.81100000000123	1002.2999453620705 
19.91100000000135	1002.2999453091041 
20.011000000001474	1002.2999452570277 
20.111000000001596	1002.2999452058265 
20.211000000001718	1002.2999451554848 
20.31100000000184	1002.2999451059901 
20.411000000001962	1002.2999450573262 
20.511000000002085	1002.2999450094807 
20.611000000002207	1002.2999449624389 
20.71100000000233	1002.2999449161879 
20.81100000000245	1002.299944870714 
20.911000000002574	1002.2999448260033 
21.011000000002696	1002.2999447820442 
21.111000000002818	1002.2999447388241 
21.21100000000294	1002.2999446963302 
21.311000000003062	1002.2999446545502 
21.411000000003185	1002.2999446134725 
21.511000000003307	1002.2999445730849 
21.61100000000343	1002.2999445333759 
21.71100000000355	1002.299944494334 
21.811000000003673	1002.2999444559484 
21.911000000003796	1002.299944418208 
22.011000000003918	1002.2999443811015 
22.11100000000404	1002.2999443446183 
22.211000000004162	1002.2999443087488 
22.311000000004285	1002.299944273482 
22.411000000004407	1002.2999442388074 
22.51100000000453	1002.2999442047156 
22.61100000000465	1002.2999441711954 
22.711000000004773	1002.2999441382394 
22.811000000004896	1002.299944105837 
22.911000000005018	1002.2999440739787 
23.01100000000514	1002.2999440426561 
23.111000000005262	1002.2999440118597 
23.211000000005384	1002.2999439815811 
23.311000000005507	1002.2999439518112 
23.41100000000563	1002.2999439225414 
23.51100000000575	1002.2999438937634 
23.611000000005873	1002.2999438654691 
23.711000000005996	1002.2999438376504 
23.811000000006118	1002.2999438102988 
23.91100000000624	1002.2999437834069 
24.011000000006362	1002.2999437569667 
24.111000000006484	1002.2999437309709 
24.211000000006607	1002.2999437054123 
24.31100000000673	1002.2999436802827 
24.41100000000685	1002.2999436555758 
24.511000000006973	1002.2999436312838 
24.611000000007095	1002.2999436074003 
24.711000000007218	1002.2999435839182 
24.81100000000734	1002.2999435608302 
24.911000000007462	1002.2999435381307 
25.011000000007584	1002.299943515812 
25.111000000007706	1002.299943493868 
25.21100000000783	1002.2999434722933 
25.31100000000795	1002.2999434510808 
25.411000000008073	1002.299943430225 
25.511000000008195	1002.2999434097195 
25.611000000008318	1002.2999433895586 
25.71100000000844	1002.2999433697365 
25.811000000008562	1002.2999433502475 
25.911000000008684	1002.2999433310861 
26.011000000008806	1002.2999433122465 
26.11100000000893	1002.2999432937236 
26.21100000000905	1002.2999432755116 
26.311000000009173	1002.2999432576062 
26.411000000009295	1002.2999432400014 
26.511000000009417	1002.2999432226924 
26.61100000000954	1002.2999432056745 
26.711000000009662	1002.2999431889419 
26.811000000009784	1002.2999431724909 
26.911000000009906	1002.2999431563162 
27.01100000001003	1002.2999431404133 
27.11100000001015	1002.2999431247775 
27.211000000010273	1002.2999431094047 
27.311000000010395	1002.2999430942904 
27.411000000010517	1002.2999430794297 
27.51100000001064	1002.2999430648186 
27.611000000010762	1002.2999430504535 
27.711000000010884	1002.2999430363298 
27.811000000011006	1002.2999430224431 
27.91100000001113	1002.2999430087896 
28.01100000001125	1002.2999429953655 
28.111000000011373	1002.299942982167 
28.211000000011495	1002.2999429691904 
28.311000000011617	1002.2999429564318 
28.41100000001174	1002.2999429438877 
28.51100000001186	1002.2999429315543 
28.611000000011984	1002.2999429194282 
28.711000000012106	1002.299942907506 
28.81100000001223	1002.2999428957842 
28.91100000001235	1002.2999428842592 
29.011000000012473	1002.299942872928 
29.111000000012595	1002.2999428617869 
29.211000000012717	1002.2999428508331 
29.31100000001284	1002.2999428400635 
29.41100000001296	1002.2999428294748 
29.511000000013084	1002.2999428190642 
29.611000000013206	1002.2999428088285 
29.71100000001333	1002.2999427987648 
29.81100000001345	1002.2999427888701 
29.911000000013573	1002.2999427791417 
30.011000000013695	1002.2999427695767 
30.111000000013817	1002.2999427601724 
30.21100000001394	1002.2999427509259 
30.31100000001406	1002.2999427418348 
30.411000000014184	1002.2999427328965 
30.511000000014306	1002.2999427241083 
30.61100000001443	1002.2999427154682 
30.71100000001455	1002.2999427069731 
30.811000000014673	1002.2999426986203 
30.911000000014795	1002.2999426904084 
31.011000000014917	1002.2999426823344 
31.11100000001504	1002.299942674396 
31.21100000001516	1002.2999426665912 
31.311000000015284	1002.2999426589173 
31.411000000015406	1002.2999426513727 
31.511000000015528	1002.2999426439548 
31.61100000001565	1002.2999426366613 
31.711000000015773	1002.2999426294906 
31.811000000015895	1002.2999426224405 
31.911000000016017	1002.2999426155086 
32.0110000000161	1002.2999426086935 
32.11200000001586	1002.2999426019265 
32.213000000015626	1002.2999425952742 
32.31400000001539	1002.2999425887348 
32.415000000015155	1002.2999425823066 
32.51600000001492	1002.2999425759871 
32.617000000014684	1002.299942569775 
32.71800000001445	1002.2999425636685 
32.81900000001421	1002.2999425576654 
32.92000000001398	1002.2999425517643 
33.02100000001374	1002.2999425459634 
33.12200000001351	1002.2999425402606 
33.22300000001327	1002.299942534655 
33.32400000001304	1002.2999425291443 
33.4250000000128	1002.2999425237272 
33.526000000012566	1002.299942518402 
33.62700000001233	1002.2999425131669 
33.728000000012095	1002.2999425080208 
33.82900000001186	1002.299942502962 
33.930000000011624	1002.299942497989 
34.03100000001139	1002.2999424931005 
34.13200000001115	1002.2999424882947 
34.23300000001092	1002.2999424835705 
34.33400000001068	1002.2999424789265 
34.43500000001045	1002.2999424743613 
34.53600000001021	1002.2999424698734 
34.63700000000998	1002.299942465462 
34.73800000000974	1002.2999424611249 
34.839000000009506	1002.299942456862 
34.94000000000927	1002.2999424526714 
35.041000000009035	1002.2999424485517 
35.1420000000088	1002.299942444502 
35.243000000008564	1002.2999424405212 
35.34400000000833	1002.2999424366083 
35.44500000000809	1002.2999424327613 
35.54600000000786	1002.2999424289795 
35.64700000000762	1002.2999424252629 
35.74800000000739	1002.2999424216081 
35.84900000000715	1002.2999424180163 
35.950000000006916	1002.2999424144854 
36.05100000000668	1002.2999424110142 
36.152000000006446	1002.2999424076019 
36.25300000000621	1002.299942404248 
36.354000000005975	1002.2999424009505 
36.45500000000574	1002.2999423977097 
36.556000000005504	1002.2999423945232 
36.65700000000527	1002.2999423913907 
36.75800000000503	1002.2999423883127 
36.8590000000048	1002.2999423852856 
36.96000000000456	1002.2999423823106 
37.06100000000433	1002.2999423793859 
37.16200000000409	1002.2999423765111 
37.263000000003856	1002.2999423736849 
37.36400000000362	1002.2999423709067 
37.465000000003386	1002.2999423681756 
37.56600000000315	1002.2999423654916 
37.667000000002915	1002.2999423628522 
37.76800000000268	1002.299942360258 
37.869000000002444	1002.2999423577079 
37.97000000000221	1002.2999423552006 
38.07100000000197	1002.2999423527369 
38.17200000000174	1002.2999423503145 
38.2730000000015	1002.299942347933 
38.37400000000127	1002.2999423455927 
38.47500000000103	1002.2999423432915 
38.576000000000796	1002.2999423410296 
38.67700000000056	1002.2999423388064 
38.778000000000326	1002.2999423366203 
38.87900000000009	1002.2999423344718 
38.979999999999855	1002.2999423323594 
39.08099999999962	1002.2999423302832 
39.181999999999384	1002.2999423282424 
39.28299999999915	1002.2999423262362 
39.38399999999891	1002.2999423242641 
39.48499999999868	1002.299942322325 
39.58599999999844	1002.2999423204191 
39.68699999999821	1002.2999423185461 
39.78799999999797	1002.2999423167049 
39.888999999997736	1002.2999423148945 
39.9899999999975	1002.2999423131147 
40.090999999997265	1002.2999423113656 
40.19199999999703	1002.2999423096456 
40.292999999996795	1002.2999423079558 
40.39399999999656	1002.2999423062934 
40.494999999996324	1002.2999423046601 
40.59599999999609	1002.2999423030543 
40.69699999999585	1002.2999423014758 
40.79799999999562	1002.2999422999237 
40.89899999999538	1002.2999422983986 
40.99999999999515	1002.2999422968988 
41.10099999999491	1002.2999422954247 
41.201999999994676	1002.2999422939763 
41.30299999999444	1002.2999422925519 
41.403999999994205	1002.2999422911521 
41.50499999999397	1002.2999422897764 
41.605999999993735	1002.2999422884228 
41.7069999999935	1002.2999422870935 
41.807999999993264	1002.2999422857858 
41.90899999999303	1002.2999422845011 
42.00999999999279	1002.2999422832379 
42.11099999999256	1002.2999422819956 
42.21199999999232	1002.2999422807752 
42.31299999999209	1002.2999422795748 
42.41399999999185	1002.2999422783962 
42.514999999991616	1002.2999422772358 
42.61599999999138	1002.2999422760956 
42.716999999991145	1002.2999422749751 
42.81799999999091	1002.2999422738743 
42.918999999990675	1002.29994227279 
43.01999999999044	1002.2999422717263 
43.120999999990204	1002.2999422706793 
43.22199999998997	1002.2999422696506 
43.32299999998973	1002.2999422686393 
43.4239999999895	1002.2999422676454 
43.52499999998926	1002.2999422666682 
43.62599999998903	1002.2999422657082 
43.72699999998879	1002.2999422647633 
43.827999999988556	1002.2999422638362 
43.92899999998832	1002.2999422629238 
44.029999999988085	1002.2999422620268 
44.13099999998785	1002.2999422611463 
44.231999999987615	1002.2999422602795 
44.33299999998738	1002.2999422594273 
44.433999999987144	1002.2999422585906 
44.53499999998691	1002.2999422577683 
44.63599999998667	1002.2999422569592 
44.73699999998644	1002.2999422561635 
44.8379999999862	1002.2999422553813 
44.93899999998597	1002.2999422546133 
45.03999999998573	1002.2999422538585 
45.140999999985496	1002.2999422531161 
45.24199999998526	1002.2999422523865 
45.342999999985025	1002.2999422516687 
45.44399999998479	1002.2999422509637 
45.544999999984555	1002.2999422502699 
45.64599999998432	1002.2999422495882 
45.746999999984084	1002.2999422489177 
45.84799999998385	1002.2999422482592 
45.94899999998361	1002.2999422476109 
46.04999999998338	1002.2999422469743 
46.15099999998314	1002.2999422463482 
46.25199999998291	1002.2999422457327 
46.35299999998267	1002.2999422451272 
46.453999999982436	1002.299942244532 
46.5549999999822	1002.2999422439467 
46.655999999981965	1002.2999422433726 
46.75699999998173	1002.2999422428079 
46.857999999981494	1002.2999422422528 
46.95899999998126	1002.2999422417068 
47.059999999981024	1002.2999422411694 
47.16099999998079	1002.2999422406413 
47.26199999998055	1002.2999422401235 
47.36299999998032	1002.2999422396139 
47.46399999998008	1002.2999422391126 
47.56499999997985	1002.2999422386189 
47.66599999997961	1002.2999422381363 
47.766999999979376	1002.2999422376608 
47.86799999997914	1002.2999422371923 
47.968999999978905	1002.299942236733 
48.06999999997867	1002.299942236282 
48.170999999978434	1002.2999422358371 
48.2719999999782	1002.2999422354007 
48.372999999977964	1002.299942234973 
48.47399999997773	1002.29994223455 
48.57499999997749	1002.2999422341367 
48.67599999997726	1002.2999422337294 
48.77699999997702	1002.2999422333276 
48.87799999997679	1002.2999422329356 
48.97899999997655	1002.2999422325476 
49.079999999976316	1002.2999422321686 
49.18099999997608	1002.2999422317946 
49.281999999975845	1002.2999422314272 
49.38299999997561	1002.2999422310667 
49.483999999975374	1002.2999422307107 
49.58499999997514	1002.299942230363 
49.685999999974904	1002.2999422300185 
49.78699999997467	1002.2999422296823 
49.88799999997443	1002.2999422293493 
49.9889999999742	1002.299942229024 
50.08999999997396	1002.29577923171 
50.19099999997373	1002.2813387113497 
50.29199999997349	1002.256726739228 
50.392999999973256	1002.2221175910859 
50.49399999997302	1002.177680726017 
50.594999999972785	1002.1235829137222 
50.69599999997255	1002.0599881087716 
50.796999999972314	1001.9870574670365 
50.89799999997208	1001.9049494161976 
50.99899999997184	1001.8138196933953 
51.09999999997161	1001.7138213935451 
51.20099999997137	1001.6051050134398 
51.30199999997114	1001.4878184960304 
51.4029999999709	1001.3621072737131 
51.50399999997067	1001.2281143109502 
51.60499999997043	1001.085980146141 
51.705999999970196	1000.9358429327955 
51.80699999996996	1000.7778384800044 
51.907999999969725	1000.612100292223 
52.00899999996949	1000.4387596083802 
52.109999999969254	1000.2579454403225 
52.21099999996902	1000.0697846106096 
52.31199999996878	999.8744017896634 
52.41299999996855	999.6719195322898 
52.51399999996831	999.4624583135806 
52.61499999996808	999.2461365642042 
52.71599999996784	999.0230707051015 
52.81699999996761	998.7933751815863 
52.91799999996737	998.5571624968744 
53.018999999967136	998.3145432450393 
53.1199999999669	998.0656261434085 
53.220999999966665	997.810518064414 
53.32199999996643	997.5493240668967 
53.422999999966194	997.2821474268841 
53.52399999996596	997.009089667843 
53.62499999996572	996.7302505904217 
53.72599999996549	996.4457283016834 
53.82699999996525	996.1556192438478 
53.92799999996502	995.8600182225402 
54.02899999996478	995.5590184345685 
54.12999999996455	995.2527114952186 
54.23099999996431	994.9411874650979 
54.331999999964076	994.624534876513 
54.43299999996384	994.3028407594076 
54.533999999963605	993.9761906668554 
54.63499999996337	993.6446687001232 
54.735999999963134	993.3083575333073 
54.8369999999629	992.9673384375508 
54.93799999996266	992.621691304853 
55.03899999996243	992.2714946714729 
55.13999999996219	991.916825740934 
55.24099999996196	991.5577604066425 
55.34199999996172	991.1943732741181 
55.442999999961486	990.8267376828492 
55.54399999996125	990.4549257277777 
55.644999999961016	990.0790082804186 
55.74599999996078	989.6990550096194 
55.846999999960545	989.3151344019714 
55.94799999996031	988.9273137818707 
56.048999999960074	988.5356593312406 
56.14999999995984	988.140236108919 
56.2509999999596	987.7411080697167 
56.35199999995937	987.3383380831527 
56.45299999995913	986.9319879518711 
56.5539999999589	986.522118429745 
56.65499999995866	986.1087892396754 
56.755999999958426	985.6920590910842 
56.85699999995819	985.2719856971141 
56.957999999957956	984.8486257915359 
57.05899999995772	984.4220351453654 
57.159999999957485	983.992268583204 
57.26099999995725	983.5593799992969 
57.361999999957014	983.1234223733223 
57.46299999995678	982.6844477859103 
57.56399999995654	982.2425074339001 
57.66499999995631	981.7976516453375 
57.76599999995607	981.3499298942178 
57.86699999995584	980.8993908149791 
57.9679999999556	980.4460822167498 
58.068999999955366	979.9900510973521 
58.16999999995513	979.5313436570711 
58.270999999954896	979.0700053121877 
58.37199999995466	978.6060807082853 
58.472999999954425	978.1396137333244 
58.57399999995419	977.6706475305028 
58.674999999953954	977.1992245108914 
58.77599999995372	976.7253863658602 
58.87699999995348	976.2491740792896 
58.97799999995325	975.7706279395778 
59.07899999995301	975.2897875514413 
59.17999999995278	974.8066918475184 
59.28099999995254	974.3213790997735 
59.381999999952306	973.8338869307079 
59.48299999995207	973.344252324381 
59.583999999951835	972.8525116372471 
59.6849999999516	972.3587006088004 
59.785999999951365	971.8628543720502 
59.88699999995113	971.3650074638085 
59.987999999950894	970.8651938348104 
60.08899999995066	970.3675183790426 
60.18999999995042	969.8782097212882 
60.29099999995019	969.3972060747489 
60.39199999994995	968.9243646884481 
60.49299999994972	968.4595472746175 
60.59399999994948	968.0026176653577 
60.694999999949246	967.5534419971855 
60.79599999994901	967.111888692969 
60.896999999948775	966.6778284021404 
60.99799999994854	966.251133971193 
61.098999999948305	965.8316804037955 
61.19999999994807	965.4193448249151 
61.300999999947834	965.0140064446309 
61.4019999999476	964.6155465227943 
61.50299999994736	964.2238483342372 
61.60399999994713	963.8387971345787 
61.70499999994689	963.4602801266135 
61.80599999994666	963.088186427265 
61.90699999994642	962.722407035108 
62.007999999946186	962.3628347984354 
62.10899999994595	962.0093643838676 
62.209999999945715	961.6618922454992 
62.31099999994548	961.3203165945639 
62.411999999945245	960.9845373696172 
62.51299999994501	960.6544562072248 
62.613999999944774	960.3299764131466 
62.71499999994454	960.0110029340124 
62.8159999999443	959.6974423294758 
62.91699999994407	959.3892027448429 
63.01799999994383	959.0861938841628 
63.1189999999436	958.7883269837776 
63.21999999994336	958.4955147863195 
63.320999999943126	958.2076715151496 
63.42199999994289	957.9247128492291 
63.522999999942655	957.6465558984204 
63.62399999994242	957.3731191792031 
63.724999999942185	957.1043225908071 
63.82599999994195	956.8400873917442 
63.926999999941714	956.5803361767441 
64.02799999994167	956.3249928540778 
64.12799999994215	956.0764468746305 
64.22799999994263	955.8320772313751 
64.3279999999431	955.5918137490311 
64.42799999994358	955.3555874314769 
64.52799999994406	955.1233304419394 
64.62799999994454	954.8949760835102 
64.72799999994501	954.670458779995 
64.82799999994549	954.4497140570807 
64.92799999994597	954.2326785238199 
65.02799999994645	954.0192898544299 
65.12799999994692	953.8094867703908 
65.2279999999474	953.6032090228509 
65.32799999994788	953.4003973753244 
65.42799999994836	953.2009935866802 
65.52799999994883	953.0049403944181 
65.62799999994931	952.8121814982215 
65.72799999994979	952.6226615437957 
65.82799999995026	952.4363261069644 
65.92799999995074	952.253121678048 
66.02799999995122	952.0729956464917 
66.1279999999517	951.8958962857604 
66.22799999995217	951.7217727384848 
66.32799999995265	951.5505750018538 
66.42799999995313	951.3822539132582 
66.52799999995361	951.2167611361713 
66.62799999995408	951.0540491462701 
66.72799999995456	950.8940712177834 
66.82799999995504	950.7367814100791 
66.92799999995552	950.5821345544676 
67.027999999956	950.430086241233 
67.12799999995647	950.2805928068781 
67.22799999995695	950.1336113215872 
67.32799999995743	949.9890995768966 
67.4279999999579	949.8470160735752 
67.52799999995838	949.7073200097076 
67.62799999995886	949.5699712689741 
67.72799999995934	949.4349304091329 
67.82799999995981	949.3021586506935 
67.92799999996029	949.1716178657799 
68.02799999996077	949.0432705671811 
68.12799999996125	948.9170798975871 
68.22799999996172	948.7930096190038 
68.3279999999622	948.6710241023466 
68.42799999996268	948.5510883172091 
68.52799999996316	948.4331678218028 
68.62799999996363	948.3172287530683 
68.72799999996411	948.2032378169487 
68.82799999996459	948.0911622788296 
68.92799999996507	947.9809699541393 
69.02799999996554	947.8726291991048 
69.12799999996602	947.7661089016668 
69.2279999999665	947.6613784725439 
69.32799999996698	947.5584078364477 
69.42799999996745	947.4571674234485 
69.52799999996793	947.3576281604819 
69.62799999996841	947.2597614629988 
69.72799999996889	947.1635392267607 
69.82799999996936	947.0689338197652 
69.92799999996984	946.9759180743125 
70.02799999997032	946.8844652792044 
70.1279999999708	946.794549172072 
70.22799999997127	946.706143931836 
70.32799999997175	946.6192241712894 
70.42799999997223	946.5337649298086 
70.5279999999727	946.4497416661859 
70.62799999997318	946.367130251581 
70.72799999997366	946.2859069625911 
70.82799999997414	946.2060484744409 
70.92799999997462	946.1275318542824 
71.0279999999751	946.0503345546106 
71.12799999997557	945.9744344067861 
71.22799999997605	945.8998096146729 
71.32799999997653	945.826438748376 
71.427999999977	945.7543007380885 
71.52799999997748	945.6833748680414 
71.62799999997796	945.6136407705529 
71.72799999997844	945.5450784201834 
71.82799999997891	945.4776681279794 
71.92799999997939	945.4113905358246 
72.02799999997987	945.3462266108769 
72.12799999998035	945.2821576401057 
72.22799999998082	945.219165224916 
72.3279999999813	945.1572312758657 
72.42799999998178	945.0963380074719 
72.52799999998226	945.0364679331009 
72.62799999998273	944.9776038599493 
72.72799999998321	944.9197288841054 
72.82799999998369	944.8628263856953 
72.92799999998417	944.8068800241094 
73.02799999998464	944.7518737333116 
73.12799999998512	944.697791717224 
73.2279999999856	944.6446184451909 
73.32799999998608	944.5923386475199 
73.42799999998655	944.5409373110961 
73.52799999998703	944.4903996750719 
73.62799999998751	944.440711226625 
73.72799999998799	944.3918576967966 
73.82799999998846	944.3438250563871 
73.92799999998894	944.2965995119323 
74.02799999998942	944.2501675017406 
74.1279999999899	944.2045156919967 
74.22799999999037	944.1596309729366 
74.32799999999085	944.1155004550797 
74.42799999999133	944.0721114655277 
74.5279999999918	944.0294515443268 
74.62799999999228	943.9875084408884 
74.72799999999276	943.9462701104713 
74.82799999999324	943.9057247107233 
74.92799999999372	943.86586059828 
75.0279999999942	943.826666325421 
75.12799999999467	943.788130636783 
75.22799999999515	943.7502424661269 
75.32799999999563	943.7129909331625 
75.4279999999961	943.6763653404184 
75.52799999999658	943.6403551701767 
75.62799999999706	943.6049500814474 
75.72799999999754	943.570139907003 
75.82799999999801	943.5359146504546 
75.92799999999849	943.502264483384 
76.02799999999897	943.4691797425211 
76.12799999999945	943.4366509269682 
76.22799999999992	943.4046686954719 
76.3280000000004	943.3732238637406 
76.42800000000088	943.3423074018068 
76.52800000000136	943.3119104314341 
76.62800000000183	943.2820242235683 
76.72800000000231	943.2526401958294 
76.82800000000279	943.2237499100484 
76.92800000000327	943.1953450698436 
77.02800000000374	943.1674175182368 
77.12800000000422	943.1399592353134 
77.2280000000047	943.1129623359175 
77.32800000000518	943.0864190673884 
77.42800000000565	943.0603218073333 
77.52800000000613	943.0346630614391 
77.62800000000661	943.0094354613208 
77.72800000000709	942.9846317624044 
77.82800000000756	942.9602448418472 
77.92800000000804	942.9362676964918 
78.02800000000852	942.9126934408558 
78.128000000009	942.8895153051542 
78.22800000000947	942.8667266333547 
78.32800000000995	942.8443208812665 
78.42800000001043	942.8222916146632 
78.5280000000109	942.8006325074301 
78.62800000001138	942.7793373397537 
78.72800000001186	942.7583999963301 
78.82800000001234	942.7378144646129 
78.92800000001282	942.7175748330843 
79.0280000000133	942.6976752895575 
79.12800000001377	942.6781101195104 
79.22800000001425	942.6588737044402 
79.32800000001473	942.6399605202531 
79.4280000000152	942.621365135677 
79.52800000001568	942.6030822107024 
79.62800000001616	942.5851064950472 
79.72800000001664	942.5674328266514 
79.82800000001711	942.5500561301928 
79.92800000001759	942.5329714156303 
80.02800000001807	942.5161737767703 
80.12800000001855	942.49965838986 
80.22800000001902	942.4834205121979 
80.3280000000195	942.4674554807765 
80.42800000001998	942.451758710941 
80.52800000002046	942.4363256950728 
80.62800000002093	942.4211520012933 
80.72800000002141	942.4062332721952 
80.82800000002189	942.3915652235889 
80.92800000002237	942.3771436432713 
81.02800000002284	942.3629643898182 
81.12800000002332	942.3490233913931 
81.2280000000238	942.3353166445801 
81.32800000002428	942.3218402132316 
81.42800000002475	942.3085902273409 
81.52800000002523	942.2955628819274 
81.62800000002571	942.2827544359482 
81.72800000002619	942.2701612112191 
81.82800000002666	942.2577795913622 
81.92800000002714	942.2456060207656 
82.02800000002762	942.2336370035622 
82.1280000000281	942.2218691026268 
82.22800000002857	942.2102989385877 
82.32800000002905	942.1989231888571 
82.42800000002953	942.1877385866776 
82.52800000003	942.1767419201832 
82.62800000003048	942.1659300314769 
82.72800000003096	942.1552998157233 
82.82800000003144	942.1448482202594 
82.92800000003191	942.1345722437151 
83.02800000003239	942.1244689351531 
83.12800000003287	942.1145353932206 
83.22800000003335	942.1047687653163 
83.32800000003382	942.0951662467724 
83.4280000000343	942.0857250800467 
83.52800000003478	942.0764425539331 
83.62800000003526	942.0673160027814 
83.72800000003573	942.0583428057338 
83.82800000003621	942.0495203859696 
83.92800000003669	942.0408462099667 
84.02800000003717	942.0323177867749 
84.12800000003764	942.0239326672993 
84.22800000003812	942.0156884435968 
84.3280000000386	942.0075827481852 
84.42800000003908	941.9996132533643 
84.52800000003955	941.9917776705448 
84.62800000004003	941.9840737495945 
84.72800000004051	941.9764992781884 
84.82800000004099	941.9690520811773 
84.92800000004146	941.9617300199599 
85.02800000004194	941.95453099187 
85.12800000004242	941.9474529295738 
85.2280000000429	941.9404938004736 
85.32800000004337	941.9336516061268 
85.42800000004385	941.9269243816698 
85.52800000004433	941.9203101952547 
85.6280000000448	941.9138071474961 
85.72800000004528	941.9074133709221 
85.82800000004576	941.9011270294417 
85.92800000004624	941.894946317815 
86.02800000004672	941.8888694611359 
86.1280000000472	941.8828947143223 
86.22800000004767	941.8770203616136 
86.32800000004815	941.8712447160816 
86.42800000004863	941.8655661191427 
86.5280000000491	941.8599829400813 
86.62800000004958	941.8544935755841 
86.72800000005006	941.8490964492782 
86.82800000005054	941.8437900112789 
86.92800000005101	941.8385727377434 
87.02800000005149	941.833443130436 
87.12800000005197	941.8283997162931 
87.22800000005245	941.8234410470053 
87.32800000005292	941.8185656985988 
87.4280000000534	941.8137722710264 
87.52800000005388	941.8090593877666 
87.62800000005436	941.8044256954278 
87.72800000005483	941.7998698633584 
87.82800000005531	941.795390583267 
87.92800000005579	941.7909865688455 
88.02800000005627	941.786656555399 
88.12800000005674	941.7823992994836 
88.22800000005722	941.7782135785494 
88.3280000000577	941.7740981905883 
88.42800000005818	941.7700519537914 
88.52800000005865	941.7660737062063 
88.62800000005913	941.7621623054048 
88.72800000005961	941.7583166281557 
88.82800000006009	941.7545355701011 
88.92800000006056	941.7508180454408 
89.02800000006104	941.7471629866182 
89.12800000006152	941.7435693440148 
89.228000000062	941.7400360856498 
89.32800000006247	941.7365621968823 
89.42800000006295	941.7331466801211 
89.52800000006343	941.7297885545362 
89.6280000000639	941.7264868557809 
89.72800000006438	941.7232406357093 
89.82800000006486	941.7200489621108 
89.92800000006534	941.716910918436 
90.02800000006582	941.7138256035375 
90.1280000000663	941.7107921314098 
90.22800000006677	941.7078096309353 
90.32800000006725	941.7048772456334 
90.42800000006773	941.7019941334153 
90.5280000000682	941.6991594663415 
90.62800000006868	941.6963724303852 
90.72800000006916	941.6936322251975 
90.82800000006964	941.6909380638766 
90.92800000007011	941.6882891727444 
91.02800000007059	941.6856847911232 
91.12800000007107	941.6831241711157 
91.22800000007155	941.6806065773931 
91.32800000007202	941.6781312869805 
91.4280000000725	941.6756975890532 
91.52800000007298	941.6733047847297 
91.62800000007346	941.6709521868714 
91.72800000007393	941.668639119886 
91.82800000007441	941.6663649195337 
91.92800000007489	941.6641289327354 
92.02800000007537	941.6619305173862 
92.12800000007584	941.6597690421702 
92.22800000007632	941.6576438863796 
92.3280000000768	941.6555544397365 
92.42800000007728	941.6535001022177 
92.52800000007775	941.6514802838813 
92.62800000007823	941.6494944046999 
92.72800000007871	941.6475418943913 
92.82800000007919	941.6456221922551 
92.92800000007966	941.643734747014 
93.02800000008014	941.6418790166526 
93.12800000008062	941.6400544682638 
93.2280000000811	941.6382605778944 
93.32800000008157	941.636496830395 
93.42800000008205	941.6347627192738 
93.52800000008253	941.6330577465477 
93.628000000083	941.6313814226031 
93.72800000008348	941.6297332660511 
93.82800000008396	941.6281128035941 
93.92800000008444	941.6265195698854 
94.02800000008492	941.6249531073989 
94.1280000000854	941.6234129662956 
94.22800000008587	941.6218987042953 
94.32800000008635	941.6204098865497 
94.42800000008683	941.6189460855177 
94.5280000000873	941.6175068808404 
94.62800000008778	941.6160918592245 
94.72800000008826	941.6147006143195 
94.82800000008874	941.6133327466044 
94.92800000008921	941.6119878632694 
95.02800000008969	941.6106655781077 
95.12800000009017	941.6093655113993 
95.22800000009065	941.608087289807 
95.32800000009112	941.6068305462651 
95.4280000000916	941.6055949198762 
95.52800000009208	941.604380055808 
95.62800000009256	941.603185605189 
95.72800000009303	941.6020112250108 
95.82800000009351	941.6008565780282 
95.92800000009399	941.5997213326627 
96.02800000009447	941.5986051629079 
96.12800000009494	941.5975077482346 
96.22800000009542	941.5964287735 
96.3280000000959	941.5953679288565 
96.42800000009638	941.5943249096629 
96.52800000009685	941.5932994163966 
96.62800000009733	941.5922911545686 
96.72800000009781	941.5912998346373 
96.82800000009829	941.5903251719269 
96.92800000009876	941.5893668865455 
97.02800000009924	941.5884247033028 
97.12800000009972	941.5874983516337 
97.2280000001002	941.586587565519 
97.32800000010067	941.5856920834101 
97.42800000010115	941.5848116481521 
97.52800000010163	941.5839460069117 
97.6280000001021	941.5830949111044 
97.72800000010258	941.5822581163211 
97.82800000010306	941.5814353822618 
97.92800000010354	941.5806264726632 
98.02800000010402	941.5798311552317 
98.12800000010449	941.5790492015767 
98.22800000010497	941.5782803871457 
98.32800000010545	941.5775244911594 
98.42800000010592	941.5767812965489 
98.5280000001064	941.576050589891 
98.62800000010688	941.5753321613513 
98.72800000010736	941.574625804618 
98.82800000010783	941.5739313168482 
98.92800000010831	941.573248498607 
99.02800000010879	941.5725771538109 
99.12800000010927	941.5719170896696 
99.22800000010974	941.5712681166347 
99.32800000011022	941.5706300483408 
99.4280000001107	941.570002701555 
99.52800000011118	941.5693858961228 
99.62800000011165	941.568779454917 
99.72800000011213	941.5681832037869 
99.82800000011261	941.5675969715085 
99.92800000011309	941.5670205897334 
