0.001	998.5246782855004 
0.10100000000000008	998.5247859893234 
0.20100000000000015	998.5247583271621 
0.3010000000000002	998.5247629532805 
0.4010000000000003	998.5247601841277 
0.5020000000000003	998.5247590680093 
0.6020000000000004	998.5247576434075 
0.7020000000000005	998.524756309785 
0.8020000000000006	998.5247549859837 
0.9020000000000007	998.524753686552 
1.0030000000000003	998.524752395996 
1.1039999999999892	998.5247511273549 
1.204999999999978	998.5247498802522 
1.305999999999967	998.5247486543075 
1.4069999999999558	998.5247474491682 
1.5079999999999447	998.5247462644787 
1.6089999999999336	998.524745099894 
1.7099999999999225	998.5247439550714 
1.8109999999999113	998.5247428296757 
1.9119999999999002	998.5247417233782 
2.0129999999998893	998.5247406358541 
2.113999999999878	998.5247395667852 
2.214999999999867	998.5247385158574 
2.315999999999856	998.5247374827641 
2.416999999999845	998.5247364672018 
2.5179999999998337	998.524735468873 
2.6189999999998226	998.5247344874855 
2.7199999999998115	998.5247335227522 
2.8209999999998003	998.5247325743901 
2.921999999999789	998.5247316421211 
3.022999999999778	998.5247307256725 
3.123999999999767	998.5247298247757 
3.224999999999756	998.5247289391662 
3.3259999999997447	998.5247280685869 
3.4269999999997336	998.5247272127795 
3.5279999999997225	998.5247263714956 
3.6289999999997113	998.5247255444878 
3.7299999999997	998.5247247315144 
3.830999999999689	998.5247239323368 
3.931999999999678	998.5247231467205 
4.031999999999681	998.5247223820179 
4.131999999999715	998.5247216301644 
4.231999999999748	998.5247208909451 
4.331999999999781	998.5247201641466 
4.431999999999815	998.5247194495598 
4.531999999999848	998.524718746981 
4.6319999999998815	998.5247180562076 
4.731999999999915	998.5247173770413 
4.831999999999948	998.5247167092872 
4.931999999999982	998.5247160527529 
5.032000000000015	998.5247154072506 
5.1320000000000485	998.5247147725947 
5.232000000000082	998.524714148603 
5.332000000000115	998.5247135350967 
5.432000000000149	998.5247129318984 
5.532000000000182	998.5247123388367 
5.6320000000002155	998.5247117557393 
5.732000000000249	998.5247111824406 
5.832000000000282	998.5247106187744 
5.932000000000316	998.5247100645798 
6.032000000000349	998.5247095196975 
6.1320000000003825	998.5247089839708 
6.232000000000416	998.5247084572462 
6.332000000000449	998.5247079393713 
6.432000000000483	998.5247074301991 
6.532000000000516	998.5247069295824 
6.6320000000005495	998.5247064373775 
6.732000000000583	998.5247059534433 
6.832000000000616	998.5247054776409 
6.93200000000065	998.524705009833 
7.032000000000683	998.5247045498858 
7.132000000000716	998.5247040976668 
7.23200000000075	998.5247036530467 
7.332000000000783	998.5247032158978 
7.432000000000817	998.5247027860945 
7.53200000000085	998.5247023635128 
7.632000000000883	998.5247019480319 
7.732000000000917	998.5247015395327 
7.83200000000095	998.5247011378972 
7.932000000000984	998.5247007430103 
8.032000000000988	998.5247003547586 
8.133000000000932	998.5246999692462 
8.234000000000876	998.5246995902758 
8.33500000000082	998.5246992177363 
8.436000000000764	998.524698851519 
8.537000000000708	998.524698491516 
8.638000000000652	998.5246981376224 
8.739000000000596	998.5246977897343 
8.84000000000054	998.5246974477499 
8.941000000000484	998.5246971115691 
9.042000000000428	998.5246967810915 
9.143000000000372	998.5246964562232 
9.244000000000316	998.5246961368675 
9.34500000000026	998.5246958229316 
9.446000000000204	998.5246955143227 
9.547000000000148	998.5246952109512 
9.648000000000092	998.5246949127275 
9.749000000000036	998.5246946195645 
9.84999999999998	998.5246943313766 
9.950999999999924	998.5246940480791 
10.051999999999868	998.5246937695892 
10.152999999999812	998.5246934958251 
10.253999999999756	998.5246932267071 
10.3549999999997	998.5246929621542 
10.455999999999644	998.5246927020918 
10.556999999999588	998.5246924464425 
10.657999999999532	998.5246921951316 
10.758999999999476	998.5246919480854 
10.85999999999942	998.5246917052314 
10.960999999999364	998.5246914664986 
11.061999999999308	998.5246912318175 
11.162999999999252	998.5246910011181 
11.263999999999196	998.524690774334 
11.36499999999914	998.5246905513986 
11.465999999999084	998.5246903322458 
11.566999999999029	998.5246901168124 
11.667999999998973	998.5246899050348 
11.768999999998917	998.5246896968509 
11.86999999999886	998.5246894922008 
11.970999999998805	998.5246892910228 
12.071999999998749	998.5246890932569 
12.172999999998693	998.5246888988484 
12.273999999998637	998.524688707739 
12.37499999999858	998.5246885198723 
12.475999999998525	998.5246883351941 
12.576999999998469	998.52468815365 
12.677999999998413	998.5246879751862 
12.778999999998357	998.5246877997508 
12.8799999999983	998.524687627293 
12.980999999998245	998.5246874577618 
13.081999999998189	998.5246872911076 
13.182999999998133	998.5246871272808 
13.283999999998077	998.5246869662344 
13.384999999998021	998.5246868079211 
13.485999999997965	998.5246866522942 
13.586999999997909	998.524686499308 
13.687999999997853	998.5246863489183 
13.788999999997797	998.5246862010804 
13.889999999997741	998.5246860557515 
13.990999999997685	998.5246859128889 
14.091999999997629	998.5246857724504 
14.192999999997573	998.5246856343957 
14.293999999997517	998.524685498685 
14.394999999997461	998.524685365275 
14.495999999997405	998.5246852341281 
14.59699999999735	998.5246851052073 
14.697999999997293	998.5246849784747 
14.798999999997237	998.5246848538925 
14.899999999997181	998.5246847314247 
15.000999999997125	998.5246846110351 
15.10199999999707	998.5246844926886 
15.202999999997013	998.5246843763503 
15.303999999996957	998.5246842619862 
15.404999999996901	998.524684149563 
15.505999999996845	998.5246840390474 
15.60699999999679	998.5246839304072 
15.707999999996733	998.5246838236109 
15.808999999996677	998.5246837186268 
15.909999999996622	998.5246836154241 
16.010999999996585	998.5246835139731 
16.110999999996707	998.524683415223 
16.21099999999683	998.5246833181309 
16.31099999999695	998.5246832226711 
16.410999999997074	998.5246831288151 
16.510999999997196	998.5246830365363 
16.61099999999732	998.5246829458083 
16.71099999999744	998.5246828566047 
16.810999999997563	998.5246827688999 
16.910999999997685	998.5246826826684 
17.010999999997807	998.5246825978866 
17.11099999999793	998.5246825145291 
17.21099999999805	998.5246824325721 
17.310999999998174	998.5246823519924 
17.410999999998296	998.5246822727668 
17.51099999999842	998.5246821948724 
17.61099999999854	998.524682118287 
17.710999999998663	998.5246820429883 
17.810999999998785	998.524681968955 
17.910999999998907	998.5246818961658 
18.01099999999903	998.5246818245994 
18.11099999999915	998.5246817542361 
18.210999999999274	998.524681685056 
18.310999999999396	998.5246816170385 
18.410999999999518	998.5246815501622 
18.51099999999964	998.5246814844094 
18.610999999999763	998.5246814197606 
18.710999999999885	998.5246813561988 
18.811000000000007	998.5246812937049 
18.91100000000013	998.524681232261 
19.01100000000025	998.5246811718495 
19.111000000000374	998.5246811124534 
19.211000000000496	998.5246810540556 
19.311000000000618	998.5246809966386 
19.41100000000074	998.5246809401867 
19.511000000000863	998.5246808846833 
19.611000000000985	998.5246808301126 
19.711000000001107	998.5246807764589 
19.81100000000123	998.5246807237069 
19.91100000000135	998.524680671841 
20.011000000001474	998.5246806208468 
20.111000000001596	998.5246805707095 
20.211000000001718	998.5246805214148 
20.31100000000184	998.5246804729481 
20.411000000001962	998.524680425296 
20.511000000002085	998.5246803784445 
20.611000000002207	998.5246803323803 
20.71100000000233	998.5246802870906 
20.81100000000245	998.5246802425612 
20.911000000002574	998.5246801987806 
21.011000000002696	998.5246801557349 
21.111000000002818	998.5246801134128 
21.21100000000294	998.5246800718021 
21.311000000003062	998.5246800308905 
21.411000000003185	998.5246799906664 
21.511000000003307	998.5246799511183 
21.61100000000343	998.5246799122343 
21.71100000000355	998.524679874004 
21.811000000003673	998.5246798364161 
21.911000000003796	998.5246797994599 
22.011000000003918	998.5246797631247 
22.11100000000404	998.5246797273998 
22.211000000004162	998.5246796922755 
22.311000000004285	998.5246796577418 
22.411000000004407	998.5246796237881 
22.51100000000453	998.5246795904039 
22.61100000000465	998.5246795575815 
22.711000000004773	998.5246795253099 
22.811000000004896	998.5246794935811 
22.911000000005018	998.5246794623852 
23.01100000000514	998.5246794317133 
23.111000000005262	998.5246794015569 
23.211000000005384	998.5246793719075 
23.311000000005507	998.5246793427561 
23.41100000000563	998.5246793140947 
23.51100000000575	998.5246792859149 
23.611000000005873	998.5246792582085 
23.711000000005996	998.524679230968 
23.811000000006118	998.5246792041848 
23.91100000000624	998.5246791778519 
24.011000000006362	998.5246791519612 
24.111000000006484	998.5246791265057 
24.211000000006607	998.5246791014781 
24.31100000000673	998.524679076871 
24.41100000000685	998.5246790526775 
24.511000000006973	998.5246790288902 
24.611000000007095	998.5246790055031 
24.711000000007218	998.5246789825089 
24.81100000000734	998.5246789599013 
24.911000000007462	998.5246789376731 
25.011000000007584	998.5246789158182 
25.111000000007706	998.5246788943305 
25.21100000000783	998.5246788732039 
25.31100000000795	998.5246788524324 
25.411000000008073	998.52467883201 
25.511000000008195	998.5246788119306 
25.611000000008318	998.5246787921888 
25.71100000000844	998.5246787727787 
25.811000000008562	998.5246787536945 
25.911000000008684	998.5246787349313 
26.011000000008806	998.5246787164834 
26.11100000000893	998.5246786983454 
26.21100000000905	998.524678680512 
26.311000000009173	998.5246786629787 
26.411000000009295	998.5246786457398 
26.511000000009417	998.5246786287909 
26.61100000000954	998.524678612126 
26.711000000009662	998.5246785957415 
26.811000000009784	998.5246785796322 
26.911000000009906	998.5246785637937 
27.01100000001003	998.5246785482213 
27.11100000001015	998.5246785329106 
27.211000000010273	998.5246785178573 
27.311000000010395	998.5246785030569 
27.411000000010517	998.5246784885052 
27.51100000001064	998.5246784741979 
27.611000000010762	998.5246784601312 
27.711000000010884	998.5246784463009 
27.811000000011006	998.5246784327029 
27.91100000001113	998.524678419333 
28.01100000001125	998.5246784061881 
28.111000000011373	998.5246783932639 
28.211000000011495	998.5246783805569 
28.311000000011617	998.5246783680635 
28.41100000001174	998.52467835578 
28.51100000001186	998.524678343703 
28.611000000011984	998.5246783318289 
28.711000000012106	998.5246783201544 
28.81100000001223	998.5246783086762 
28.91100000001235	998.5246782973908 
29.011000000012473	998.5246782862949 
29.111000000012595	998.5246782753854 
29.211000000012717	998.5246782646593 
29.31100000001284	998.5246782541137 
29.41100000001296	998.5246782437451 
29.511000000013084	998.5246782335507 
29.611000000013206	998.5246782235276 
29.71100000001333	998.5246782136732 
29.81100000001345	998.5246782039843 
29.911000000013573	998.524678194458 
30.011000000013695	998.5246781850917 
30.111000000013817	998.5246781758829 
30.21100000001394	998.5246781668286 
30.31100000001406	998.5246781579265 
30.411000000014184	998.5246781491741 
30.511000000014306	998.5246781405684 
30.61100000001443	998.5246781321079 
30.71100000001455	998.5246781237888 
30.811000000014673	998.5246781156102 
30.911000000014795	998.5246781075688 
31.011000000014917	998.5246780996625 
31.11100000001504	998.5246780918892 
31.21100000001516	998.5246780842464 
31.311000000015284	998.5246780767322 
31.411000000015406	998.5246780693442 
31.511000000015528	998.5246780620803 
31.61100000001565	998.5246780549387 
31.711000000015773	998.524678047917 
31.811000000015895	998.5246780410133 
31.911000000016017	998.5246780342258 
32.0110000000161	998.5246780275521 
32.11200000001586	998.5246780209256 
32.213000000015626	998.5246780144115 
32.31400000001539	998.5246780080082 
32.415000000015155	998.5246780017131 
32.51600000001492	998.5246779955253 
32.617000000014684	998.5246779894424 
32.71800000001445	998.5246779834627 
32.81900000001421	998.5246779775844 
32.92000000001398	998.5246779718059 
33.02100000001374	998.5246779661253 
33.12200000001351	998.5246779605415 
33.22300000001327	998.5246779550522 
33.32400000001304	998.524677949656 
33.4250000000128	998.5246779443515 
33.526000000012566	998.5246779391367 
33.62700000001233	998.5246779340106 
33.728000000012095	998.5246779289716 
33.82900000001186	998.5246779240181 
33.930000000011624	998.5246779191482 
34.03100000001139	998.5246779143613 
34.13200000001115	998.5246779096555 
34.23300000001092	998.5246779050294 
34.33400000001068	998.5246779004822 
34.43500000001045	998.5246778960118 
34.53600000001021	998.5246778916171 
34.63700000000998	998.5246778872973 
34.73800000000974	998.5246778830507 
34.839000000009506	998.524677878876 
34.94000000000927	998.5246778747725 
35.041000000009035	998.5246778707385 
35.1420000000088	998.524677866773 
35.243000000008564	998.5246778628749 
35.34400000000833	998.5246778590431 
35.44500000000809	998.524677855276 
35.54600000000786	998.5246778515732 
35.64700000000762	998.5246778479332 
35.74800000000739	998.5246778443549 
35.84900000000715	998.5246778408376 
35.950000000006916	998.5246778373797 
36.05100000000668	998.5246778339807 
36.152000000006446	998.5246778306396 
36.25300000000621	998.5246778273549 
36.354000000005975	998.5246778241266 
36.45500000000574	998.5246778209527 
36.556000000005504	998.5246778178324 
36.65700000000527	998.5246778147656 
36.75800000000503	998.5246778117507 
36.8590000000048	998.5246778087871 
36.96000000000456	998.5246778058735 
37.06100000000433	998.5246778030097 
37.16200000000409	998.5246778001947 
37.263000000003856	998.5246777974272 
37.36400000000362	998.5246777947068 
37.465000000003386	998.5246777920324 
37.56600000000315	998.5246777894037 
37.667000000002915	998.5246777868194 
37.76800000000268	998.524677784279 
37.869000000002444	998.5246777817817 
37.97000000000221	998.5246777793274 
38.07100000000197	998.5246777769142 
38.17200000000174	998.5246777745425 
38.2730000000015	998.5246777722106 
38.37400000000127	998.5246777699188 
38.47500000000103	998.5246777676651 
38.576000000000796	998.5246777654504 
38.67700000000056	998.5246777632733 
38.778000000000326	998.5246777611328 
38.87900000000009	998.5246777590286 
38.979999999999855	998.5246777569602 
39.08099999999962	998.5246777549269 
39.181999999999384	998.5246777529284 
39.28299999999915	998.524677750964 
39.38399999999891	998.5246777490328 
39.48499999999868	998.5246777471345 
39.58599999999844	998.5246777452685 
39.68699999999821	998.5246777434338 
39.78799999999797	998.5246777416306 
39.888999999997736	998.524677739858 
39.9899999999975	998.5246777381151 
40.090999999997265	998.5246777364026 
40.19199999999703	998.5246777347185 
40.292999999996795	998.5246777330632 
40.39399999999656	998.5246777314354 
40.494999999996324	998.5246777298362 
40.59599999999609	998.5246777282637 
40.69699999999585	998.5246777267174 
40.79799999999562	998.5246777251983 
40.89899999999538	998.5246777237049 
40.99999999999515	998.5246777222362 
41.10099999999491	998.524677720793 
41.201999999994676	998.524677719374 
41.30299999999444	998.5246777179794 
41.403999999994205	998.5246777166088 
41.50499999999397	998.5246777152614 
41.605999999993735	998.5246777139364 
41.7069999999935	998.5246777126343 
41.807999999993264	998.524677711354 
41.90899999999303	998.5246777100963 
42.00999999999279	998.5246777088589 
42.11099999999256	998.5246777076434 
42.21199999999232	998.5246777064475 
42.31299999999209	998.5246777052721 
42.41399999999185	998.5246777041172 
42.514999999991616	998.5246777029821 
42.61599999999138	998.5246777018655 
42.716999999991145	998.5246777007683 
42.81799999999091	998.5246776996895 
42.918999999990675	998.5246776986287 
43.01999999999044	998.5246776975865 
43.120999999990204	998.5246776965608 
43.22199999998997	998.5246776955543 
43.32299999998973	998.5246776945633 
43.4239999999895	998.5246776935909 
43.52499999998926	998.5246776926338 
43.62599999998903	998.5246776916938 
43.72699999998879	998.5246776907693 
43.827999999988556	998.52467768986 
43.92899999998832	998.5246776889676 
44.029999999988085	998.5246776880899 
44.13099999998785	998.5246776872259 
44.231999999987615	998.5246776863781 
44.33299999998738	998.5246776855447 
44.433999999987144	998.5246776847247 
44.53499999998691	998.5246776839182 
44.63599999998667	998.5246776831262 
44.73699999998644	998.524677682348 
44.8379999999862	998.5246776815828 
44.93899999998597	998.5246776808307 
45.03999999998573	998.5246776800906 
45.140999999985496	998.5246776793635 
45.24199999998526	998.5246776786486 
45.342999999985025	998.5246776779459 
45.44399999998479	998.5246776772547 
45.544999999984555	998.5246776765758 
45.64599999998432	998.5246776759079 
45.746999999984084	998.5246776752517 
45.84799999998385	998.5246776746064 
45.94899999998361	998.5246776739724 
46.04999999998338	998.5246776733486 
46.15099999998314	998.5246776727357 
46.25199999998291	998.5246776721331 
46.35299999998267	998.5246776715404 
46.453999999982436	998.5246776709574 
46.5549999999822	998.5246776703842 
46.655999999981965	998.5246776698215 
46.75699999998173	998.524677669269 
46.857999999981494	998.5246776687253 
46.95899999998126	998.5246776681905 
47.059999999981024	998.5246776676642 
47.16099999998079	998.5246776671474 
47.26199999998055	998.5246776666406 
47.36299999998032	998.5246776661414 
47.46399999998008	998.5246776656502 
47.56499999997985	998.5246776651679 
47.66599999997961	998.5246776646951 
47.766999999979376	998.5246776642289 
47.86799999997914	998.5246776637696 
47.968999999978905	998.5246776633214 
48.06999999997867	998.5246776628791 
48.170999999978434	998.5246776624427 
48.2719999999782	998.5246776620173 
48.372999999977964	998.524677661597 
48.47399999997773	998.5246776611837 
48.57499999997749	998.5246776607793 
48.67599999997726	998.5246776603786 
48.77699999997702	998.5246776599882 
48.87799999997679	998.5246776596023 
48.97899999997655	998.5246776592234 
49.079999999976316	998.5246776588522 
49.18099999997608	998.5246776584847 
49.281999999975845	998.5246776581268 
49.38299999997561	998.5246776577709 
49.483999999975374	998.5246776574255 
49.58499999997514	998.5246776570816 
49.685999999974904	998.5246776567478 
49.78699999997467	998.5246776564151 
49.88799999997443	998.5246776560924 
49.9889999999742	998.5246776557705 
50.08999999997396	998.5205612285382 
50.19099999997373	998.5063755885982 
50.29199999997349	998.4822298107836 
50.392999999973256	998.448294830731 
50.49399999997302	998.4047362913605 
50.594999999972785	998.3517176139716 
50.69599999997255	998.289399308632 
50.796999999972314	998.2179391923746 
50.89799999997208	998.1374923976202 
50.99899999997184	998.0482114255383 
51.09999999997161	997.950246189167 
51.20099999997137	997.8437440576083 
51.30199999997114	997.728849899153 
51.4029999999709	997.6057061237261 
51.50399999997067	997.4744527246037 
51.60499999997043	997.335227319421 
51.705999999970196	997.1881651904881 
51.80699999996996	997.0333993244195 
51.907999999969725	996.8710604510898 
52.00899999996949	996.7012770819314 
52.109999999969254	996.5241755475793 
52.21099999996902	996.3398800348804 
52.31199999996878	996.1485126232714 
52.41299999996855	995.9501933205413 
52.51399999996831	995.7450400979865 
52.61499999996808	995.5331689249691 
52.71599999996784	995.3146938028908 
52.81699999996761	995.089726798585 
52.91799999996737	994.8583780771496 
53.018999999967136	994.6207559342166 
53.1199999999669	994.3769668276774 
53.220999999966665	994.1271154088673 
53.32199999996643	993.8713045532238 
53.422999999966194	993.609635390421 
53.52399999996596	993.3422073339972 
53.62499999996572	993.0691181104753 
53.72599999996549	992.7904637879914 
53.82699999996525	992.5063388044365 
53.92799999996502	992.2168359951229 
54.02899999996478	991.922046619977 
54.12999999996455	991.6220603902755 
54.23099999996431	991.316965494924 
54.331999999964076	991.0068486262904 
54.43299999996384	990.6917950056041 
54.533999999963605	990.3718884079165 
54.63499999996337	990.0472111866443 
54.735999999963134	989.7178442976948 
54.8369999999629	989.383867323179 
54.93799999996266	989.045358494727 
55.03899999996243	988.7023947164029 
55.13999999996219	988.3550515872356 
55.24099999996196	988.0034034233616 
55.34199999996172	987.6475232797992 
55.442999999961486	987.2874829718447 
55.54399999996125	986.9233530961152 
55.644999999961016	986.5552030512247 
55.74599999996078	986.1831010581161 
55.846999999960545	985.8071141800453 
55.94799999996031	985.4273083422283 
56.048999999960074	985.043748351149 
56.14999999995984	984.6564979135494 
56.2509999999596	984.265619655088 
56.35199999995937	983.8711751386868 
56.45299999995913	983.4732248825651 
56.5539999999589	983.0718283779686 
56.65499999995866	982.6670441065949 
56.755999999958426	982.2589295577285 
56.85699999995819	981.8475412450774 
56.957999999957956	981.4329347233328 
57.05899999995772	981.0151646044395 
57.159999999957485	980.5942845735972 
57.26099999995725	980.170347404984 
57.361999999957014	979.7434049772181 
57.46299999995678	979.3135082885547 
57.56399999995654	978.8807074718261 
57.66499999995631	978.445051809126 
57.76599999995607	978.0065897462479 
57.86699999995584	977.5653689068762 
57.9679999999556	977.1214361065366 
58.068999999955366	976.6748373663117 
58.16999999995513	976.22561792632 
58.270999999954896	975.7738222589714 
58.37199999995466	975.3194940819938 
58.472999999954425	974.8626763712381 
58.57399999995419	974.4034113732718 
58.674999999953954	973.9417406177491 
58.77599999995372	973.4777049295828 
58.87699999995348	973.0113444408975 
58.97799999995325	972.5426986027907 
59.07899999995301	972.0718061968873 
59.17999999995278	971.5987053467011 
59.28099999995254	971.1234335288017 
59.381999999952306	970.6460275837948 
59.48299999995207	970.1665237271121 
59.583999999951835	969.6849575596226 
59.6849999999516	969.201364078059 
59.785999999951365	968.7157776852717 
59.88699999995113	968.2282322003063 
59.987999999950894	967.7387608683093 
60.08899999995066	967.2514226861604 
60.18999999995042	966.7722833417218 
60.29099999995019	966.3012763571447 
60.39199999994995	965.8382618192072 
60.49299999994972	965.3831045779752 
60.59399999994948	964.9356711835558 
60.694999999949246	964.4958305906949 
60.79599999994901	964.0634539464834 
60.896999999948775	963.6384145913119 
60.99799999994854	963.2205880135934 
61.098999999948305	962.8098518149137 
61.19999999994807	962.4060856738768 
61.300999999947834	962.0091713109066 
61.4019999999476	961.6189924535922 
61.50299999994736	961.2354348026274 
61.60399999994713	960.8583859983273 
61.70499999994689	960.487735587713 
61.80599999994666	960.1233749921572 
61.90699999994642	959.7651974755759 
62.007999999946186	959.4130981131598 
62.10899999994595	959.0669737606413 
62.209999999945715	958.7267230240747 
62.31099999994548	958.3922462301376 
62.411999999945245	958.0634453969309 
62.51299999994501	957.7402242052747 
62.613999999944774	957.4224879704952 
62.71499999994454	957.1101436146851 
62.8159999999443	956.8030996394394 
62.91699999994407	956.5012660990502 
63.01799999994383	956.2045545741588 
63.1189999999436	955.9128781458537 
63.21999999994336	955.6261513702093 
63.320999999943126	955.3442902532546 
63.42199999994289	955.0672122263674 
63.522999999942655	954.7948361220897 
63.62399999994242	954.5270821503478 
63.724999999942185	954.2638718750786 
63.82599999994195	954.0051281912537 
63.926999999941714	953.7507753022918 
64.02799999994167	953.5007386978538 
64.12799999994215	953.2573581696347 
64.22799999994263	953.0180671821543 
64.3279999999431	952.7827970185625 
64.42799999994358	952.5514801166615 
64.52799999994406	952.3240500495087 
64.62799999994454	952.1004415063363 
64.72799999994501	951.8805902737981 
64.82799999994549	951.6644332175302 
64.92799999994597	951.4519082640197 
65.02799999994645	951.2429543827793 
65.12799999994692	951.0375115688222 
65.2279999999474	950.8355208254284 
65.32799999994788	950.6369241472049 
65.42799999994836	950.4416645034281 
65.52799999994883	950.2496858216643 
65.62799999994931	950.0609329716707 
65.72799999994979	949.8753517495608 
65.82799999995026	949.6928888622398 
65.92799999995074	949.5134919121024 
66.02799999995122	949.3371093819819 
66.1279999999517	949.1636906203595 
66.22799999995217	948.9931858268174 
66.32799999995265	948.8255460377375 
66.42799999995313	948.6607231122412 
66.52799999995361	948.4986697183647 
66.62799999995408	948.339339319467 
66.72799999995456	948.1826861608636 
66.82799999995504	948.0286652566926 
66.92799999995552	947.8772323769905 
67.027999999956	947.7283440349936 
67.12799999995647	947.5819574746497 
67.22799999995695	947.4380306583391 
67.32799999995743	947.296522254804 
67.4279999999579	947.1573916272782 
67.52799999995838	947.0205988218187 
67.62799999995886	946.886104555831 
67.72799999995934	946.7538702067885 
67.82799999995981	946.6238578011424 
67.92799999996029	946.4960300034161 
68.02799999996077	946.3703501054837 
68.12799999996125	946.2467820160288 
68.22799999996172	946.1252902501789 
68.3279999999622	946.0058399193176 
68.42799999996268	945.8883967210652 
68.52799999996316	945.7729269294249 
68.62799999996363	945.6593973851024 
68.72799999996411	945.547775485981 
68.82799999996459	945.4380291777583 
68.92799999996507	945.3301269447451 
69.02799999996554	945.2240378008104 
69.12799999996602	945.1197312804866 
69.2279999999665	945.0171774302202 
69.32799999996698	944.9163467997678 
69.42799999996745	944.8172104337414 
69.52799999996793	944.7197398632925 
69.62799999996841	944.6239070979376 
69.72799999996889	944.5296846175166 
69.82799999996936	944.4370453642961 
69.92799999996984	944.3459627351936 
70.02799999997032	944.2564105741404 
70.1279999999708	944.1683631645708 
70.22799999997127	944.0817952220364 
70.32799999997175	943.996681886944 
70.42799999997223	943.9129987174189 
70.5279999999727	943.8307216822864 
70.62799999997318	943.7498271541657 
70.72799999997366	943.6702919026926 
70.82799999997414	943.5920930878414 
70.92799999997462	943.5152082533712 
71.0279999999751	943.439615320373 
71.12799999997557	943.3652925809328 
71.22799999997605	943.2922186918955 
71.32799999997653	943.2203726687376 
71.427999999977	943.1497338795386 
71.52799999997748	943.0802820390583 
71.62799999997796	943.0119972029112 
71.72799999997844	942.9448597618388 
71.82799999997891	942.8788504360778 
71.92799999997939	942.8139502698239 
72.02799999997987	942.75014062579 
72.12799999998035	942.6874031798521 
72.22799999998082	942.6257199157866 
72.3279999999813	942.5650731200989 
72.42799999998178	942.5054453769354 
72.52799999998226	942.4468195630825 
72.62799999998273	942.3891788430493 
72.72799999998321	942.3325066642319 
72.82799999998369	942.2767867521624 
72.92799999998417	942.222003105833 
73.02799999998464	942.1681399931023 
73.12799999998512	942.1151819461771 
73.2279999999856	942.063113757171 
73.32799999998608	942.0119204737364 
73.42799999998655	941.9615873947714 
73.52799999998703	941.9121000661975 
73.62799999998751	941.8634442768093 
73.72799999998799	941.8156060541935 
73.82799999998846	941.7685716607159 
73.92799999998894	941.7223275895774 
74.02799999998942	941.6768605609335 
74.1279999999899	941.6321575180827 
74.22799999999037	941.5882056237166 
74.32799999999085	941.544992256232 
74.42799999999133	941.5025050061082 
74.5279999999918	941.4607316723426 
74.62799999999228	941.4196602589453 
74.72799999999276	941.379278971499 
74.82799999999324	941.3395762137659 
74.92799999999372	941.3005405843624 
75.0279999999942	941.2621608734819 
75.12799999999467	941.2244260596785 
75.22799999999515	941.1873253066993 
75.32799999999563	941.1508479603746 
75.4279999999961	941.1149835455562 
75.52799999999658	941.0797217631115 
75.62799999999706	941.0450524869653 
75.72799999999754	941.0109657611911 
75.82799999999801	940.9774517971523 
75.92799999999849	940.9445009706913 
76.02799999999897	940.9121038193671 
76.12799999999945	940.8802510397356 
76.22799999999992	940.8489334846798 
76.3280000000004	940.8181421607826 
76.42800000000088	940.7878682257434 
76.52800000000136	940.7581029858388 
76.62800000000183	940.7288378934278 
76.72800000000231	940.700064544496 
76.82800000000279	940.6717746762413 
76.92800000000327	940.6439601647033 
77.02800000000374	940.6166130224279 
77.12800000000422	940.5897253961757 
77.2280000000047	940.5632895646652 
77.32800000000518	940.5372979363573 
77.42800000000565	940.5117430472721 
77.52800000000613	940.4866175588494 
77.62800000000661	940.4619142558381 
77.72800000000709	940.4376260442264 
77.82800000000756	940.4137459492026 
77.92800000000804	940.390267113155 
78.02800000000852	940.3671827936994 
78.128000000009	940.3444863617443 
78.22800000000947	940.3221712995884 
78.32800000000995	940.300231199047 
78.42800000001043	940.2786597596127 
78.5280000000109	940.2574507866458 
78.62800000001138	940.2365981895965 
78.72800000001186	940.216095980254 
78.82800000001234	940.1959382710276 
78.92800000001282	940.1761192732575 
79.0280000000133	940.1566332955499 
79.12800000001377	940.1374747421452 
79.22800000001425	940.1186381113084 
79.32800000001473	940.1001179937509 
79.4280000000152	940.0819090710775 
79.52800000001568	940.0640061142578 
79.62800000001616	940.0464039821254 
79.72800000001664	940.0290976199008 
79.82800000001711	940.012082057741 
79.92800000001759	939.9953524093115 
80.02800000001807	939.9789038703829 
80.12800000001855	939.9627317174517 
80.22800000001902	939.9468313063837 
80.3280000000195	939.9311980710805 
80.42800000001998	939.9158275221693 
80.52800000002046	939.9007152457104 
80.62800000002093	939.8858569019332 
80.72800000002141	939.8712482239882 
80.82800000002189	939.8568850167229 
80.92800000002237	939.8427631554754 
81.02800000002284	939.8288785848904 
81.12800000002332	939.8152273177561 
81.2280000000238	939.8018054338579 
81.32800000002428	939.788609078852 
81.42800000002475	939.7756344631601 
81.52800000002523	939.762877860881 
81.62800000002571	939.7503356087186 
81.72800000002619	939.7380041049328 
81.82800000002666	939.7258798083028 
81.92800000002714	939.7139592371127 
82.02800000002762	939.7022389681478 
82.1280000000281	939.6907156357165 
82.22800000002857	939.6793859306781 
82.32800000002905	939.6682465994992 
82.42800000002953	939.6572944433133 
82.52800000003	939.6465263170052 
82.62800000003048	939.6359391283075 
82.72800000003096	939.6255298369123 
82.82800000003144	939.6152954535988 
82.92800000003191	939.6052330393733 
83.02800000003239	939.5953397046263 
83.12800000003287	939.585612608304 
83.22800000003335	939.5760489570894 
83.32800000003382	939.5666460046028 
83.4280000000343	939.5574010506114 
83.52800000003478	939.5483114402552 
83.62800000003526	939.5393745632841 
83.72800000003573	939.5305878533073 
83.82800000003621	939.5219487870579 
83.92800000003669	939.5134548836679 
84.02800000003717	939.5051037039551 
84.12800000003764	939.4968928497229 
84.22800000003812	939.488819963073 
84.3280000000386	939.4808827257245 
84.42800000003908	939.4730788583536 
84.52800000003955	939.4654061199341 
84.62800000004003	939.4578623070973 
84.72800000004051	939.450445253497 
84.82800000004099	939.4431528291882 
84.92800000004146	939.4359829400162 
85.02800000004194	939.4289335270142 
85.12800000004242	939.4220025658126 
85.2280000000429	939.4151880660565 
85.32800000004337	939.4084880708361 
85.42800000004385	939.4019006561231 
85.52800000004433	939.395423930219 
85.6280000000448	939.3890560332126 
85.72800000004528	939.3827951364425 
85.82800000004576	939.3766394419774 
85.92800000004624	939.3705871820946 
86.02800000004672	939.364636618775 
86.1280000000472	939.3587860432043 
86.22800000004767	939.3530337752808 
86.32800000004815	939.3473781631342 
86.42800000004863	939.3418175826505 
86.5280000000491	939.3363504370058 
86.62800000004958	939.3309751562067 
86.72800000005006	939.3256901966431 
86.82800000005054	939.3204940406393 
86.92800000005101	939.3153851960238 
87.02800000005149	939.3103621956966 
87.12800000005197	939.305423597209 
87.22800000005245	939.3005679823519 
87.32800000005292	939.2957939567449 
87.4280000000534	939.2911001494372 
87.52800000005388	939.2864852125163 
87.62800000005436	939.2819478207159 
87.72800000005483	939.277486671041 
87.82800000005531	939.2731004823884 
87.92800000005579	939.2687879951834 
88.02800000005627	939.2645479710151 
88.12800000005674	939.2603791922812 
88.22800000005722	939.25628046184 
88.3280000000577	939.2522506026646 
88.42800000005818	939.2482884575072 
88.52800000005865	939.2443928885635 
88.62800000005913	939.2405627771477 
88.72800000005961	939.2367970233729 
88.82800000006009	939.2330945458336 
88.92800000006056	939.2294542812937 
89.02800000006104	939.2258751843841 
89.12800000006152	939.2223562273 
89.228000000062	939.2188963995086 
89.32800000006247	939.2154947074552 
89.42800000006295	939.2121501742809 
89.52800000006343	939.2088618395416 
89.6280000000639	939.2056287589302 
89.72800000006438	939.2024500040077 
89.82800000006486	939.1993246619362 
89.92800000006534	939.1962518352142 
90.02800000006582	939.1932306414237 
90.1280000000663	939.1902602129727 
90.22800000006677	939.1873396968473 
90.32800000006725	939.184468254367 
90.42800000006773	939.1816450609435 
90.5280000000682	939.178869305845 
90.62800000006868	939.1761401919614 
90.72800000006916	939.1734569355772 
90.82800000006964	939.1708187661457 
90.92800000007011	939.1682249260668 
91.02800000007059	939.1656746704718 
91.12800000007107	939.1631672670073 
91.22800000007155	939.1607019956258 
91.32800000007202	939.1582781483786 
91.4280000000725	939.1558950292136 
91.52800000007298	939.1535519537734 
91.62800000007346	939.1512482492002 
91.72800000007393	939.1489832539428 
91.82800000007441	939.1467563175654 
91.92800000007489	939.1445668005624 
92.02800000007537	939.1424140741734 
92.12800000007584	939.1402975202022 
92.22800000007632	939.1382165308414 
92.3280000000768	939.1361705084962 
92.42800000007728	939.1341588656142 
92.52800000007775	939.1321810245134 
92.62800000007823	939.1302364172211 
92.72800000007871	939.1283244853065 
92.82800000007919	939.1264446797231 
92.92800000007966	939.1245964606497 
93.02800000008014	939.1227792973364 
93.12800000008062	939.1209926679506 
93.2280000000811	939.119236059428 
93.32800000008157	939.1175089673269 
93.42800000008205	939.1158108956795 
93.52800000008253	939.1141413568538 
93.628000000083	939.1124998714108 
93.72800000008348	939.1108859679674 
93.82800000008396	939.1092991830603 
93.92800000008444	939.1077390610159 
94.02800000008492	939.1062051538162 
94.1280000000854	939.1046970209704 
94.22800000008587	939.1032142293907 
94.32800000008635	939.1017563532662 
94.42800000008683	939.1003229739404 
94.5280000000873	939.0989136797917 
94.62800000008778	939.0975280661149 
94.72800000008826	939.096165735006 
94.82800000008874	939.0948262952459 
94.92800000008921	939.0935093621895 
95.02800000008969	939.0922145576552 
95.12800000009017	939.0909415098159 
95.22800000009065	939.0896898530922 
95.32800000009112	939.0884592280474 
95.4280000000916	939.0872492812849 
95.52800000009208	939.0860596653458 
95.62800000009256	939.0848900386106 
95.72800000009303	939.0837400651981 
95.82800000009351	939.0826094148728 
95.92800000009399	939.0814977629468 
96.02800000009447	939.0804047901894 
96.12800000009494	939.0793301827329 
96.22800000009542	939.0782736319833 
96.3280000000959	939.0772348345331 
96.42800000009638	939.0762134920723 
96.52800000009685	939.0752093113031 
96.62800000009733	939.0742220038564 
96.72800000009781	939.073251286209 
96.82800000009829	939.0722968796007 
96.92800000009876	939.0713585099559 
97.02800000009924	939.0704359078048 
97.12800000009972	939.0695288082048 
97.2280000001002	939.0686369506658 
97.32800000010067	939.0677600790735 
97.42800000010115	939.0668979416185 
97.52800000010163	939.0660502907218 
97.6280000001021	939.065216882965 
97.72800000010258	939.064397479019 
97.82800000010306	939.0635918435777 
97.92800000010354	939.0627997452871 
98.02800000010402	939.0620209566821 
98.12800000010449	939.0612552541182 
98.22800000010497	939.0605024177113 
98.32800000010545	939.0597622312683 
98.42800000010592	939.0590344822325 
98.5280000001064	939.0583189616168 
98.62800000010688	939.0576154639457 
98.72800000010736	939.0569237871975 
98.82800000010783	939.0562437327437 
98.92800000010831	939.0555751052952 
99.02800000010879	939.0549177128419 
99.12800000010927	939.0542713666022 
99.22800000010974	939.0536358809649 
99.32800000011022	939.0530110734395 
99.4280000001107	939.0523967646003 
99.52800000011118	939.0517927780371 
99.62800000011165	939.0511989403042 
99.72800000011213	939.0506150808699 
99.82800000011261	939.0500410320683 
99.92800000011309	939.0494766290506 
