0.001	999.8471080938299 
0.10100000000000008	999.8470617215669 
0.20100000000000015	999.8470645492891 
0.3010000000000002	999.8470635610116 
0.4010000000000003	999.8470616922501 
0.5020000000000003	999.8470604561566 
0.6020000000000004	999.8470590196416 
0.7020000000000005	999.8470576819927 
0.8020000000000006	999.8470563458346 
0.9020000000000007	999.8470550376754 
1.0030000000000003	999.8470537373354 
1.1039999999999892	999.8470524593989 
1.204999999999978	999.8470512030711 
1.305999999999967	999.8470499680802 
1.4069999999999558	999.8470487540426 
1.5079999999999447	999.8470475606075 
1.6089999999999336	999.8470463874249 
1.7099999999999225	999.8470452341501 
1.8109999999999113	999.8470441004467 
1.9119999999999002	999.8470429859814 
2.0129999999998893	999.8470418904288 
2.113999999999878	999.847040813467 
2.214999999999867	999.8470397547809 
2.315999999999856	999.8470387140603 
2.416999999999845	999.8470376910003 
2.5179999999998337	999.8470366853018 
2.6189999999998226	999.8470356966687 
2.7199999999998115	999.8470347248134 
2.8209999999998003	999.8470337694491 
2.921999999999789	999.8470328302983 
3.022999999999778	999.8470319070835 
3.123999999999767	999.8470309995358 
3.224999999999756	999.8470301073892 
3.3259999999997447	999.8470292303812 
3.4269999999997336	999.8470283682562 
3.5279999999997225	999.8470275207613 
3.6289999999997113	999.847026687648 
3.7299999999997	999.847025868673 
3.830999999999689	999.8470250635951 
3.931999999999678	999.8470242721788 
4.031999999999681	999.8470235018307 
4.131999999999715	999.8470227444267 
4.231999999999748	999.8470219997496 
4.331999999999781	999.8470212675857 
4.431999999999815	999.8470205477233 
4.531999999999848	999.8470198399575 
4.6319999999998815	999.8470191440846 
4.731999999999915	999.8470184599042 
4.831999999999948	999.8470177872198 
4.931999999999982	999.8470171258396 
5.032000000000015	999.8470164755711 
5.1320000000000485	999.8470158362297 
5.232000000000082	999.8470152076317 
5.332000000000115	999.8470145895959 
5.432000000000149	999.8470139819448 
5.532000000000182	999.8470133845045 
5.6320000000002155	999.8470127971021 
5.732000000000249	999.8470122195708 
5.832000000000282	999.8470116517436 
5.932000000000316	999.8470110934572 
6.032000000000349	999.8470105445526 
6.1320000000003825	999.8470100048703 
6.232000000000416	999.8470094742573 
6.332000000000449	999.8470089525593 
6.432000000000483	999.8470084396279 
6.532000000000516	999.8470079353153 
6.6320000000005495	999.8470074394769 
6.732000000000583	999.8470069519699 
6.832000000000616	999.8470064726548 
6.93200000000065	999.8470060013918 
7.032000000000683	999.8470055380507 
7.132000000000716	999.8470050824926 
7.23200000000075	999.8470046345902 
7.332000000000783	999.8470041942142 
7.432000000000817	999.8470037612376 
7.53200000000085	999.8470033355359 
7.632000000000883	999.847002916988 
7.732000000000917	999.8470025054729 
7.83200000000095	999.8470021008725 
7.932000000000984	999.8470017030702 
8.032000000000988	999.8470013119519 
8.133000000000932	999.8470009235937 
8.234000000000876	999.8470005418253 
8.33500000000082	999.8470001665357 
8.436000000000764	999.8469997976146 
8.537000000000708	999.8469994349538 
8.638000000000652	999.8469990784475 
8.739000000000596	999.8469987279911 
8.84000000000054	999.8469983834822 
8.941000000000484	999.8469980448182 
9.042000000000428	999.8469977119023 
9.143000000000372	999.846997384635 
9.244000000000316	999.8469970629217 
9.34500000000026	999.8469967466681 
9.446000000000204	999.846996435781 
9.547000000000148	999.8469961301691 
9.648000000000092	999.8469958297444 
9.749000000000036	999.8469955344168 
9.84999999999998	999.8469952441017 
9.950999999999924	999.8469949587125 
10.051999999999868	999.8469946781667 
10.152999999999812	999.8469944023825 
10.253999999999756	999.846994131275 
10.3549999999997	999.846993864771 
10.455999999999644	999.8469936027881 
10.556999999999588	999.8469933452517 
10.657999999999532	999.8469930920853 
10.758999999999476	999.8469928432152 
10.85999999999942	999.8469925985686 
10.960999999999364	999.8469923580735 
11.061999999999308	999.846992121659 
11.162999999999252	999.8469918892572 
11.263999999999196	999.8469916607988 
11.36499999999914	999.8469914362171 
11.465999999999084	999.8469912154467 
11.566999999999029	999.8469909984227 
11.667999999998973	999.8469907850816 
11.768999999998917	999.8469905753612 
11.86999999999886	999.8469903692003 
11.970999999998805	999.8469901665354 
12.071999999998749	999.846989967311 
12.172999999998693	999.8469897714668 
12.273999999998637	999.8469895789462 
12.37499999999858	999.8469893896931 
12.475999999998525	999.8469892036512 
12.576999999998469	999.8469890207668 
12.677999999998413	999.8469888409855 
12.778999999998357	999.8469886642553 
12.8799999999983	999.8469884905242 
12.980999999998245	999.8469883197416 
13.081999999998189	999.8469881518565 
13.182999999998133	999.8469879868204 
13.283999999998077	999.8469878245851 
13.384999999998021	999.8469876651031 
13.485999999997965	999.8469875083271 
13.586999999997909	999.8469873542116 
13.687999999997853	999.8469872027115 
13.788999999997797	999.8469870537822 
13.889999999997741	999.8469869073806 
13.990999999997685	999.846986763463 
14.091999999997629	999.8469866219883 
14.192999999997573	999.8469864829138 
14.293999999997517	999.8469863462011 
14.394999999997461	999.8469862118056 
14.495999999997405	999.8469860796913 
14.59699999999735	999.8469859498186 
14.697999999997293	999.8469858221504 
14.798999999997237	999.8469856966486 
14.899999999997181	999.8469855732765 
15.000999999997125	999.8469854519982 
15.10199999999707	999.846985332778 
15.202999999997013	999.8469852155807 
15.303999999996957	999.8469851003724 
15.404999999996901	999.8469849871191 
15.505999999996845	999.8469848757877 
15.60699999999679	999.8469847663456 
15.707999999996733	999.8469846587607 
15.808999999996677	999.8469845530014 
15.909999999996622	999.8469844490371 
16.010999999996585	999.8469843468372 
16.110999999996707	999.8469842473576 
16.21099999999683	999.846984149549 
16.31099999999695	999.8469840533843 
16.410999999997074	999.8469839588357 
16.510999999997196	999.8469838658755 
16.61099999999732	999.8469837744775 
16.71099999999744	999.8469836846152 
16.810999999997563	999.846983596263 
16.910999999997685	999.8469835093952 
17.010999999997807	999.8469834239872 
17.11099999999793	999.8469833400143 
17.21099999999805	999.8469832574524 
17.310999999998174	999.846983176278 
17.410999999998296	999.8469830964672 
17.51099999999842	999.8469830179978 
17.61099999999854	999.8469829408469 
17.710999999998663	999.8469828649924 
17.810999999998785	999.8469827904127 
17.910999999998907	999.8469827170859 
18.01099999999903	999.8469826449915 
18.11099999999915	999.8469825741087 
18.210999999999274	999.8469825044177 
18.310999999999396	999.8469824358971 
18.410999999999518	999.8469823685278 
18.51099999999964	999.8469823022892 
18.610999999999763	999.8469822371638 
18.710999999999885	999.8469821731321 
18.811000000000007	999.8469821101771 
18.91100000000013	999.8469820482795 
19.01100000000025	999.8469819874223 
19.111000000000374	999.8469819275876 
19.211000000000496	999.8469818687586 
19.311000000000618	999.846981810918 
19.41100000000074	999.8469817540492 
19.511000000000863	999.8469816981359 
19.611000000000985	999.8469816431624 
19.711000000001107	999.8469815891127 
19.81100000000123	999.8469815359712 
19.91100000000135	999.8469814837225 
20.011000000001474	999.8469814323518 
20.111000000001596	999.8469813818442 
20.211000000001718	999.8469813321857 
20.31100000000184	999.8469812833611 
20.411000000001962	999.8469812353571 
20.511000000002085	999.8469811881598 
20.611000000002207	999.8469811417557 
20.71100000000233	999.8469810961315 
20.81100000000245	999.8469810512736 
20.911000000002574	999.8469810071693 
21.011000000002696	999.8469809638061 
21.111000000002818	999.8469809211716 
21.21100000000294	999.8469808792536 
21.311000000003062	999.8469808380399 
21.411000000003185	999.8469807975191 
21.511000000003307	999.8469807576788 
21.61100000000343	999.8469807185079 
21.71100000000355	999.8469806799953 
21.811000000003673	999.8469806421299 
21.911000000003796	999.8469806049009 
22.011000000003918	999.8469805682972 
22.11100000000404	999.8469805323089 
22.211000000004162	999.8469804969252 
22.311000000004285	999.8469804621362 
22.411000000004407	999.8469804279322 
22.51100000000453	999.8469803943016 
22.61100000000465	999.8469803612365 
22.711000000004773	999.8469803287269 
22.811000000004896	999.8469802967637 
22.911000000005018	999.8469802653375 
23.01100000000514	999.8469802344391 
23.111000000005262	999.8469802040603 
23.211000000005384	999.8469801741919 
23.311000000005507	999.8469801448252 
23.41100000000563	999.8469801159524 
23.51100000000575	999.8469800875644 
23.611000000005873	999.8469800596536 
23.711000000005996	999.8469800322118 
23.811000000006118	999.8469800052313 
23.91100000000624	999.8469799787036 
24.011000000006362	999.846979952622 
24.111000000006484	999.8469799269785 
24.211000000006607	999.8469799017658 
24.31100000000673	999.8469798769773 
24.41100000000685	999.846979852605 
24.511000000006973	999.8469798286424 
24.611000000007095	999.8469798050825 
24.711000000007218	999.8469797819184 
24.81100000000734	999.8469797591438 
24.911000000007462	999.8469797367518 
25.011000000007584	999.8469797147353 
25.111000000007706	999.8469796930892 
25.21100000000783	999.8469796718065 
25.31100000000795	999.8469796508817 
25.411000000008073	999.8469796303085 
25.511000000008195	999.846979610081 
25.611000000008318	999.8469795901932 
25.71100000000844	999.8469795706399 
25.811000000008562	999.8469795514151 
25.911000000008684	999.8469795325132 
26.011000000008806	999.846979513929 
26.11100000000893	999.846979495657 
26.21100000000905	999.8469794776923 
26.311000000009173	999.8469794600293 
26.411000000009295	999.8469794426632 
26.511000000009417	999.8469794255888 
26.61100000000954	999.8469794088014 
26.711000000009662	999.8469793922958 
26.811000000009784	999.8469793760676 
26.911000000009906	999.8469793601122 
27.01100000001003	999.8469793444248 
27.11100000001015	999.846979329001 
27.211000000010273	999.8469793138365 
27.311000000010395	999.8469792989268 
27.411000000010517	999.8469792842676 
27.51100000001064	999.8469792698548 
27.611000000010762	999.8469792556842 
27.711000000010884	999.8469792417519 
27.811000000011006	999.8469792280536 
27.91100000001113	999.8469792145852 
28.01100000001125	999.846979201343 
28.111000000011373	999.8469791883233 
28.211000000011495	999.8469791755225 
28.311000000011617	999.8469791629369 
28.41100000001174	999.8469791505629 
28.51100000001186	999.8469791383966 
28.611000000011984	999.8469791264348 
28.711000000012106	999.8469791146741 
28.81100000001223	999.8469791031112 
28.91100000001235	999.8469790917426 
29.011000000012473	999.8469790805647 
29.111000000012595	999.8469790695747 
29.211000000012717	999.8469790587694 
29.31100000001284	999.8469790481457 
29.41100000001296	999.8469790377007 
29.511000000013084	999.8469790274312 
29.611000000013206	999.8469790173341 
29.71100000001333	999.8469790074067 
29.81100000001345	999.8469789976464 
29.911000000013573	999.8469789880498 
30.011000000013695	999.8469789786144 
30.111000000013817	999.8469789693376 
30.21100000001394	999.8469789602163 
30.31100000001406	999.8469789512486 
30.411000000014184	999.8469789424314 
30.511000000014306	999.8469789337627 
30.61100000001443	999.8469789252391 
30.71100000001455	999.846978916859 
30.811000000014673	999.8469789086198 
30.911000000014795	999.846978900519 
31.011000000014917	999.8469788925544 
31.11100000001504	999.8469788847237 
31.21100000001516	999.8469788770244 
31.311000000015284	999.8469788694549 
31.411000000015406	999.8469788620124 
31.511000000015528	999.8469788546948 
31.61100000001565	999.8469788475003 
31.711000000015773	999.8469788404268 
31.811000000015895	999.8469788334721 
31.911000000016017	999.8469788266343 
32.0110000000161	999.8469788199117 
32.11200000001586	999.8469788132361 
32.213000000015626	999.8469788066742 
32.31400000001539	999.8469788002235 
32.415000000015155	999.846978793882 
32.51600000001492	999.8469787876485 
32.617000000014684	999.8469787815208 
32.71800000001445	999.8469787754967 
32.81900000001421	999.8469787695752 
32.92000000001398	999.8469787637539 
33.02100000001374	999.8469787580317 
33.12200000001351	999.8469787524062 
33.22300000001327	999.8469787468764 
33.32400000001304	999.8469787414405 
33.4250000000128	999.8469787360967 
33.526000000012566	999.8469787308436 
33.62700000001233	999.8469787256797 
33.728000000012095	999.8469787206035 
33.82900000001186	999.8469787156133 
33.930000000011624	999.8469787107077 
34.03100000001139	999.8469787058852 
34.13200000001115	999.8469787011447 
34.23300000001092	999.8469786964846 
34.33400000001068	999.8469786919035 
34.43500000001045	999.8469786874002 
34.53600000001021	999.8469786829734 
34.63700000000998	999.8469786786216 
34.73800000000974	999.8469786743435 
34.839000000009506	999.8469786701381 
34.94000000000927	999.8469786660042 
35.041000000009035	999.8469786619405 
35.1420000000088	999.8469786579458 
35.243000000008564	999.8469786540189 
35.34400000000833	999.8469786501586 
35.44500000000809	999.8469786463639 
35.54600000000786	999.8469786426336 
35.64700000000762	999.8469786389666 
35.74800000000739	999.8469786353621 
35.84900000000715	999.8469786318188 
35.950000000006916	999.8469786283354 
36.05100000000668	999.8469786249116 
36.152000000006446	999.8469786215455 
36.25300000000621	999.8469786182369 
36.354000000005975	999.8469786149844 
36.45500000000574	999.8469786117872 
36.556000000005504	999.8469786086438 
36.65700000000527	999.8469786055545 
36.75800000000503	999.8469786025172 
36.8590000000048	999.8469785995317 
36.96000000000456	999.8469785965966 
37.06100000000433	999.846978593712 
37.16200000000409	999.846978590876 
37.263000000003856	999.846978588088 
37.36400000000362	999.8469785853473 
37.465000000003386	999.8469785826534 
37.56600000000315	999.8469785800052 
37.667000000002915	999.8469785774021 
37.76800000000268	999.8469785748429 
37.869000000002444	999.8469785723273 
37.97000000000221	999.8469785698543 
38.07100000000197	999.846978567424 
38.17200000000174	999.8469785650341 
38.2730000000015	999.8469785626856 
38.37400000000127	999.8469785603762 
38.47500000000103	999.8469785581067 
38.576000000000796	999.8469785558755 
38.67700000000056	999.8469785536817 
38.778000000000326	999.8469785515259 
38.87900000000009	999.8469785494062 
38.979999999999855	999.8469785473227 
39.08099999999962	999.8469785452744 
39.181999999999384	999.8469785432611 
39.28299999999915	999.846978541282 
39.38399999999891	999.8469785393366 
39.48499999999868	999.8469785374242 
39.58599999999844	999.8469785355442 
39.68699999999821	999.846978533696 
39.78799999999797	999.8469785318797 
39.888999999997736	999.8469785300941 
39.9899999999975	999.8469785283384 
40.090999999997265	999.8469785266132 
40.19199999999703	999.8469785249163 
40.292999999996795	999.8469785232492 
40.39399999999656	999.8469785216093 
40.494999999996324	999.8469785199984 
40.59599999999609	999.8469785184138 
40.69699999999585	999.8469785168563 
40.79799999999562	999.8469785153263 
40.89899999999538	999.8469785138213 
40.99999999999515	999.8469785123422 
41.10099999999491	999.8469785108881 
41.201999999994676	999.846978509459 
41.30299999999444	999.8469785080542 
41.403999999994205	999.8469785066736 
41.50499999999397	999.8469785053156 
41.605999999993735	999.8469785039815 
41.7069999999935	999.8469785026695 
41.807999999993264	999.8469785013798 
41.90899999999303	999.8469785001122 
42.00999999999279	999.846978498866 
42.11099999999256	999.8469784976412 
42.21199999999232	999.8469784964371 
42.31299999999209	999.8469784952537 
42.41399999999185	999.846978494089 
42.514999999991616	999.8469784929462 
42.61599999999138	999.8469784918211 
42.716999999991145	999.8469784907154 
42.81799999999091	999.8469784896289 
42.918999999990675	999.8469784885608 
43.01999999999044	999.8469784875101 
43.120999999990204	999.8469784864781 
43.22199999998997	999.8469784854628 
43.32299999998973	999.8469784844658 
43.4239999999895	999.846978483485 
43.52499999998926	999.8469784825215 
43.62599999998903	999.8469784815742 
43.72699999998879	999.8469784806424 
43.827999999988556	999.8469784797278 
43.92899999998832	999.8469784788277 
44.029999999988085	999.8469784779433 
44.13099999998785	999.8469784770742 
44.231999999987615	999.8469784762194 
44.33299999998738	999.8469784753785 
44.433999999987144	999.8469784745533 
44.53499999998691	999.846978473742 
44.63599999998667	999.8469784729441 
44.73699999998644	999.8469784721593 
44.8379999999862	999.8469784713877 
44.93899999998597	999.8469784706298 
45.03999999998573	999.8469784698848 
45.140999999985496	999.8469784691529 
45.24199999998526	999.8469784684329 
45.342999999985025	999.8469784677253 
45.44399999998479	999.8469784670292 
45.544999999984555	999.8469784663454 
45.64599999998432	999.8469784656726 
45.746999999984084	999.8469784650115 
45.84799999998385	999.8469784643611 
45.94899999998361	999.8469784637222 
46.04999999998338	999.8469784630935 
46.15099999998314	999.8469784624757 
46.25199999998291	999.846978461868 
46.35299999998267	999.846978461271 
46.453999999982436	999.8469784606849 
46.5549999999822	999.8469784601085 
46.655999999981965	999.8469784595417 
46.75699999998173	999.8469784589843 
46.857999999981494	999.8469784584357 
46.95899999998126	999.8469784578961 
47.059999999981024	999.8469784573679 
47.16099999998079	999.846978456848 
47.26199999998055	999.8469784563362 
47.36299999998032	999.8469784558322 
47.46399999998008	999.8469784553384 
47.56499999997985	999.8469784548537 
47.66599999997961	999.846978454376 
47.766999999979376	999.8469784539052 
47.86799999997914	999.8469784534456 
47.968999999978905	999.8469784529924 
48.06999999997867	999.8469784525452 
48.170999999978434	999.8469784521088 
48.2719999999782	999.8469784516784 
48.372999999977964	999.8469784512536 
48.47399999997773	999.8469784508399 
48.57499999997749	999.8469784504305 
48.67599999997726	999.8469784500286 
48.77699999997702	999.8469784496344 
48.87799999997679	999.846978449244 
48.97899999997655	999.8469784488648 
49.079999999976316	999.8469784484886 
49.18099999997608	999.8469784481211 
49.281999999975845	999.8469784477584 
49.38299999997561	999.8469784474024 
49.483999999975374	999.8469784470523 
49.58499999997514	999.8469784467076 
49.685999999974904	999.8469784463695 
49.78699999997467	999.8469784460362 
49.88799999997443	999.8469784457092 
49.9889999999742	999.8469784453872 
50.08999999997396	999.8428271846955 
50.19099999997373	999.8285199720603 
50.29199999997349	999.8041818818242 
50.392999999973256	999.76998174843 
50.49399999997302	999.7260871173585 
50.594999999972785	999.6726624886493 
50.69599999997255	999.6098695787776 
50.796999999972314	999.5378673670166 
50.89799999997208	999.4568121312327 
50.99899999997184	999.3668574985371 
51.09999999997161	999.268154488679 
51.20099999997137	999.1608515587502 
51.30199999997114	999.0450946465485 
51.4029999999709	998.9210272133625 
51.50399999997067	998.7887902859884 
51.60499999997043	998.6485224980449 
51.705999999970196	998.5003601305833 
51.80699999996996	998.3444371520106 
51.907999999969725	998.180885257335 
52.00899999996949	998.0098339067428 
52.109999999969254	997.8314103635241 
52.21099999996902	997.6457397313529 
52.31199999996878	997.452944990936 
52.41299999996855	997.2531470360371 
52.51399999996831	997.0464647088928 
52.61499999996808	996.8330148350271 
52.71599999996784	996.6129122574725 
52.81699999996761	996.386269870414 
52.91799999996737	996.1531986522585 
53.018999999967136	995.9138076981466 
53.1199999999669	995.6682042519104 
53.220999999966665	995.4164937374901 
53.32199999996643	995.158779789815 
53.422999999966194	994.8951642851648 
53.52399999996596	994.6257473710134 
53.62499999996572	994.3506274953628 
53.72599999996549	994.0699014355871 
53.82699999996525	993.7836643267788 
53.92799999996502	993.49200968962 
54.02899999996478	993.1950294577781 
54.12999999996455	992.8928140048359 
54.23099999996431	992.5854521707662 
54.331999999964076	992.2730312879572 
54.43299999996384	991.9556372067954 
54.533999999963605	991.6333543208146 
54.63499999996337	991.3062655914174 
54.735999999963134	990.9744525721799 
54.8369999999629	990.6379954327405 
54.93799999996266	990.296972982285 
55.03899999996243	989.9514626926335 
55.13999999996219	989.6015407209353 
55.24099999996196	989.2472819319781 
55.34199999996172	988.8887599201182 
55.442999999961486	988.5260470308398 
55.54399999996125	988.1592143819488 
55.644999999961016	987.788331884406 
55.74599999996078	987.413468262805 
55.846999999960545	987.0346910755061 
55.94799999996031	986.6520667344272 
56.048999999960074	986.2656605244971 
56.14999999995984	985.8755366227812 
56.2509999999596	985.4817581172812 
56.35199999995937	985.0843870254162 
56.45299999995913	984.683484312191 
56.5539999999589	984.2791099080534 
56.65499999995866	983.8713227264514 
56.755999999958426	983.4601806810921 
56.85699999995819	983.0457407029046 
56.957999999957956	982.6280587567204 
57.05899999995772	982.2071898576661 
57.159999999957485	981.7831880872784 
57.26099999995725	981.3561066093499 
57.361999999957014	980.9259976855004 
57.46299999995678	980.4929126904871 
57.56399999995654	980.056902127255 
57.66499999995631	979.6180156417304 
57.76599999995607	979.1763020373648 
57.86699999995584	978.7318092894312 
57.9679999999556	978.2845845590788 
58.068999999955366	977.834674207146 
58.16999999995513	977.3821238077445 
58.270999999954896	976.9269781616086 
58.37199999995466	976.4692813092173 
58.472999999954425	976.0090765436985 
58.57399999995419	975.54640642351 
58.674999999953954	975.0813127849066 
58.77599999995372	974.6138367541946 
58.87699999995348	974.1440187597813 
58.97799999995325	973.6718985440182 
59.07899999995301	973.19751517484 
59.17999999995278	972.7209070572137 
59.28099999995254	972.2421119443857 
59.381999999952306	971.7611669489415 
59.48299999995207	971.2781085536799 
59.583999999951835	970.7929726222977 
59.6849999999516	970.3057944098969 
59.785999999951365	969.8166085733113 
59.88699999995113	969.3254491812606 
59.987999999950894	968.8323497243289 
60.08899999995066	968.3414034196226 
60.18999999995042	967.8587291310537 
60.29099999995019	967.3842443736653 
60.39199999994995	966.9178116595822 
60.49299999994972	966.4592941355654 
60.59399999994948	966.008557500846 
60.694999999949246	965.5654697197004 
60.79599999994901	965.129900991177 
60.896999999948775	964.7017237203445 
60.99799999994854	964.2808124763285 
61.098999999948305	963.8670439571309 
61.19999999994807	963.4602969530503 
61.300999999947834	963.060452311299 
61.4019999999476	962.6673929010666 
61.50299999994736	962.281003579215 
61.60399999994713	961.9011711565483 
61.70499999994689	961.5277843646513 
61.80599999994666	961.1607338233001 
61.90699999994642	960.7999120084144 
62.007999999946186	960.4452132205633 
62.10899999994595	960.096533554001 
62.209999999945715	959.7537708662259 
62.31099999994548	959.4168247480629 
62.411999999945245	959.0855964942464 
62.51299999994501	958.7599890745068 
62.613999999944774	958.4399071051464 
62.71499999994454	958.1252568210966 
62.8159999999443	957.8159460484518 
62.91699999994407	957.5118841774669 
63.01799999994383	957.2129821360141 
63.1189999999436	956.9191523634905 
63.21999999994336	956.6303087851671 
63.320999999943126	956.3463667869758 
63.42199999994289	956.0672431907196 
63.522999999942655	955.7928562297096 
63.62399999994242	955.5231255248101 
63.724999999942185	955.257972060892 
63.82599999994195	954.9973181636882 
63.926999999941714	954.7410874770369 
64.02799999994167	954.4892049405167 
64.12799999994215	954.2440276196785 
64.22799999994263	954.0029700312169 
64.3279999999431	953.7659629509684 
64.42799999994358	953.5329383179484 
64.52799999994406	953.3038292148062 
64.62799999994454	953.0785698486083 
64.72799999994501	952.8570955319448 
64.82799999994549	952.639342664352 
64.92799999994597	952.4252487140508 
65.02799999994645	952.2147521999864 
65.12799999994692	952.0077926741772 
65.2279999999474	951.804310704351 
65.32799999994788	951.6042478568814 
65.42799999994836	951.4075466800074 
65.52799999994883	951.2141506873321 
65.62799999994931	951.0240043416052 
65.72799999994979	950.837053038772 
65.82799999995026	950.6532430922947 
65.92799999995074	950.4725217177331 
66.02799999995122	950.2948370175891 
66.1279999999517	950.1201379664009 
66.22799999995217	949.9483743960915 
66.32799999995265	949.7794969815623 
66.42799999995313	949.6134572265269 
66.52799999995361	949.4502074495873 
66.62799999995408	949.289700770537 
66.72799999995456	949.1318910969035 
66.82799999995504	948.9767331107078 
66.92799999995552	948.824182255453 
67.027999999956	948.6741947233285 
67.12799999995647	948.5267274426288 
67.22799999995695	948.3817380653849 
67.32799999995743	948.2391849552052 
67.4279999999579	948.0990271753169 
67.52799999995838	947.961224476811 
67.62799999995886	947.8257372870829 
67.72799999995934	947.6925266984699 
67.82799999995981	947.5615544570779 
67.92799999996029	947.4327829517961 
68.02799999996077	947.3061752034946 
68.12799999996125	947.1816948544076 
68.22799999996172	947.0593061576911 
68.3279999999622	946.9389739671583 
68.42799999996268	946.8206637271858 
68.52799999996316	946.7043414627909 
68.62799999996363	946.5899737698753 
68.72799999996411	946.4775278056328 
68.82799999996459	946.3669712791155 
68.92799999996507	946.2582724419644 
69.02799999996554	946.1514000792896 
69.12799999996602	946.0463235007072 
69.2279999999665	945.9430125315266 
69.32799999996698	945.8414375040845 
69.42799999996745	945.7415692492252 
69.52799999996793	945.6433790879255 
69.62799999996841	945.546838823056 
69.72799999996889	945.451920731287 
69.82799999996936	945.3585975551266 
69.92799999996984	945.266842495091 
70.02799999997032	945.1766292020109 
70.1279999999708	945.0879317694639 
70.22799999997127	945.0007247263353 
70.32799999997175	944.9149830295028 
70.42799999997223	944.830682056646 
70.5279999999727	944.747797599175 
70.62799999997318	944.6663058552783 
70.72799999997366	944.5861834230893 
70.82799999997414	944.5074072939628 
70.92799999997462	944.4299548458708 
71.0279999999751	944.3538038369041 
71.12799999997557	944.2789323988861 
71.22799999997605	944.2053190310941 
71.32799999997653	944.132942594081 
71.427999999977	944.0617823036102 
71.52799999997748	943.9918177246818 
71.62799999997796	943.9230287656686 
71.72799999997844	943.855395672542 
71.82799999997891	943.7888990232055 
71.92799999997939	943.7235197219094 
72.02799999997987	943.6592389937744 
72.12799999998035	943.5960383793955 
72.22799999998082	943.5338997295422 
72.3279999999813	943.4728051999475 
72.42799999998178	943.4127372461819 
72.52799999998226	943.3536786186182 
72.62799999998273	943.2956123574746 
72.72799999998321	943.2385217879446 
72.82799999998369	943.1823905154122 
72.92799999998417	943.1272024207396 
73.02799999998464	943.0729416556411 
73.12799999998512	943.0195926381294 
73.2279999999856	942.9671400480444 
73.32799999998608	942.91556882265 
73.42799999998655	942.8648641523116 
73.52799999998703	942.8150114762409 
73.62799999998751	942.7659964783169 
73.72799999998799	942.7178050829723 
73.82799999998846	942.670423451153 
73.92799999998894	942.6238379763438 
74.02799999998942	942.5780352806602 
74.1279999999899	942.5330022110074 
74.22799999999037	942.4887258353034 
74.32799999999085	942.4451934387648 
74.42799999999133	942.4023925202553 
74.5279999999918	942.3603107886959 
74.62799999999228	942.3189361595366 
74.72799999999276	942.2782567512844 
74.82799999999324	942.2382608820911 
74.92799999999372	942.1989370664002 
75.0279999999942	942.160274011648 
75.12799999999467	942.1222606150203 
75.22799999999515	942.0848859602648 
75.32799999999563	942.048139314554 
75.4279999999961	942.0120101254082 
75.52799999999658	941.9764880176579 
75.62799999999706	941.9415627904709 
75.72799999999754	941.9072244144197 
75.82799999999801	941.8734630286021 
75.92799999999849	941.8402689378087 
76.02799999999897	941.80763260974 
76.12799999999945	941.7755446722688 
76.22799999999992	941.7439959107472 
76.3280000000004	941.7129772653633 
76.42800000000088	941.6824798285365 
76.52800000000136	941.652494842362 
76.62800000000183	941.6230136960929 
76.72800000000231	941.594027923672 
76.82800000000279	941.5655292012958 
76.92800000000327	941.537509345027 
77.02800000000374	941.5099603084432 
77.12800000000422	941.4828741803276 
77.2280000000047	941.4562431823952 
77.32800000000518	941.4300596670603 
77.42800000000565	941.4043161152402 
77.52800000000613	941.3790051341964 
77.62800000000661	941.35411945541 
77.72800000000709	941.3296519324966 
77.82800000000756	941.305595539152 
77.92800000000804	941.2819433671368 
78.02800000000852	941.2586886242905 
78.128000000009	941.2358246325816 
78.22800000000947	941.2133448261901 
78.32800000000995	941.1912427496234 
78.42800000001043	941.169512055858 
78.5280000000109	941.1481465045227 
78.62800000001138	941.1271399601023 
78.72800000001186	941.1064863901775 
78.82800000001234	941.0861798636925 
78.92800000001282	941.0662145492499 
79.0280000000133	941.0465847134407 
79.12800000001377	941.0272847191918 
79.22800000001425	941.0083090241513 
79.32800000001473	940.9896521790967 
79.4280000000152	940.9713088263682 
79.52800000001568	940.9532736983311 
79.62800000001616	940.9355416158639 
79.72800000001664	940.91810748687 
79.82800000001711	940.9009663048148 
79.92800000001759	940.8841131472901 
80.02800000001807	940.8675431745987 
80.12800000001855	940.8512516283648 
80.22800000001902	940.8352338301686 
80.3280000000195	940.8194851802018 
80.42800000001998	940.8040011559477 
80.52800000002046	940.7887773108808 
80.62800000002093	940.7738092731909 
80.72800000002141	940.7590927445283 
80.82800000002189	940.7446234987682 
80.92800000002237	940.730397380799 
81.02800000002284	940.716410305325 
81.12800000002332	940.7026582557 
81.2280000000238	940.6891372827655 
81.32800000002428	940.6758435037239 
81.42800000002475	940.6627731010194 
81.52800000002523	940.6499223212438 
81.62800000002571	940.6372874740565 
81.72800000002619	940.6248649311265 
81.82800000002666	940.6126511250902 
81.92800000002714	940.6006425485258 
82.02800000002762	940.5888357529481 
82.1280000000281	940.5772273478167 
82.22800000002857	940.5658139995617 
82.32800000002905	940.5545924306282 
82.42800000002953	940.5435594185351 
82.52800000003	940.5327117949475 
82.62800000003048	940.5220464447689 
82.72800000003096	940.511560305246 
82.82800000003144	940.5012503650892 
82.92800000003191	940.4911136636075 
83.02800000003239	940.4811472898591 
83.12800000003287	940.4713483818142 
83.22800000003335	940.4617141255352 
83.32800000003382	940.4522417543661 
83.4280000000343	940.4429285481398 
83.52800000003478	940.4337718323956 
83.62800000003526	940.4247689776125 
83.72800000003573	940.4159173984546 
83.82800000003621	940.4072145530255 
83.92800000003669	940.3986579421419 
84.02800000003717	940.3902451086141 
84.12800000003764	940.3819736365406 
84.22800000003812	940.3738411506146 
84.3280000000386	940.365845315442 
84.42800000003908	940.3579838348697 
84.52800000003955	940.3502544513285 
84.62800000004003	940.3426549451814 
84.72800000004051	940.3351831340898 
84.82800000004099	940.3278368723838 
84.92800000004146	940.3206140504483 
85.02800000004194	940.3135125941159 
85.12800000004242	940.3065304640717 
85.2280000000429	940.2996656552667 
85.32800000004337	940.2929161963441 
85.42800000004385	940.2862801490711 
85.52800000004433	940.2797556077841 
85.6280000000448	940.2733406988389 
85.72800000004528	940.2670335800764 
85.82800000004576	940.2608324402889 
85.92800000004624	940.2547354987059 
86.02800000004672	940.2487410044756 
86.1280000000472	940.2428472361682 
86.22800000004767	940.2370525012791 
86.32800000004815	940.2313551357425 
86.42800000004863	940.2257535034538 
86.5280000000491	940.2202459958004 
86.62800000004958	940.2148310311992 
86.72800000005006	940.2095070546422 
86.82800000005054	940.2042725372512 
86.92800000005101	940.1991259758373 
87.02800000005149	940.1940658924697 
87.12800000005197	940.1890908340514 
87.22800000005245	940.1841993719017 
87.32800000005292	940.1793901013468 
87.4280000000534	940.1746616413152 
87.52800000005388	940.1700126339422 
87.62800000005436	940.165441744178 
87.72800000005483	940.1609476594081 
87.82800000005531	940.1565290890716 
87.92800000005579	940.1521847642942 
88.02800000005627	940.1479134375227 
88.12800000005674	940.1437138821655 
88.22800000005722	940.1395848922422 
88.3280000000577	940.1355252820382 
88.42800000005818	940.1315338857603 
88.52800000005865	940.1276095572042 
88.62800000005913	940.1237511694268 
88.72800000005961	940.1199576144197 
88.82800000006009	940.1162278027942 
88.92800000006056	940.1125606634646 
89.02800000006104	940.1089551433446 
89.12800000006152	940.1054102070416 
89.228000000062	940.1019248365612 
89.32800000006247	940.0984980310147 
89.42800000006295	940.095128806332 
89.52800000006343	940.0918161949768 
89.6280000000639	940.0885592456708 
89.72800000006438	940.0853570231219 
89.82800000006486	940.0822086077517 
89.92800000006534	940.0791130954339 
90.02800000006582	940.0760695972349 
90.1280000000663	940.0730772391581 
90.22800000006677	940.0701351618918 
90.32800000006725	940.0672425205643 
90.42800000006773	940.0643984844993 
90.5280000000682	940.0616022369799 
90.62800000006868	940.0588529750106 
90.72800000006916	940.0561499090908 
90.82800000006964	940.0534922629843 
90.92800000007011	940.0508792734988 
91.02800000007059	940.0483101902659 
91.12800000007107	940.0457842755263 
91.22800000007155	940.043300803915 
91.32800000007202	940.0408590622585 
91.4280000000725	940.038458349365 
91.52800000007298	940.0360979758253 
91.62800000007346	940.0337772638134 
91.72800000007393	940.0314955468948 
91.82800000007441	940.0292521698316 
91.92800000007489	940.0270464883965 
92.02800000007537	940.0248778691872 
92.12800000007584	940.0227456894446 
92.22800000007632	940.0206493368734 
92.3280000000768	940.018588209467 
92.42800000007728	940.0165617153342 
92.52800000007775	940.0145692725301 
92.62800000007823	940.012610308888 
92.72800000007871	940.0106842618545 
92.82800000007919	940.0087905783292 
92.92800000007966	940.006928714506 
93.02800000008014	940.0050981357167 
93.12800000008062	940.0032983162758 
93.2280000000811	940.0015287393325 
93.32800000008157	939.9997888967191 
93.42800000008205	939.9980782888076 
93.52800000008253	939.9963964243658 
93.628000000083	939.9947428204143 
93.72800000008348	939.9931170020908 
93.82800000008396	939.9915185025105 
93.92800000008444	939.9899468626352 
94.02800000008492	939.9884016311394 
94.1280000000854	939.9868823642803 
94.22800000008587	939.9853886257736 
94.32800000008635	939.9839199866636 
94.42800000008683	939.9824760252037 
94.5280000000873	939.9810563267334 
94.62800000008778	939.9796604835598 
94.72800000008826	939.9782880948403 
94.82800000008874	939.9769387664685 
94.92800000008921	939.9756121109598 
95.02800000008969	939.97430774734 
95.12800000009017	939.9730253010375 
95.22800000009065	939.9717644037737 
95.32800000009112	939.970524693458 
95.4280000000916	939.9693058140854 
95.52800000009208	939.9681074156316 
95.62800000009256	939.9669291539541 
95.72800000009303	939.9657706906936 
95.82800000009351	939.9646316931754 
95.92800000009399	939.9635118343157 
96.02800000009447	939.9624107925259 
96.12800000009494	939.961328251621 
96.22800000009542	939.9602639007301 
96.3280000000959	939.9592174342044 
96.42800000009638	939.9581885515325 
96.52800000009685	939.9571769572508 
96.62800000009733	939.9561823608615 
96.72800000009781	939.9552044767479 
96.82800000009829	939.9542430240921 
96.92800000009876	939.9532977267953 
97.02800000009924	939.9523683133979 
97.12800000009972	939.9514545170011 
97.2280000001002	939.9505560751924 
97.32800000010067	939.9496727299664 
97.42800000010115	939.9488042276546 
97.52800000010163	939.9479503188508 
97.6280000001021	939.9471107583379 
97.72800000010258	939.9462853050217 
97.82800000010306	939.9454737218578 
97.92800000010354	939.944675775785 
98.02800000010402	939.9438912376579 
98.12800000010449	939.9431198821824 
98.22800000010497	939.9423614878494 
98.32800000010545	939.9416158368712 
98.42800000010592	939.9408827151203 
98.5280000001064	939.9401619120686 
98.62800000010688	939.9394532207226 
98.72800000010736	939.9387564375686 
98.82800000010783	939.9380713625129 
98.92800000010831	939.9373977988233 
99.02800000010879	939.9367355530733 
99.12800000010927	939.9360844350871 
99.22800000010974	939.9354442578839 
99.32800000011022	939.9348148376247 
99.4280000001107	939.9341959935595 
99.52800000011118	939.9335875479768 
99.62800000011165	939.9329893261493 
99.72800000011213	939.9324011562867 
99.82800000011261	939.9318228694851 
99.92800000011309	939.931254299679 
