0.001	1002.3975690619916 
0.10100000000000008	1002.3976387467974 
0.20100000000000015	1002.3976302054483 
0.3010000000000002	1002.3976281111143 
0.4010000000000003	1002.3976273316065 
0.5020000000000003	1002.3976256231398 
0.6020000000000004	1002.3976243162305 
0.7020000000000005	1002.3976229166258 
0.8020000000000006	1002.3976215728292 
0.9020000000000007	1002.39762024306 
1.0030000000000003	1002.3976189248497 
1.1039999999999892	1002.3976176284873 
1.204999999999978	1002.3976163542434 
1.305999999999967	1002.3976151015968 
1.4069999999999558	1002.397613870213 
1.5079999999999447	1002.3976126597239 
1.6089999999999336	1002.3976114697766 
1.7099999999999225	1002.397610300023 
1.8109999999999113	1002.3976091501181 
1.9119999999999002	1002.3976080197281 
2.0129999999998893	1002.3976069085198 
2.113999999999878	1002.3976058161693 
2.214999999999867	1002.3976047423545 
2.315999999999856	1002.3976036867624 
2.416999999999845	1002.3976026490838 
2.5179999999998337	1002.3976016290128 
2.6189999999998226	1002.3976006262537 
2.7199999999998115	1002.3975996405103 
2.8209999999998003	1002.3975986714952 
2.921999999999789	1002.3975977189227 
3.022999999999778	1002.3975967825166 
3.123999999999767	1002.3975958619999 
3.224999999999756	1002.3975949571048 
3.3259999999997447	1002.3975940675656 
3.4269999999997336	1002.3975931931204 
3.5279999999997225	1002.397592333515 
3.6289999999997113	1002.3975914884969 
3.7299999999997	1002.3975906578189 
3.830999999999689	1002.397589841236 
3.931999999999678	1002.3975890385115 
4.031999999999681	1002.3975882571555 
4.131999999999715	1002.3975874889284 
4.231999999999748	1002.3975867336103 
4.331999999999781	1002.3975859909831 
4.431999999999815	1002.3975852608352 
4.531999999999848	1002.3975845429555 
4.6319999999998815	1002.3975838371383 
4.731999999999915	1002.3975831431815 
4.831999999999948	1002.3975824608856 
4.931999999999982	1002.3975817900525 
5.032000000000015	1002.3975811304933 
5.1320000000000485	1002.3975804820161 
5.232000000000082	1002.3975798444351 
5.332000000000115	1002.3975792175678 
5.432000000000149	1002.3975786012342 
5.532000000000182	1002.3975779952549 
5.6320000000002155	1002.3975773994603 
5.732000000000249	1002.3975768136761 
5.832000000000282	1002.3975762377345 
5.932000000000316	1002.397575671471 
6.032000000000349	1002.397575114722 
6.1320000000003825	1002.3975745673289 
6.232000000000416	1002.397574029132 
6.332000000000449	1002.3975734999802 
6.432000000000483	1002.397572979719 
6.532000000000516	1002.3975724682002 
6.6320000000005495	1002.397571965276 
6.732000000000583	1002.3975714708027 
6.832000000000616	1002.3975709846384 
6.93200000000065	1002.3975705066434 
7.032000000000683	1002.3975700366776 
7.132000000000716	1002.3975695746117 
7.23200000000075	1002.3975691203086 
7.332000000000783	1002.3975686736395 
7.432000000000817	1002.3975682344761 
7.53200000000085	1002.3975678026917 
7.632000000000883	1002.3975673781622 
7.732000000000917	1002.397566960767 
7.83200000000095	1002.3975665503855 
7.932000000000984	1002.3975661468974 
8.032000000000988	1002.397565750191 
8.133000000000932	1002.3975653562829 
8.234000000000876	1002.3975649690595 
8.33500000000082	1002.3975645884071 
8.436000000000764	1002.3975642142137 
8.537000000000708	1002.3975638463712 
8.638000000000652	1002.3975634847704 
8.739000000000596	1002.3975631293063 
8.84000000000054	1002.3975627798742 
8.941000000000484	1002.3975624363729 
9.042000000000428	1002.3975620986973 
9.143000000000372	1002.397561766754 
9.244000000000316	1002.3975614404437 
9.34500000000026	1002.3975611196706 
9.446000000000204	1002.3975608043411 
9.547000000000148	1002.3975604943629 
9.648000000000092	1002.397560189644 
9.749000000000036	1002.3975598900972 
9.84999999999998	1002.397559595633 
9.950999999999924	1002.397559306166 
10.051999999999868	1002.3975590216114 
10.152999999999812	1002.3975587418854 
10.253999999999756	1002.3975584669073 
10.3549999999997	1002.3975581965914 
10.455999999999644	1002.397557930866 
10.556999999999588	1002.3975576696491 
10.657999999999532	1002.3975574128655 
10.758999999999476	1002.3975571604392 
10.85999999999942	1002.3975569122962 
10.960999999999364	1002.3975566683646 
11.061999999999308	1002.3975564285729 
11.162999999999252	1002.3975561928489 
11.263999999999196	1002.397555961126 
11.36499999999914	1002.3975557333358 
11.465999999999084	1002.3975555094103 
11.566999999999029	1002.397555289285 
11.667999999998973	1002.3975550728954 
11.768999999998917	1002.3975548601779 
11.86999999999886	1002.3975546510705 
11.970999999998805	1002.397554445512 
12.071999999998749	1002.3975542434381 
12.172999999998693	1002.3975540447964 
12.273999999998637	1002.3975538495249 
12.37499999999858	1002.3975536575672 
12.475999999998525	1002.3975534688669 
12.576999999998469	1002.3975532833689 
12.677999999998413	1002.397553101019 
12.778999999998357	1002.3975529217631 
12.8799999999983	1002.3975527455494 
12.980999999998245	1002.3975525723264 
13.081999999998189	1002.3975524020425 
13.182999999998133	1002.3975522346481 
13.283999999998077	1002.3975520700944 
13.384999999998021	1002.3975519083332 
13.485999999997965	1002.397551749317 
13.586999999997909	1002.3975515929994 
13.687999999997853	1002.3975514393344 
13.788999999997797	1002.3975512882772 
13.889999999997741	1002.3975511397832 
13.990999999997685	1002.3975509938095 
14.091999999997629	1002.3975508503123 
14.192999999997573	1002.3975507092518 
14.293999999997517	1002.397550570584 
14.394999999997461	1002.3975504342693 
14.495999999997405	1002.3975503002662 
14.59699999999735	1002.3975501685379 
14.697999999997293	1002.3975500390455 
14.798999999997237	1002.3975499117504 
14.899999999997181	1002.3975497866154 
15.000999999997125	1002.397549663604 
15.10199999999707	1002.3975495426803 
15.202999999997013	1002.397549423808 
15.303999999996957	1002.3975493069536 
15.404999999996901	1002.397549192082 
15.505999999996845	1002.3975490791595 
15.60699999999679	1002.3975489681535 
15.707999999996733	1002.3975488590313 
15.808999999996677	1002.397548751761 
15.909999999996622	1002.397548646311 
16.010999999996585	1002.3975485426506 
16.110999999996707	1002.3975484417489 
16.21099999999683	1002.3975483425435 
16.31099999999695	1002.3975482450045 
16.410999999997074	1002.3975481491044 
16.510999999997196	1002.3975480548162 
16.61099999999732	1002.3975479621123 
16.71099999999744	1002.3975478709662 
16.810999999997563	1002.3975477813508 
16.910999999997685	1002.3975476932419 
17.010999999997807	1002.3975476066133 
17.11099999999793	1002.3975475214409 
17.21099999999805	1002.397547437699 
17.310999999998174	1002.3975473553644 
17.410999999998296	1002.3975472744133 
17.51099999999842	1002.3975471948228 
17.61099999999854	1002.3975471165691 
17.710999999998663	1002.3975470396309 
17.810999999998785	1002.3975469639855 
17.910999999998907	1002.397546889611 
18.01099999999903	1002.397546816486 
18.11099999999915	1002.3975467445908 
18.210999999999274	1002.3975466739037 
18.310999999999396	1002.3975466044045 
18.410999999999518	1002.3975465360726 
18.51099999999964	1002.3975464688871 
18.610999999999763	1002.3975464028304 
18.710999999999885	1002.3975463378845 
18.811000000000007	1002.3975462740292 
18.91100000000013	1002.3975462112471 
19.01100000000025	1002.3975461495203 
19.111000000000374	1002.397546088831 
19.211000000000496	1002.3975460291612 
19.311000000000618	1002.3975459704938 
19.41100000000074	1002.3975459128126 
19.511000000000863	1002.3975458561005 
19.611000000000985	1002.3975458003413 
19.711000000001107	1002.3975457455193 
19.81100000000123	1002.397545691618 
19.91100000000135	1002.397545638623 
20.011000000001474	1002.3975455865182 
20.111000000001596	1002.3975455352893 
20.211000000001718	1002.3975454849203 
20.31100000000184	1002.3975454353987 
20.411000000001962	1002.3975453867084 
20.511000000002085	1002.3975453388368 
20.611000000002207	1002.3975452917696 
20.71100000000233	1002.3975452454935 
20.81100000000245	1002.3975451999949 
20.911000000002574	1002.3975451552601 
21.011000000002696	1002.397545111277 
21.111000000002818	1002.3975450680335 
21.21100000000294	1002.3975450255166 
21.311000000003062	1002.3975449837139 
21.411000000003185	1002.3975449426139 
21.511000000003307	1002.3975449022045 
21.61100000000343	1002.3975448624739 
21.71100000000355	1002.3975448234108 
21.811000000003673	1002.3975447850044 
21.911000000003796	1002.3975447472435 
22.011000000003918	1002.3975447101169 
22.11100000000404	1002.3975446736139 
22.211000000004162	1002.3975446377249 
22.311000000004285	1002.397544602439 
22.411000000004407	1002.3975445677456 
22.51100000000453	1002.3975445336354 
22.61100000000465	1002.397544500097 
22.711000000004773	1002.3975444671231 
22.811000000004896	1002.397544434703 
22.911000000005018	1002.3975444028275 
23.01100000000514	1002.3975443714878 
23.111000000005262	1002.3975443406747 
23.211000000005384	1002.3975443103798 
23.311000000005507	1002.3975442805937 
23.41100000000563	1002.397544251308 
23.51100000000575	1002.3975442225143 
23.611000000005873	1002.3975441942047 
23.711000000005996	1002.397544166371 
23.811000000006118	1002.3975441390045 
23.91100000000624	1002.397544112098 
24.011000000006362	1002.3975440856435 
24.111000000006484	1002.3975440596336 
24.211000000006607	1002.397544034061 
24.31100000000673	1002.3975440089179 
24.41100000000685	1002.3975439841976 
24.511000000006973	1002.3975439598923 
24.611000000007095	1002.3975439359959 
24.711000000007218	1002.3975439125011 
24.81100000000734	1002.3975438894006 
24.911000000007462	1002.3975438666887 
25.011000000007584	1002.3975438443579 
25.111000000007706	1002.397543822402 
25.21100000000783	1002.3975438008157 
25.31100000000795	1002.3975437795916 
25.411000000008073	1002.3975437587244 
25.511000000008195	1002.3975437382079 
25.611000000008318	1002.397543718036 
25.71100000000844	1002.3975436982032 
25.811000000008562	1002.3975436787035 
25.911000000008684	1002.3975436595318 
26.011000000008806	1002.397543640682 
26.11100000000893	1002.397543622149 
26.21100000000905	1002.3975436039273 
26.311000000009173	1002.397543586012 
26.411000000009295	1002.3975435683977 
26.511000000009417	1002.3975435510793 
26.61100000000954	1002.3975435340521 
26.711000000009662	1002.3975435173106 
26.811000000009784	1002.3975435008505 
26.911000000009906	1002.3975434846672 
27.01100000001003	1002.3975434687557 
27.11100000001015	1002.3975434531113 
27.211000000010273	1002.3975434377302 
27.311000000010395	1002.3975434226077 
27.411000000010517	1002.3975434077389 
27.51100000001064	1002.3975433931199 
27.611000000010762	1002.397543378747 
27.711000000010884	1002.3975433646156 
27.811000000011006	1002.3975433507214 
27.91100000001113	1002.3975433370605 
28.01100000001125	1002.3975433236291 
28.111000000011373	1002.3975433104234 
28.211000000011495	1002.3975432974398 
28.311000000011617	1002.3975432846743 
28.41100000001174	1002.3975432721234 
28.51100000001186	1002.3975432597832 
28.611000000011984	1002.3975432476507 
28.711000000012106	1002.3975432357219 
28.81100000001223	1002.3975432239938 
28.91100000001235	1002.3975432124624 
29.011000000012473	1002.3975432011252 
29.111000000012595	1002.3975431899781 
29.211000000012717	1002.3975431790183 
29.31100000001284	1002.3975431682429 
29.41100000001296	1002.3975431576486 
29.511000000013084	1002.3975431472321 
29.611000000013206	1002.397543136991 
29.71100000001333	1002.3975431269218 
29.81100000001345	1002.3975431170217 
29.911000000013573	1002.3975431072881 
30.011000000013695	1002.3975430977177 
30.111000000013817	1002.3975430883083 
30.21100000001394	1002.3975430790571 
30.31100000001406	1002.3975430699609 
30.411000000014184	1002.3975430610178 
30.511000000014306	1002.3975430522249 
30.61100000001443	1002.3975430435801 
30.71100000001455	1002.3975430350802 
30.811000000014673	1002.397543026723 
30.911000000014795	1002.3975430185067 
31.011000000014917	1002.3975430104281 
31.11100000001504	1002.3975430024856 
31.21100000001516	1002.3975429946764 
31.311000000015284	1002.3975429869984 
31.411000000015406	1002.3975429794497 
31.511000000015528	1002.3975429720277 
31.61100000001565	1002.3975429647303 
31.711000000015773	1002.3975429575557 
31.811000000015895	1002.3975429505018 
31.911000000016017	1002.3975429435662 
32.0110000000161	1002.3975429367474 
32.11200000001586	1002.3975429299767 
32.213000000015626	1002.3975429233208 
32.31400000001539	1002.3975429167779 
32.415000000015155	1002.397542910346 
32.51600000001492	1002.3975429040232 
32.617000000014684	1002.3975428978079 
32.71800000001445	1002.3975428916979 
32.81900000001421	1002.3975428856916 
32.92000000001398	1002.3975428797874 
33.02100000001374	1002.3975428739832 
33.12200000001351	1002.3975428682775 
33.22300000001327	1002.3975428626686 
33.32400000001304	1002.397542857155 
33.4250000000128	1002.397542851735 
33.526000000012566	1002.3975428464069 
33.62700000001233	1002.397542841169 
33.728000000012095	1002.3975428360199 
33.82900000001186	1002.3975428309586 
33.930000000011624	1002.3975428259828 
34.03100000001139	1002.3975428210916 
34.13200000001115	1002.3975428162832 
34.23300000001092	1002.3975428115565 
34.33400000001068	1002.3975428069099 
34.43500000001045	1002.3975428023422 
34.53600000001021	1002.397542797852 
34.63700000000998	1002.3975427934381 
34.73800000000974	1002.3975427890989 
34.839000000009506	1002.3975427848335 
34.94000000000927	1002.3975427806407 
35.041000000009035	1002.3975427765188 
35.1420000000088	1002.3975427724669 
35.243000000008564	1002.397542768484 
35.34400000000833	1002.3975427645688 
35.44500000000809	1002.3975427607197 
35.54600000000786	1002.3975427569361 
35.64700000000762	1002.3975427532172 
35.74800000000739	1002.3975427495606 
35.84900000000715	1002.3975427459666 
35.950000000006916	1002.3975427424339 
36.05100000000668	1002.3975427389609 
36.152000000006446	1002.3975427355467 
36.25300000000621	1002.397542732191 
36.354000000005975	1002.3975427288917 
36.45500000000574	1002.3975427256491 
36.556000000005504	1002.3975427224608 
36.65700000000527	1002.3975427193268 
36.75800000000503	1002.397542716247 
36.8590000000048	1002.3975427132183 
36.96000000000456	1002.3975427102417 
37.06100000000433	1002.3975427073152 
37.16200000000409	1002.3975427044389 
37.263000000003856	1002.3975427016112 
37.36400000000362	1002.3975426988316 
37.465000000003386	1002.397542696099 
37.56600000000315	1002.3975426934136 
37.667000000002915	1002.3975426907728 
37.76800000000268	1002.397542688177 
37.869000000002444	1002.3975426856255 
37.97000000000221	1002.3975426831172 
38.07100000000197	1002.397542680652 
38.17200000000174	1002.3975426782281 
38.2730000000015	1002.3975426758454 
38.37400000000127	1002.3975426735038 
38.47500000000103	1002.3975426712014 
38.576000000000796	1002.3975426689381 
38.67700000000056	1002.3975426667139 
38.778000000000326	1002.3975426645267 
38.87900000000009	1002.397542662377 
38.979999999999855	1002.3975426602633 
39.08099999999962	1002.3975426581859 
39.181999999999384	1002.397542656144 
39.28299999999915	1002.3975426541367 
39.38399999999891	1002.3975426521635 
39.48499999999868	1002.3975426502234 
39.58599999999844	1002.3975426483166 
39.68699999999821	1002.3975426464426 
39.78799999999797	1002.3975426446003 
39.888999999997736	1002.3975426427887 
39.9899999999975	1002.3975426410083 
40.090999999997265	1002.3975426392581 
40.19199999999703	1002.3975426375374 
40.292999999996795	1002.3975426358464 
40.39399999999656	1002.3975426341831 
40.494999999996324	1002.397542632549 
40.59599999999609	1002.3975426309424 
40.69699999999585	1002.3975426293628 
40.79799999999562	1002.39754262781 
40.89899999999538	1002.3975426262842 
40.99999999999515	1002.3975426247833 
41.10099999999491	1002.3975426233085 
41.201999999994676	1002.3975426218593 
41.30299999999444	1002.3975426204343 
41.403999999994205	1002.3975426190336 
41.50499999999397	1002.3975426176572 
41.605999999993735	1002.397542616303 
41.7069999999935	1002.3975426149728 
41.807999999993264	1002.3975426136645 
41.90899999999303	1002.397542612379 
42.00999999999279	1002.3975426111151 
42.11099999999256	1002.3975426098722 
42.21199999999232	1002.397542608651 
42.31299999999209	1002.3975426074502 
42.41399999999185	1002.3975426062709 
42.514999999991616	1002.3975426051097 
42.61599999999138	1002.3975426039689 
42.716999999991145	1002.397542602848 
42.81799999999091	1002.3975426017464 
42.918999999990675	1002.3975426006617 
43.01999999999044	1002.3975425995974 
43.120999999990204	1002.3975425985495 
43.22199999998997	1002.3975425975206 
43.32299999998973	1002.3975425965085 
43.4239999999895	1002.3975425955142 
43.52499999998926	1002.3975425945363 
43.62599999998903	1002.397542593576 
43.72699999998879	1002.3975425926305 
43.827999999988556	1002.3975425917029 
43.92899999998832	1002.3975425907901 
44.029999999988085	1002.3975425898924 
44.13099999998785	1002.3975425890114 
44.231999999987615	1002.3975425881443 
44.33299999998738	1002.3975425872918 
44.433999999987144	1002.3975425864544 
44.53499999998691	1002.3975425856316 
44.63599999998667	1002.3975425848222 
44.73699999998644	1002.3975425840262 
44.8379999999862	1002.3975425832433 
44.93899999998597	1002.3975425824748 
45.03999999998573	1002.3975425817197 
45.140999999985496	1002.397542580977 
45.24199999998526	1002.397542580247 
45.342999999985025	1002.3975425795288 
45.44399999998479	1002.3975425788234 
45.544999999984555	1002.3975425781292 
45.64599999998432	1002.3975425774472 
45.746999999984084	1002.3975425767763 
45.84799999998385	1002.3975425761175 
45.94899999998361	1002.3975425754688 
46.04999999998338	1002.3975425748318 
46.15099999998314	1002.3975425742054 
46.25199999998291	1002.3975425735896 
46.35299999998267	1002.3975425729838 
46.453999999982436	1002.397542572388 
46.5549999999822	1002.3975425718024 
46.655999999981965	1002.3975425712283 
46.75699999998173	1002.3975425706633 
46.857999999981494	1002.3975425701078 
46.95899999998126	1002.3975425695616 
47.059999999981024	1002.3975425690237 
47.16099999998079	1002.3975425684955 
47.26199999998055	1002.3975425679774 
47.36299999998032	1002.3975425674674 
47.46399999998008	1002.3975425669659 
47.56499999997985	1002.3975425664721 
47.66599999997961	1002.3975425659892 
47.766999999979376	1002.3975425655133 
47.86799999997914	1002.3975425650444 
47.968999999978905	1002.3975425645851 
48.06999999997867	1002.3975425641338 
48.170999999978434	1002.3975425636885 
48.2719999999782	1002.3975425632522 
48.372999999977964	1002.397542562824 
48.47399999997773	1002.3975425624006 
48.57499999997749	1002.3975425619873 
48.67599999997726	1002.3975425615797 
48.77699999997702	1002.3975425611778 
48.87799999997679	1002.3975425607855 
48.97899999997655	1002.3975425603971 
49.079999999976316	1002.3975425600182 
49.18099999997608	1002.3975425596439 
49.281999999975845	1002.3975425592764 
49.38299999997561	1002.3975425589155 
49.483999999975374	1002.3975425585595 
49.58499999997514	1002.3975425582114 
49.685999999974904	1002.3975425578669 
49.78699999997467	1002.3975425575304 
49.88799999997443	1002.3975425571974 
49.9889999999742	1002.3975425568718 
50.08999999997396	1002.3933794969682 
50.19099999997373	1002.3789358429473 
50.29199999997349	1002.354314820098 
50.392999999973256	1002.3196912900402 
50.49399999997302	1002.2752346910182 
50.594999999972785	1002.2211119078033 
50.69599999997255	1002.1574869788399 
50.796999999972314	1002.0845211484055 
50.89799999997208	1002.0023729299598 
50.99899999997184	1001.9111981451582 
51.09999999997161	1001.81114997197 
51.20099999997137	1001.7023789888347 
51.30199999997114	1001.5850332189648 
51.4029999999709	1001.4592581736557 
51.50399999997067	1001.3251968949303 
51.60499999997043	1001.1829899974317 
51.705999999970196	1001.0327757096209 
51.80699999996996	1000.8746899142667 
51.907999999969725	1000.7088661882524 
52.00899999996949	1000.5354358417065 
52.109999999969254	1000.3545279564663 
52.21099999996902	1000.1662694238946 
52.31199999996878	999.9707849820486 
52.41299999996855	999.7681972522228 
52.51399999996831	999.5586267748678 
52.61499999996808	999.342192044903 
52.71599999996784	999.1190095464291 
52.81699999996761	998.8891937868483 
52.91799999996737	998.6528573304114 
53.018999999967136	998.4101108311905 
53.1199999999669	998.1610630654941 
53.220999999966665	997.9058209637342 
53.32199999996643	997.6444896417474 
53.422999999966194	997.3771724315905 
53.52399999996596	997.1039709118079 
53.62499999996572	996.8249849371915 
53.72599999996549	996.540312668029 
53.82699999996525	996.2500505988615 
53.92799999996502	995.954293586748 
54.02899999996478	995.6531348790568 
54.12999999996455	995.3466661407766 
54.23099999996431	995.0349774813741 
54.331999999964076	994.7181574811862 
54.43299999996384	994.3962932173711 
54.533999999963605	994.0694702894167 
54.63499999996337	993.7377728442164 
54.735999999963134	993.401283600718 
54.8369999999629	993.0600838741553 
54.93799999996266	992.7142535998707 
55.03899999996243	992.3638713567301 
55.13999999996219	992.0090143901411 
55.24099999996196	991.6497586346832 
55.34199999996172	991.2861787363507 
55.442999999961486	990.9183480744198 
55.54399999996125	990.5463387829453 
55.644999999961016	990.1702217718906 
55.74599999996078	989.7900667479 
55.846999999960545	989.4059422347196 
55.94799999996031	989.0179155932701 
56.048999999960074	988.6260530413797 
56.14999999995984	988.2304196731812 
56.2509999999596	987.8310794781825 
56.35199999995937	987.4280953600098 
56.45299999995913	987.0215291548362 
56.5539999999589	986.611441649495 
56.65499999995866	986.1978925992871 
56.755999999958426	985.7809407454859 
56.85699999995819	985.3606438325439 
56.957999999957956	984.9370586250111 
57.05899999995772	984.5102409241598 
57.159999999957485	984.0802455843345 
57.26099999995725	983.647126529019 
57.361999999957014	983.2109367666338 
57.46299999995678	982.7717284060633 
57.56399999995654	982.3295526719221 
57.66499999995631	981.8844599195595 
57.76599999995607	981.4364996498114 
57.86699999995584	980.9857205235007 
57.9679999999556	980.532170375693 
58.068999999955366	980.0758962297075 
58.16999999995513	979.6169443108936 
58.270999999954896	979.1553600601715 
58.37199999995466	978.6911881473449 
58.472999999954425	978.2244724841851 
58.57399999995419	977.755256237295 
58.674999999953954	977.2835818407546 
58.77599999995372	976.8094910085517 
58.87699999995348	976.3330247468015 
58.97799999995325	975.8542233657589 
59.07899999995301	975.373126491627 
59.17999999995278	974.8897730781651 
59.28099999995254	974.4042014181011 
59.381999999952306	973.9164491543472 
59.48299999995207	973.4265532910268 
59.583999999951835	972.9345502043186 
59.6849999999516	972.4404756531055 
59.785999999951365	971.9443647894572 
59.88699999995113	971.4462521689229 
59.987999999950894	970.9461717606558 
60.08899999995066	970.4482285347644 
60.18999999995042	969.9586540937498 
60.29099999995019	969.4773895721373 
60.39199999994995	969.0042916449637 
60.49299999994972	968.5392220642311 
60.59399999994948	968.082044562939 
60.694999999949246	967.632625210232 
60.79599999994901	967.1908323565731 
60.896999999948775	966.756536581401 
60.99799999994854	966.3296106621988 
61.098999999948305	965.9099295348259 
61.19999999994807	965.4973702575878 
61.300999999947834	965.0918119750329 
61.4019999999476	964.6931358825944 
61.50299999994736	964.3012251917797 
61.60399999994713	963.9159650959566 
61.70499999994689	963.5372427367255 
61.80599999994666	963.1649471708541 
61.90699999994642	962.7989693377825 
62.007999999946186	962.4392020276724 
62.10899999994595	962.0855398499987 
62.209999999945715	961.737879202681 
62.31099999994548	961.3961182417311 
62.411999999945245	961.0601568514194 
62.51299999994501	960.7298966149482 
62.613999999944774	960.405240785619 
62.71499999994454	960.086094258494 
62.8159999999443	959.772363542534 
62.91699999994407	959.4639567332122 
63.01799999994383	959.1607834855909 
63.1189999999436	958.8627549878566 
63.21999999994336	958.5697839353031 
63.320999999943126	958.2817845047565 
63.42199999994289	957.9986723294321 
63.522999999942655	957.7203644742234 
63.62399999994242	957.4467794114041 
63.724999999942185	957.1778369967479 
63.82599999994195	956.9134584460483 
63.926999999941714	956.6535663120416 
64.02799999994167	956.3980844617173 
64.12799999994215	956.149403642275 
64.22799999994263	955.9049014247507 
64.3279999999431	955.664507595793 
64.42799999994358	955.4281531218486 
64.52799999994406	955.1957701293422 
64.62799999994454	954.967291885181 
64.72799999994501	954.742652777595 
64.82799999994549	954.5217882972923 
64.92799999994597	954.3046350189355 
65.02799999994645	954.0911305829287 
65.12799999994692	953.8812136775078 
65.2279999999474	953.6748240211352 
65.32799999994788	953.471902345188 
65.42799999994836	953.2723903769388 
65.52799999994883	953.0762308228215 
65.62799999994931	952.8833673519757 
65.72799999994979	952.6937445800761 
65.82799999995026	952.5073080534205 
65.92799999995074	952.3240042332994 
66.02799999995122	952.1437804806162 
66.1279999999517	951.9665850407732 
66.22799999995217	951.7923670288102 
66.32799999995265	951.6210764147887 
66.42799999995313	951.4526640094282 
66.52799999995361	951.2870814499787 
66.62799999995408	951.1242811863345 
66.72799999995456	950.964216467375 
66.82799999995504	950.8068413275442 
66.92799999995552	950.6521105736485 
67.027999999956	950.4999797718785 
67.12799999995647	950.350405235049 
67.22799999995695	950.2033440100545 
67.32799999995743	950.0587538655324 
67.4279999999579	949.9165932797373 
67.52799999995838	949.7768214286184 
67.62799999995886	949.6393981740927 
67.72799999995934	949.5042840525197 
67.82799999995981	949.3714402633707 
67.92799999996029	949.2408286580848 
68.02799999996077	949.1124117291135 
68.12799999996125	948.9861525991513 
68.22799999996172	948.8620150105445 
68.3279999999622	948.7399633148788 
68.42799999996268	948.6199624627435 
68.52799999996316	948.501977993665 
68.62799999996363	948.3859760262126 
68.72799999996411	948.2719232482667 
68.82799999996459	948.1597869074541 
68.92799999996507	948.0495348017422 
69.02799999996554	947.9411352701915 
69.12799999996602	947.8345571838628 
69.2279999999665	947.7297699368804 
69.32799999996698	947.6267434376393 
69.42799999996745	947.5254481001676 
69.52799999996793	947.4258548356286 
69.62799999996841	947.3279350439653 
69.72799999996889	947.2316606056925 
69.82799999996936	947.1370038738168 
69.92799999996984	947.0439376658994 
70.02799999997032	946.9524352562515 
70.1279999999708	946.8624703682557 
70.22799999997127	946.7740171668248 
70.32799999997175	946.6870502509787 
70.42799999997223	946.6015446465525 
70.5279999999727	946.5174757990244 
70.62799999997318	946.4348195664633 
70.72799999997366	946.353552212597 
70.82799999997414	946.2736503999956 
70.92799999997462	946.19509118337 
71.0279999999751	946.1178520029823 
71.12799999997557	946.0419106781669 
71.22799999997605	945.9672454009625 
71.32799999997653	945.8938347298485 
71.427999999977	945.8216575835874 
71.52799999997748	945.7506932351708 
71.62799999997796	945.6809213058682 
71.72799999997844	945.6123217593748 
71.82799999997891	945.5448748960564 
71.92799999997939	945.4785613472942 
72.02799999997987	945.4133620699205 
72.12799999998035	945.3492583407528 
72.22799999998082	945.2862317512145 
72.3279999999813	945.2242642020495 
72.42799999998178	945.1633378981264 
72.52799999998226	945.1034353433243 
72.62799999998273	945.0445393355129 
72.72799999998321	944.9866329616094 
72.82799999998369	944.9296995927236 
72.92799999998417	944.873722879381 
73.02799999998464	944.8186867468291 
73.12799999998512	944.7645753904208 
73.2279999999856	944.7113732710743 
73.32799999998608	944.6590651108136 
73.42799999998655	944.6076358883786 
73.52799999998703	944.5570708349139 
73.62799999998751	944.5073554297239 
73.72799999998799	944.4584753961083 
73.82799999998846	944.4104166972568 
73.92799999998894	944.3631655322218 
74.02799999998942	944.3167083319546 
74.1279999999899	944.2710317554056 
74.22799999999037	944.2261226856989 
74.32799999999085	944.1819682263612 
74.42799999999133	944.1385556976186 
74.5279999999918	944.0958726327581 
74.62799999999228	944.0539067745447 
74.72799999999276	944.0126460717026 
74.82799999999324	943.9720786754551 
74.92799999999372	943.9321929361213 
75.0279999999942	943.8929773997697 
75.12799999999467	943.8544208049311 
75.22799999999515	943.8165120793631 
75.32799999999563	943.7792403368722 
75.4279999999961	943.742594874184 
75.52799999999658	943.7065651678743 
75.62799999999706	943.6711408713428 
75.72799999999754	943.6363118118463 
75.82799999999801	943.6020679875728 
75.92799999999849	943.568399564772 
76.02799999999897	943.5352968749312 
76.12799999999945	943.5027504119984 
76.22799999999992	943.4707508296523 
76.3280000000004	943.4392889386188 
76.42800000000088	943.4083557040316 
76.52800000000136	943.3779422428375 
76.62800000000183	943.3480398212471 
76.72800000000231	943.3186398522236 
76.82800000000279	943.2897338930206 
76.92800000000327	943.2613136427557 
77.02800000000374	943.233370940025 
77.12800000000422	943.2058977605633 
77.2280000000047	943.1788862149365 
77.32800000000518	943.1523285462783 
77.42800000000565	943.1262171280604 
77.52800000000613	943.1005444619042 
77.62800000000661	943.0753031754269 
77.72800000000709	943.0504860201246 
77.82800000000756	943.0260858692901 
77.92800000000804	943.0020957159666 
78.02800000000852	942.9785086709364 
78.128000000009	942.9553179607416 
78.22800000000947	942.9325169257393 
78.32800000000995	942.9100990181878 
78.42800000001043	942.8880578003705 
78.5280000000109	942.8663869427404 
78.62800000001138	942.8450802221098 
78.72800000001186	942.8241315198574 
78.82800000001234	942.8035348201744 
78.92800000001282	942.783284208336 
79.0280000000133	942.7633738690024 
79.12800000001377	942.7437980845514 
79.22800000001425	942.7245512334318 
79.32800000001473	942.705627788553 
79.4280000000152	942.6870223156964 
79.52800000001568	942.6687294719554 
79.62800000001616	942.6507440041995 
79.72800000001664	942.6330607475683 
79.82800000001711	942.6156746239863 
79.92800000001759	942.5985806407048 
80.02800000001807	942.5817738888687 
80.12800000001855	942.5652495421084 
80.22800000001902	942.5490028551493 
80.3280000000195	942.5330291624542 
80.42800000001998	942.517323876881 
80.52800000002046	942.5018824883657 
80.62800000002093	942.4867005626253 
80.72800000002141	942.4717737398885 
80.82800000002189	942.4570977336415 
80.92800000002237	942.4426683293959 
81.02800000002284	942.4284813834811 
81.12800000002332	942.414532821851 
81.2280000000238	942.4008186389183 
81.32800000002428	942.3873348963996 
81.42800000002475	942.3740777221889 
81.52800000002523	942.3610433092414 
81.62800000002571	942.3482279144844 
81.72800000002619	942.3356278577384 
81.82800000002666	942.3232395206632 
81.92800000002714	942.3110593457183 
82.02800000002762	942.2990838351401 
82.1280000000281	942.2873095499384 
82.22800000002857	942.2757331089083 
82.32800000002905	942.2643511876595 
82.42800000002953	942.2531605176623 
82.52800000003	942.2421578853082 
82.62800000003048	942.231340130987 
82.72800000003096	942.2207041481786 
82.82800000003144	942.2102468825644 
82.92800000003191	942.1999653311457 
83.02800000003239	942.1898565413842 
83.12800000003287	942.1799176103534 
83.22800000003335	942.170145683904 
83.32800000003382	942.1605379558468 
83.4280000000343	942.1510916671438 
83.52800000003478	942.141804105118 
83.62800000003526	942.1326726026726 
83.72800000003573	942.1236945375283 
83.82800000003621	942.1148673314665 
83.92800000003669	942.1061884495905 
84.02800000003717	942.0976553995986 
84.12800000003764	942.0892657310675 
84.22800000003812	942.0810170347474 
84.3280000000386	942.0729069418722 
84.42800000003908	942.0649331234786 
84.52800000003955	942.0570932897353 
84.62800000004003	942.0493851892902 
84.72800000004051	942.0418066086175 
84.82800000004099	942.0343553713882 
84.92800000004146	942.0270293378405 
85.02800000004194	942.0198264041679 
85.12800000004242	942.0127445019145 
85.2280000000429	942.0057815973805 
85.32800000004337	941.9989356910386 
85.42800000004385	941.9922048169593 
85.52800000004433	941.985587042247 
85.6280000000448	941.9790804664856 
85.72800000004528	941.97268322119 
85.82800000004576	941.9663934692732 
85.92800000004624	941.9602094045158 
86.02800000004672	941.954129251049 
86.1280000000472	941.948151262844 
86.22800000004767	941.942273723209 
86.32800000004815	941.9364949443011 
86.42800000004863	941.9308132666365 
86.5280000000491	941.9252270586151 
86.62800000004958	941.9197347160538 
86.72800000005006	941.9143346617243 
86.82800000005054	941.909025344901 
86.92800000005101	941.9038052409151 
87.02800000005149	941.898672850717 
87.12800000005197	941.8936267004449 
87.22800000005245	941.8886653410033 
87.32800000005292	941.8837873476456 
87.4280000000534	941.8789913195654 
87.52800000005388	941.8742758794946 
87.62800000005436	941.8696396733067 
87.72800000005483	941.8650813696287 
87.82800000005531	941.8605996594594 
87.92800000005579	941.8561932557926 
88.02800000005627	941.8518608932476 
88.12800000005674	941.8476013277058 
88.22800000005722	941.8434133359539 
88.3280000000577	941.8392957153319 
88.42800000005818	941.8352472833895 
88.52800000005865	941.8312668775444 
88.62800000005913	941.8273533547481 
88.72800000005961	941.8235055911604 
88.82800000006009	941.8197224818239 
88.92800000006056	941.8160029403497 
89.02800000006104	941.8123458986016 
89.12800000006152	941.8087503063922 
89.228000000062	941.8052151311806 
89.32800000006247	941.8017393577752 
89.42800000006295	941.7983219880439 
89.52800000006343	941.7949620406246 
89.6280000000639	941.7916585506472 
89.72800000006438	941.7884105694516 
89.82800000006486	941.7852171643214 
89.92800000006534	941.78207741821 
90.02800000006582	941.778990429481 
90.1280000000663	941.7759553116481 
90.22800000006677	941.7729711931214 
90.32800000006725	941.7700372169556 
90.42800000006773	941.7671525406051 
90.5280000000682	941.7643163356811 
90.62800000006868	941.7615277877151 
90.72800000006916	941.7587860959243 
90.82800000006964	941.7560904729795 
90.92800000007011	941.7534401447836 
91.02800000007059	941.7508343502454 
91.12800000007107	941.7482723410624 
91.22800000007155	941.7457533815067 
91.32800000007202	941.7432767482112 
91.4280000000725	941.7408417299656 
91.52800000007298	941.738447627509 
91.62800000007346	941.7360937533306 
91.72800000007393	941.7337794314709 
91.82800000007441	941.73150399733 
91.92800000007489	941.7292667974747 
92.02800000007537	941.7270671894516 
92.12800000007584	941.7249045416022 
92.22800000007632	941.7227782328822 
92.3280000000768	941.7206876526823 
92.42800000007728	941.7186322006539 
92.52800000007775	941.7166112865351 
92.62800000007823	941.714624329984 
92.72800000007871	941.7126707604087 
92.82800000007919	941.7107500168047 
92.92800000007966	941.7088615475957 
93.02800000008014	941.7070048104723 
93.12800000008062	941.705179272238 
93.2280000000811	941.7033844086554 
93.32800000008157	941.7016197042963 
93.42800000008205	941.6998846523933 
93.52800000008253	941.6981787546933 
93.628000000083	941.6965015213175 
93.72800000008348	941.6948524706152 
93.82800000008396	941.6932311290327 
93.92800000008444	941.6916370309702 
94.02800000008492	941.6900697186541 
94.1280000000854	941.6885287420006 
94.22800000008587	941.6870136584898 
94.32800000008635	941.685524033038 
94.42800000008683	941.6840594378715 
94.5280000000873	941.6826194524036 
94.62800000008778	941.6812036631168 
94.72800000008826	941.6798116634402 
94.82800000008874	941.6784430536359 
94.92800000008921	941.6770974406812 
95.02800000008969	941.6757744381596 
95.12800000009017	941.6744736661452 
95.22800000009065	941.673194751098 
95.32800000009112	941.6719373257534 
95.4280000000916	941.6707010290185 
95.52800000009208	941.6694855058679 
95.62800000009256	941.6682904072411 
95.72800000009303	941.6671153899437 
95.82800000009351	941.6659601165475 
95.92800000009399	941.664824255294 
96.02800000009447	941.66370748 
96.12800000009494	941.6626094699626 
96.22800000009542	941.6615299098676 
96.3280000000959	941.6604684896996 
96.42800000009638	941.6594249046522 
96.52800000009685	941.6583988550401 
96.62800000009733	941.6573900462146 
96.72800000009781	941.656398188477 
96.82800000009829	941.6554229969973 
96.92800000009876	941.6544641917313 
97.02800000009924	941.65352149734 
97.12800000009972	941.6525946431109 
97.2280000001002	941.6516833628807 
97.32800000010067	941.6507873949591 
97.42800000010115	941.6499064820516 
97.52800000010163	941.6490403711874 
97.6280000001021	941.6481888136476 
97.72800000010258	941.6473515648904 
97.82800000010306	941.6465283844854 
97.92800000010354	941.6457190360409 
98.02800000010402	941.6449232871374 
98.12800000010449	941.6441409092605 
98.22800000010497	941.6433716777361 
98.32800000010545	941.6426153716648 
98.42800000010592	941.6418717738597 
98.5280000001064	941.6411406707823 
98.62800000010688	941.640421852484 
98.72800000010736	941.6397151125415 
98.82800000010783	941.6390202480014 
98.92800000010831	941.6383370593209 
99.02800000010879	941.6376653503099 
99.12800000010927	941.6370049280738 
99.22800000010974	941.6363556029611 
99.32800000011022	941.6357171885055 
99.4280000001107	941.6350895013745 
99.52800000011118	941.6344723613158 
99.62800000011165	941.6338655911064 
99.72800000011213	941.6332690165009 
99.82800000011261	941.6326824661825 
99.92800000011309	941.6321057717115 
