0.001	998.8313074738296 
0.10100000000000008	998.8314062127927 
0.20100000000000015	998.8313786672796 
0.3010000000000002	998.831383718869 
0.4010000000000003	998.8313807453294 
0.5020000000000003	998.8313796963289 
0.6020000000000004	998.8313782482991 
0.7020000000000005	998.8313769181387 
0.8020000000000006	998.8313755905926 
0.9020000000000007	998.8313742893122 
1.0030000000000003	998.8313729964663 
1.1039999999999892	998.8313717256804 
1.204999999999978	998.8313704764454 
1.305999999999967	998.8313692484098 
1.4069999999999558	998.8313680412139 
1.5079999999999447	998.8313668545029 
1.6089999999999336	998.831365687931 
1.7099999999999225	998.8313645411547 
1.8109999999999113	998.831363413839 
1.9119999999999002	998.8313623056536 
2.0129999999998893	998.8313612162738 
2.113999999999878	998.8313601453808 
2.214999999999867	998.8313590926598 
2.315999999999856	998.8313580578036 
2.416999999999845	998.8313570405084 
2.5179999999998337	998.8313560404763 
2.6189999999998226	998.831355057414 
2.7199999999998115	998.8313540910347 
2.8209999999998003	998.8313531410541 
2.921999999999789	998.8313522071945 
3.022999999999778	998.8313512891821 
3.123999999999767	998.8313503867481 
3.224999999999756	998.8313494996273 
3.3259999999997447	998.8313486275625 
3.4269999999997336	998.8313477702949 
3.5279999999997225	998.8313469275755 
3.6289999999997113	998.8313460991566 
3.7299999999997	998.8313452847959 
3.830999999999689	998.8313444842546 
3.931999999999678	998.8313436972977 
4.031999999999681	998.8313429312905 
4.131999999999715	998.8313421781539 
4.231999999999748	998.8313414376732 
4.331999999999781	998.8313407096347 
4.431999999999815	998.8313399938285 
4.531999999999848	998.8313392900508 
4.6319999999998815	998.8313385980987 
4.731999999999915	998.8313379177735 
4.831999999999948	998.83133724888 
4.931999999999982	998.8313365912254 
5.032000000000015	998.8313359446216 
5.1320000000000485	998.8313353088828 
5.232000000000082	998.8313346838265 
5.332000000000115	998.8313340692732 
5.432000000000149	998.8313334650455 
5.532000000000182	998.8313328709721 
5.6320000000002155	998.8313322868797 
5.732000000000249	998.8313317126027 
5.832000000000282	998.8313311479748 
5.932000000000316	998.8313305928344 
6.032000000000349	998.8313300470223 
6.1320000000003825	998.8313295103815 
6.232000000000416	998.8313289827582 
6.332000000000449	998.8313284639996 
6.432000000000483	998.8313279539586 
6.532000000000516	998.8313274524877 
6.6320000000005495	998.831326959443 
6.732000000000583	998.831326474683 
6.832000000000616	998.8313259980685 
6.93200000000065	998.8313255294621 
7.032000000000683	998.8313250687306 
7.132000000000716	998.8313246157397 
7.23200000000075	998.8313241703611 
7.332000000000783	998.8313237324663 
7.432000000000817	998.8313233019295 
7.53200000000085	998.8313228786267 
7.632000000000883	998.831322462437 
7.732000000000917	998.8313220532407 
7.83200000000095	998.8313216509197 
7.932000000000984	998.8313212553592 
8.032000000000988	998.8313208664449 
8.133000000000932	998.8313204802748 
8.234000000000876	998.8313201006576 
8.33500000000082	998.8313197274824 
8.436000000000764	998.8313193606404 
8.537000000000708	998.8313190000231 
8.638000000000652	998.8313186455256 
8.739000000000596	998.831318297044 
8.84000000000054	998.8313179544762 
8.941000000000484	998.8313176177211 
9.042000000000428	998.83131728668 
9.143000000000372	998.8313169612575 
9.244000000000316	998.8313166413567 
9.34500000000026	998.831316326885 
9.446000000000204	998.8313160177497 
9.547000000000148	998.8313157138604 
9.648000000000092	998.8313154151278 
9.749000000000036	998.8313151214645 
9.84999999999998	998.831314832785 
9.950999999999924	998.8313145490041 
10.051999999999868	998.831314270039 
10.152999999999812	998.8313139958083 
10.253999999999756	998.8313137262301 
10.3549999999997	998.8313134612263 
10.455999999999644	998.8313132007198 
10.556999999999588	998.8313129446345 
10.657999999999532	998.8313126928948 
10.758999999999476	998.831312445427 
10.85999999999942	998.8313122021588 
10.960999999999364	998.8313119630187 
11.061999999999308	998.831311727937 
11.162999999999252	998.8313114968438 
11.263999999999196	998.8313112696728 
11.36499999999914	998.8313110463571 
11.465999999999084	998.8313108268303 
11.566999999999029	998.8313106110294 
11.667999999998973	998.8313103988904 
11.768999999998917	998.8313101903516 
11.86999999999886	998.8313099853517 
11.970999999998805	998.8313097838302 
12.071999999998749	998.8313095857274 
12.172999999998693	998.831309390987 
12.273999999998637	998.8313091995514 
12.37499999999858	998.8313090113642 
12.475999999998525	998.8313088263709 
12.576999999998469	998.831308644517 
12.677999999998413	998.8313084657489 
12.778999999998357	998.8313082900141 
12.8799999999983	998.831308117262 
12.980999999998245	998.8313079474416 
13.081999999998189	998.8313077805029 
13.182999999998133	998.8313076163964 
13.283999999998077	998.8313074550753 
13.384999999998021	998.8313072964919 
13.485999999997965	998.8313071405995 
13.586999999997909	998.8313069873521 
13.687999999997853	998.8313068367058 
13.788999999997797	998.8313066886158 
13.889999999997741	998.831306543039 
13.990999999997685	998.8313063999324 
14.091999999997629	998.8313062592547 
14.192999999997573	998.8313061209647 
14.293999999997517	998.831305985022 
14.394999999997461	998.8313058513836 
14.495999999997405	998.8313057200136 
14.59699999999735	998.8313055908726 
14.697999999997293	998.8313054639239 
14.798999999997237	998.831305339129 
14.899999999997181	998.8313052164523 
15.000999999997125	998.8313050958573 
15.10199999999707	998.8313049773087 
15.202999999997013	998.831304860772 
15.303999999996957	998.8313047462127 
15.404999999996901	998.8313046335977 
15.505999999996845	998.8313045228937 
15.60699999999679	998.8313044140679 
15.707999999996733	998.8313043070893 
15.808999999996677	998.8313042019261 
15.909999999996622	998.8313040985474 
16.010999999996585	998.8313039969232 
16.110999999996707	998.8313038980046 
16.21099999999683	998.8313038007469 
16.31099999999695	998.8313037051241 
16.410999999997074	998.8313036111082 
16.510999999997196	998.8313035186718 
16.61099999999732	998.831303427789 
16.71099999999744	998.8313033384331 
16.810999999997563	998.8313032505787 
16.910999999997685	998.8313031642002 
17.010999999997807	998.8313030792735 
17.11099999999793	998.8313029957739 
17.21099999999805	998.8313029136771 
17.310999999998174	998.8313028329599 
17.410999999998296	998.831302753599 
17.51099999999842	998.8313026755717 
17.61099999999854	998.8313025988557 
17.710999999998663	998.8313025234285 
17.810999999998785	998.8313024492687 
17.910999999998907	998.8313023763554 
18.01099999999903	998.8313023046671 
18.11099999999915	998.8313022341838 
18.210999999999274	998.8313021648851 
18.310999999999396	998.8313020967522 
18.410999999999518	998.8313020297617 
18.51099999999964	998.831301963896 
18.610999999999763	998.8313018991373 
18.710999999999885	998.8313018354669 
18.811000000000007	998.8313017728666 
18.91100000000013	998.8313017113177 
19.01100000000025	998.8313016508032 
19.111000000000374	998.8313015913058 
19.211000000000496	998.8313015328083 
19.311000000000618	998.8313014752933 
19.41100000000074	998.8313014187452 
19.511000000000863	998.831301363147 
19.611000000000985	998.8313013084833 
19.711000000001107	998.831301254738 
19.81100000000123	998.8313012018958 
19.91100000000135	998.8313011499415 
20.011000000001474	998.8313010988602 
20.111000000001596	998.8313010486374 
20.211000000001718	998.8313009992586 
20.31100000000184	998.8313009507092 
20.411000000001962	998.8313009029757 
20.511000000002085	998.8313008560443 
20.611000000002207	998.8313008099016 
20.71100000000233	998.8313007645346 
20.81100000000245	998.8313007199292 
20.911000000002574	998.8313006760739 
21.011000000002696	998.8313006329547 
21.111000000002818	998.8313005905605 
21.21100000000294	998.8313005488787 
21.311000000003062	998.8313005078974 
21.411000000003185	998.8313004676047 
21.511000000003307	998.831300427989 
21.61100000000343	998.8313003890387 
21.71100000000355	998.8313003507433 
21.811000000003673	998.8313003130911 
21.911000000003796	998.8313002760718 
22.011000000003918	998.8313002396746 
22.11100000000404	998.8313002038888 
22.211000000004162	998.8313001687045 
22.311000000004285	998.831300134112 
22.411000000004407	998.8313001001005 
22.51100000000453	998.8313000666592 
22.61100000000465	998.8313000337805 
22.711000000004773	998.8313000014539 
22.811000000004896	998.831299969671 
22.911000000005018	998.8312999384218 
23.01100000000514	998.8312999076977 
23.111000000005262	998.83129987749 
23.211000000005384	998.8312998477898 
23.311000000005507	998.8312998185888 
23.41100000000563	998.8312997898784 
23.51100000000575	998.8312997616505 
23.611000000005873	998.8312997338969 
23.711000000005996	998.8312997066098 
23.811000000006118	998.8312996797811 
23.91100000000624	998.8312996534031 
24.011000000006362	998.8312996274683 
24.111000000006484	998.8312996019694 
24.211000000006607	998.8312995768989 
24.31100000000673	998.83129955225 
24.41100000000685	998.8312995280152 
24.511000000006973	998.8312995041874 
24.611000000007095	998.8312994807603 
24.711000000007218	998.8312994577269 
24.81100000000734	998.8312994350807 
24.911000000007462	998.8312994128146 
25.011000000007584	998.8312993909223 
25.111000000007706	998.8312993693979 
25.21100000000783	998.8312993482353 
25.31100000000795	998.8312993274284 
25.411000000008073	998.831299306971 
25.511000000008195	998.8312992868574 
25.611000000008318	998.8312992670819 
25.71100000000844	998.8312992476388 
25.811000000008562	998.8312992285221 
25.911000000008684	998.8312992097268 
26.011000000008806	998.8312991912475 
26.11100000000893	998.8312991730784 
26.21100000000905	998.8312991552148 
26.311000000009173	998.8312991376514 
26.411000000009295	998.831299120383 
26.511000000009417	998.8312991034053 
26.61100000000954	998.831299086712 
26.711000000009662	998.8312990702995 
26.811000000009784	998.8312990541626 
26.911000000009906	998.8312990382972 
27.01100000001003	998.8312990226982 
27.11100000001015	998.8312990073614 
27.211000000010273	998.8312989922823 
27.311000000010395	998.8312989774566 
27.411000000010517	998.83129896288 
27.51100000001064	998.8312989485485 
27.611000000010762	998.8312989344578 
27.711000000010884	998.8312989206039 
27.811000000011006	998.8312989069827 
27.91100000001113	998.83129889359 
28.01100000001125	998.8312988804227 
28.111000000011373	998.8312988674764 
28.211000000011495	998.8312988547477 
28.311000000011617	998.831298842233 
28.41100000001174	998.8312988299285 
28.51100000001186	998.831298817831 
28.611000000011984	998.8312988059366 
28.711000000012106	998.8312987942422 
28.81100000001223	998.8312987827445 
28.91100000001235	998.8312987714398 
29.011000000012473	998.8312987603249 
29.111000000012595	998.8312987493969 
29.211000000012717	998.8312987386524 
29.31100000001284	998.8312987280887 
29.41100000001296	998.8312987177026 
29.511000000013084	998.8312987074908 
29.611000000013206	998.8312986974505 
29.71100000001333	998.8312986875793 
29.81100000001345	998.8312986778737 
29.911000000013573	998.8312986683313 
30.011000000013695	998.831298658949 
30.111000000013817	998.8312986497243 
30.21100000001394	998.8312986406548 
30.31100000001406	998.8312986317375 
30.411000000014184	998.83129862297 
30.511000000014306	998.8312986143499 
30.61100000001443	998.8312986058747 
30.71100000001455	998.8312985975416 
30.811000000014673	998.8312985893489 
30.911000000014795	998.8312985812937 
31.011000000014917	998.831298573374 
31.11100000001504	998.8312985655874 
31.21100000001516	998.8312985579316 
31.311000000015284	998.8312985504045 
31.411000000015406	998.8312985430039 
31.511000000015528	998.8312985357276 
31.61100000001565	998.8312985285738 
31.711000000015773	998.83129852154 
31.811000000015895	998.8312985146247 
31.911000000016017	998.8312985078255 
32.0110000000161	998.8312985011405 
32.11200000001586	998.8312984945028 
32.213000000015626	998.8312984879775 
32.31400000001539	998.8312984815633 
32.415000000015155	998.8312984752574 
32.51600000001492	998.8312984690591 
32.617000000014684	998.8312984629657 
32.71800000001445	998.8312984569759 
32.81900000001421	998.8312984510875 
32.92000000001398	998.8312984452992 
33.02100000001374	998.8312984396091 
33.12200000001351	998.8312984340156 
33.22300000001327	998.831298428517 
33.32400000001304	998.8312984231115 
33.4250000000128	998.831298417798 
33.526000000012566	998.8312984125744 
33.62700000001233	998.8312984074395 
33.728000000012095	998.831298402392 
33.82900000001186	998.8312983974298 
33.930000000011624	998.831298392552 
34.03100000001139	998.8312983877568 
34.13200000001115	998.831298383043 
34.23300000001092	998.8312983784091 
34.33400000001068	998.8312983738539 
34.43500000001045	998.8312983693758 
34.53600000001021	998.8312983649739 
34.63700000000998	998.8312983606464 
34.73800000000974	998.8312983563927 
34.839000000009506	998.8312983522111 
34.94000000000927	998.8312983481004 
35.041000000009035	998.8312983440596 
35.1420000000088	998.8312983400875 
35.243000000008564	998.8312983361826 
35.34400000000833	998.831298332344 
35.44500000000809	998.8312983285707 
35.54600000000786	998.8312983248616 
35.64700000000762	998.8312983212153 
35.74800000000739	998.8312983176306 
35.84900000000715	998.8312983141077 
35.950000000006916	998.831298310644 
36.05100000000668	998.8312983072393 
36.152000000006446	998.8312983038925 
36.25300000000621	998.8312983006022 
36.354000000005975	998.831298297368 
36.45500000000574	998.8312982941884 
36.556000000005504	998.8312982910634 
36.65700000000527	998.8312982879911 
36.75800000000503	998.831298284971 
36.8590000000048	998.8312982820023 
36.96000000000456	998.8312982790841 
37.06100000000433	998.8312982762153 
37.16200000000409	998.831298273395 
37.263000000003856	998.8312982706229 
37.36400000000362	998.831298267898 
37.465000000003386	998.8312982652191 
37.56600000000315	998.8312982625857 
37.667000000002915	998.8312982599969 
37.76800000000268	998.8312982574525 
37.869000000002444	998.8312982549512 
37.97000000000221	998.8312982524923 
38.07100000000197	998.8312982500753 
38.17200000000174	998.8312982476994 
38.2730000000015	998.8312982453637 
38.37400000000127	998.8312982430676 
38.47500000000103	998.8312982408106 
38.576000000000796	998.8312982385918 
38.67700000000056	998.8312982364107 
38.778000000000326	998.8312982342668 
38.87900000000009	998.8312982321592 
38.979999999999855	998.8312982300873 
39.08099999999962	998.8312982280506 
39.181999999999384	998.8312982260487 
39.28299999999915	998.8312982240809 
39.38399999999891	998.8312982221462 
39.48499999999868	998.8312982202445 
39.58599999999844	998.8312982183751 
39.68699999999821	998.8312982165377 
39.78799999999797	998.8312982147315 
39.888999999997736	998.8312982129555 
39.9899999999975	998.8312982112102 
40.090999999997265	998.8312982094943 
40.19199999999703	998.8312982078073 
40.292999999996795	998.8312982061492 
40.39399999999656	998.8312982045192 
40.494999999996324	998.8312982029165 
40.59599999999609	998.8312982013417 
40.69699999999585	998.8312981997929 
40.79799999999562	998.8312981982706 
40.89899999999538	998.8312981967749 
40.99999999999515	998.8312981953039 
41.10099999999491	998.8312981938584 
41.201999999994676	998.8312981924372 
41.30299999999444	998.83129819104 
41.403999999994205	998.8312981896669 
41.50499999999397	998.8312981883166 
41.605999999993735	998.83129818699 
41.7069999999935	998.8312981856856 
41.807999999993264	998.8312981844034 
41.90899999999303	998.8312981831434 
42.00999999999279	998.8312981819038 
42.11099999999256	998.831298180686 
42.21199999999232	998.8312981794878 
42.31299999999209	998.8312981783113 
42.41399999999185	998.831298177154 
42.514999999991616	998.8312981760167 
42.61599999999138	998.8312981748978 
42.716999999991145	998.8312981737995 
42.81799999999091	998.8312981727183 
42.918999999990675	998.8312981716564 
43.01999999999044	998.831298170612 
43.120999999990204	998.831298169585 
43.22199999998997	998.8312981685763 
43.32299999998973	998.8312981675841 
43.4239999999895	998.8312981666095 
43.52499999998926	998.8312981656512 
43.62599999998903	998.831298164709 
43.72699999998879	998.8312981637833 
43.827999999988556	998.8312981628726 
43.92899999998832	998.8312981619782 
44.029999999988085	998.8312981610994 
44.13099999998785	998.8312981602342 
44.231999999987615	998.8312981593841 
44.33299999998738	998.8312981585495 
44.433999999987144	998.8312981577284 
44.53499999998691	998.8312981569208 
44.63599999998667	998.8312981561268 
44.73699999998644	998.8312981553472 
44.8379999999862	998.8312981545808 
44.93899999998597	998.8312981538276 
45.03999999998573	998.8312981530863 
45.140999999985496	998.8312981523582 
45.24199999998526	998.831298151642 
45.342999999985025	998.8312981509382 
45.44399999998479	998.8312981502459 
45.544999999984555	998.8312981495659 
45.64599999998432	998.8312981488968 
45.746999999984084	998.8312981482395 
45.84799999998385	998.831298147593 
45.94899999998361	998.8312981469578 
46.04999999998338	998.8312981463329 
46.15099999998314	998.8312981457188 
46.25199999998291	998.831298145115 
46.35299999998267	998.8312981445213 
46.453999999982436	998.8312981439371 
46.5549999999822	998.831298143363 
46.655999999981965	998.8312981428 
46.75699999998173	998.8312981422464 
46.857999999981494	998.8312981417016 
46.95899999998126	998.8312981411657 
47.059999999981024	998.8312981406382 
47.16099999998079	998.8312981401215 
47.26199999998055	998.8312981396135 
47.36299999998032	998.8312981391132 
47.46399999998008	998.8312981386208 
47.56499999997985	998.8312981381385 
47.66599999997961	998.8312981376646 
47.766999999979376	998.8312981371972 
47.86799999997914	998.8312981367379 
47.968999999978905	998.8312981362886 
48.06999999997867	998.8312981358451 
48.170999999978434	998.8312981354088 
48.2719999999782	998.8312981349821 
48.372999999977964	998.8312981345607 
48.47399999997773	998.8312981341473 
48.57499999997749	998.8312981337418 
48.67599999997726	998.83129813334 
48.77699999997702	998.8312981329497 
48.87799999997679	998.8312981325626 
48.97899999997655	998.8312981321836 
49.079999999976316	998.8312981318113 
49.18099999997608	998.8312981314439 
49.281999999975845	998.8312981310848 
49.38299999997561	998.8312981307289 
49.483999999975374	998.8312981303824 
49.58499999997514	998.8312981300378 
49.685999999974904	998.8312981297036 
49.78699999997467	998.8312981293703 
49.88799999997443	998.831298129047 
49.9889999999742	998.831298128725 
50.08999999997396	998.8271698850523 
50.19099999997373	998.8129530449407 
50.29199999997349	998.7887593829944 
50.392999999973256	998.7547597770865 
50.49399999997302	998.7111201913034 
50.594999999972785	998.6580043269947 
50.69599999997255	998.5955729655552 
50.796999999972314	998.5239841943892 
50.89799999997208	998.4433934102775 
50.99899999997184	998.3539533747088 
51.09999999997161	998.2558142564982 
51.20099999997137	998.1491236762164 
51.30199999997114	998.0340267493482 
51.4029999999709	997.9106661288197 
51.50399999997067	997.7791820467828 
51.60499999997043	997.6397123556969 
51.705999999970196	997.4923925687095 
51.80699999996996	997.3373558993563 
51.907999999969725	997.1747333005821 
52.00899999996949	997.004653503104 
52.109999999969254	996.8272430531213 
52.21099999996902	996.6426263493854 
52.31199999996878	996.4509256796435 
52.41299999996855	996.2522612564582 
52.51399999996831	996.0467512524265 
52.61499999996808	995.8345118347942 
52.71599999996784	995.6156571994877 
52.81699999996761	995.3902996045663 
52.91799999996737	995.1585494031066 
53.018999999967136	994.9205150755307 
53.1199999999669	994.6763032613837 
53.220999999966665	994.4260187905722 
53.32199999996643	994.1697647140745 
53.422999999966194	993.907642334127 
53.52399999996596	993.6397512339015 
53.62499999996572	993.366189306676 
53.72599999996549	993.0870527845126 
53.82699999996525	992.8024362664449 
53.92799999996502	992.5124327461948 
54.02899999996478	992.2171336394094 
54.12999999996455	991.916628810444 
54.23099999996431	991.6110065986848 
54.331999999964076	991.3003538444262 
54.43299999996384	990.9847559143153 
54.533999999963605	990.6642967263518 
54.63499999996337	990.3390587744761 
54.735999999963134	990.0091231527343 
54.8369999999629	989.6745695790318 
54.93799999996266	989.3354764184884 
55.03899999996243	988.9919207063934 
55.13999999996219	988.6439781707738 
55.24099999996196	988.291723254575 
55.34199999996172	987.9352291374721 
55.442999999961486	987.5745677573032 
55.54399999996125	987.2098098311473 
55.644999999961016	986.841024876037 
55.74599999996078	986.4682812293228 
55.846999999960545	986.0916460686943 
55.94799999996031	985.711185431858 
56.048999999960074	985.3269642358807 
56.14999999995984	984.9390462962095 
56.2509999999596	984.5474943453642 
56.35199999995937	984.1523700513142 
56.45299999995913	983.7537340355437 
56.5539999999589	983.3516458908109 
56.65499999995866	982.9461641986037 
56.755999999958426	982.5373465463028 
56.85699999995819	982.1252495440482 
56.957999999957956	981.7099288413264 
57.05899999995772	981.291439143269 
57.159999999957485	980.8698342266812 
57.26099999995725	980.445166955792 
57.361999999957014	980.0174892977426 
57.46299999995678	979.5868523378088 
57.56399999995654	979.1533062943663 
57.66499999995631	978.7169005336016 
57.76599999995607	978.2776835839732 
57.86699999995584	977.8357031504277 
57.9679999999556	977.3910061283749 
58.068999999955366	976.9436386174242 
58.16999999995513	976.4936459348897 
58.270999999954896	976.0410726290675 
58.37199999995466	975.5859624922816 
58.472999999954425	975.1283585737156 
58.57399999995419	974.6683031920232 
58.674999999953954	974.2058379477238 
58.77599999995372	973.7410037353902 
58.87699999995348	973.2738407556272 
58.97799999995325	972.8043885268488 
59.07899999995301	972.3326858968554 
59.17999999995278	971.858771054212 
59.28099999995254	971.3826815394366 
59.381999999952306	970.9044542559974 
59.48299999995207	970.424125481122 
59.583999999951835	969.9417308764274 
59.6849999999516	969.457305498362 
59.785999999951365	968.9708838084798 
59.88699999995113	968.4824996835329 
59.987999999950894	967.9921864253962 
60.08899999995066	967.5040146656495 
60.18999999995042	967.024058040745 
60.29099999995019	966.5522473148677 
60.39199999994995	966.0884427173315 
60.49299999994972	965.6325088219421 
60.59399999994948	965.1843119514178 
60.694999999949246	964.7437208391501 
60.79599999994901	964.3106064113375 
60.896999999948775	963.8848417925857 
60.99799999994854	963.4663022587497 
61.098999999948305	963.0548652025873 
61.19999999994807	962.6504100973866 
61.300999999947834	962.2528184617472 
61.4019999999476	961.8619738248575 
61.50299999994736	961.4777616923766 
61.60399999994713	961.1000695128955 
61.70499999994689	960.7287866449644 
61.80599999994666	960.363804324684 
61.90699999994642	960.0050156338409 
62.007999999946186	959.6523154685887 
62.10899999994595	959.3056005086595 
62.209999999945715	958.9647691870952 
62.31099999994548	958.6297216604961 
62.411999999945245	958.3003597797721 
62.51299999994501	957.9765870613898 
62.613999999944774	957.6583086591104 
62.71499999994454	957.3454313362039 
62.8159999999443	957.0378634381373 
62.91699999994407	956.7355148657244 
63.01799999994383	956.4382970487328 
63.1189999999436	956.1461229199374 
63.21999999994336	955.8589068896155 
63.320999999943126	955.5765648204734 
63.42199999994289	955.2990140029987 
63.522999999942655	955.0261731312337 
63.62399999994242	954.7579622789552 
63.724999999942185	954.4943028762613 
63.82599999994195	954.2351176865557 
63.926999999941714	953.9803307839221 
64.02799999994167	953.729867530881 
64.12799999994215	953.4860717116185 
64.22799999994263	953.2463724112604 
64.3279999999431	953.0107007957015 
64.42799999994358	952.7789891874606 
64.52799999994406	952.551171046247 
64.62799999994454	952.3271809498501 
64.72799999994501	952.1069545753547 
64.82799999994549	951.8904286806669 
64.92799999994597	951.6775410863556 
65.02799999994645	951.4682306577938 
65.12799999994692	951.262437287606 
65.2279999999474	951.0601018784033 
65.32799999994788	950.8611663258157 
65.42799999994836	950.6655735018059 
65.52799999994883	950.4732672382601 
65.62799999994931	950.2841923108651 
65.72799999994979	950.098294423244 
65.82799999995026	949.9155201913655 
65.92799999995074	949.7358171282158 
66.02799999995122	949.5591336287225 
66.1279999999517	949.3854189549371 
66.22799999995217	949.214623221466 
66.32799999995265	949.0466973811418 
66.42799999995313	948.8815932109411 
66.52799999995361	948.7192632981354 
66.62799999995408	948.5596610266762 
66.72799999995456	948.4027405638059 
66.82799999995504	948.2484568469009 
66.92799999995552	948.0967655705264 
67.027999999956	947.947623173715 
67.12799999995647	947.8009868274585 
67.22799999995695	947.656814422406 
67.32799999995743	947.5150645567743 
67.4279999999579	947.3756965244575 
67.52799999995838	947.2386703033368 
67.62799999995886	947.1039465437882 
67.72799999995934	946.9714865573819 
67.82799999995981	946.841252305773 
67.92799999996029	946.7132063897775 
68.02799999996077	946.5873120386337 
68.12799999996125	946.4635330994396 
68.22799999996172	946.3418340267744 
68.3279999999622	946.2221798724895 
68.42799999996268	946.1045362756729 
68.52799999996316	945.9888694527808 
68.62799999996363	945.8751461879361 
68.72799999996411	945.7633338233927 
68.82799999996459	945.6534002501527 
68.92799999996507	945.5453138987499 
69.02799999996554	945.4390437301801 
69.12799999996602	945.3345592269917 
69.2279999999665	945.2318303845193 
69.32799999996698	945.1308277022679 
69.42799999996745	945.0315221754414 
69.52799999996793	944.9338852866134 
69.62799999996841	944.8378889975394 
69.72799999996889	944.7435057411005 
69.82799999996936	944.6507084133929 
69.92799999996984	944.5594703659407 
70.02799999997032	944.4697653980435 
70.1279999999708	944.3815677492543 
70.22799999997127	944.2948520919808 
70.32799999997175	944.2095935242111 
70.42799999997223	944.1257675623639 
70.5279999999727	944.043350134259 
70.62799999997318	943.9623175721993 
70.72799999997366	943.8826466061814 
70.82799999997414	943.804314357207 
70.92799999997462	943.7272983307167 
71.0279999999751	943.6515764101275 
71.12799999997557	943.5771268504842 
71.22799999997605	943.5039282722131 
71.32799999997653	943.4319596549833 
71.427999999977	943.3612003316697 
71.52799999997748	943.2916299824183 
71.62799999997796	943.2232286288119 
71.72799999997844	943.1559766281309 
71.82799999997891	943.0898546677151 
71.92799999997939	943.0248437594149 
72.02799999997987	942.9609252341412 
72.12799999998035	942.8980807365031 
72.22799999998082	942.8362922195345 
72.3279999999813	942.7755419395162 
72.42799999998178	942.7158124508766 
72.52799999998226	942.6570866011846 
72.62799999998273	942.5993475262214 
72.72799999998321	942.5425786451394 
72.82799999998369	942.4867636557003 
72.92799999998417	942.4318865295933 
73.02799999998464	942.3779315078326 
73.12799999998512	942.3248830962312 
73.2279999999856	942.2727260609535 
73.32799999998608	942.2214454241376 
73.42799999998655	942.1710264595965 
73.52799999998703	942.121454688588 
73.62799999998751	942.0727158756578 
73.72799999998799	942.0247960245503 
73.82799999998846	941.9776813741906 
73.92799999998894	941.9313583947325 
74.02799999998942	941.8858137836709 
74.1279999999899	941.8410344620254 
74.22799999999037	941.7970075705831 
74.32799999999085	941.7537204662034 
74.42799999999133	941.7111607181907 
74.5279999999918	941.6693161047237 
74.62799999999228	941.6281746093433 
74.72799999999276	941.5877244175063 
74.82799999999324	941.547953913188 
74.92799999999372	941.5088516755499 
75.0279999999942	941.4704064756583 
75.12799999999467	941.4326072732599 
75.22799999999515	941.3954432136125 
75.32799999999563	941.3589036243656 
75.4279999999961	941.3229780124979 
75.52799999999658	941.287656061302 
75.62799999999706	941.2529276274247 
75.72799999999754	941.2187827379505 
75.82799999999801	941.1852115875413 
75.92799999999849	941.1522045356162 
76.02799999999897	941.1197521035889 
76.12799999999945	941.0878449721398 
76.22799999999992	941.0564739785439 
76.3280000000004	941.0256301140382 
76.42800000000088	940.9953045212342 
76.52800000000136	940.965488491574 
76.62800000000183	940.9361734628314 
76.72800000000231	940.9073510166518 
76.82800000000279	940.8790128761341 
76.92800000000327	940.8511509034553 
77.02800000000374	940.8237570975319 
77.12800000000422	940.7968235917247 
77.2280000000047	940.7703426515766 
77.32800000000518	940.7443066725945 
77.42800000000565	940.7187081780633 
77.52800000000613	940.6935398168997 
77.62800000000661	940.6687943615415 
77.72800000000709	940.6444647058714 
77.82800000000756	940.6205438631772 
77.92800000000804	940.5970249641454 
78.02800000000852	940.5739012548863 
78.128000000009	940.5511660949978 
78.22800000000947	940.5288129556565 
78.32800000000995	940.5068354177438 
78.42800000001043	940.4852271700007 
78.5280000000109	940.4639820072181 
78.62800000001138	940.4430938284528 
78.72800000001186	940.4225566352767 
78.82800000001234	940.4023645300526 
78.92800000001282	940.3825117142433 
79.0280000000133	940.3629924867433 
79.12800000001377	940.343801242245 
79.22800000001425	940.3249324696254 
79.32800000001473	940.3063807503657 
79.4280000000152	940.2881407569961 
79.52800000001568	940.2702072515632 
79.62800000001616	940.2525750841279 
79.72800000001664	940.2352391912864 
79.82800000001711	940.2181945947144 
79.92800000001759	940.20143639974 
80.02800000001807	940.1849597939362 
80.12800000001855	940.1687600457396 
80.22800000001902	940.1528325030918 
80.3280000000195	940.137172592102 
80.42800000001998	940.121775815738 
80.52800000002046	940.1066377525283 
80.62800000002093	940.0917540552967 
80.72800000002141	940.0771204499138 
80.82800000002189	940.0627327340676 
80.92800000002237	940.0485867760588 
81.02800000002284	940.034678513612 
81.12800000002332	940.0210039527122 
81.2280000000238	940.0075591664552 
81.32800000002428	939.9943402939206 
81.42800000002475	939.9813435390636 
81.52800000002523	939.9685651696253 
81.62800000002571	939.9560015160592 
81.72800000002619	939.9436489704786 
81.82800000002666	939.9315039856214 
81.92800000002714	939.919563073829 
82.02800000002762	939.9078228060466 
82.1280000000281	939.8962798108396 
82.22800000002857	939.8849307734208 
82.32800000002905	939.8737724347042 
82.42800000002953	939.8628015903662 
82.52800000003	939.8520150899243 
82.62800000003048	939.8414098358346 
82.72800000003096	939.8309827826014 
82.82800000003144	939.8207309359035 
82.92800000003191	939.8106513517318 
83.02800000003239	939.8007411355471 
83.12800000003287	939.7909974414467 
83.22800000003335	939.7814174713477 
83.32800000003382	939.7719984741842 
83.4280000000343	939.7627377451158 
83.52800000003478	939.7536326247522 
83.62800000003526	939.7446804983896 
83.72800000003573	939.735878795258 
83.82800000003621	939.7272249877848 
83.92800000003669	939.7187165908689 
84.02800000003717	939.7103511611659 
84.12800000003764	939.7021262963872 
84.22800000003812	939.6940396346107 
84.3280000000386	939.6860888536005 
84.42800000003908	939.6782716701429 
84.52800000003955	939.6705858393879 
84.62800000004003	939.6630291542069 
84.72800000004051	939.6555994445575 
84.82800000004099	939.6482945768599 
84.92800000004146	939.6411124533864 
85.02800000004194	939.634051011657 
85.12800000004242	939.6271082238471 
85.2280000000429	939.6202820962064 
85.32800000004337	939.6135706684855 
85.42800000004385	939.6069720133733 
85.52800000004433	939.6004842359431 
85.6280000000448	939.5941054731101 
85.72800000004528	939.5878338930928 
85.82800000004576	939.5816676948917 
85.92800000004624	939.5756051077682 
86.02800000004672	939.5696443907373 
86.1280000000472	939.5637838320687 
86.22800000004767	939.5580217487937 
86.32800000004815	939.5523564862243 
86.42800000004863	939.5467864174743 
86.5280000000491	939.5413099429951 
86.62800000004958	939.535925490115 
86.72800000005006	939.5306315125895 
86.82800000005054	939.525426490153 
86.92800000005101	939.5203089280882 
87.02800000005149	939.5152773567914 
87.12800000005197	939.5103303313533 
87.22800000005245	939.5054664311441 
87.32800000005292	939.5006842594042 
87.4280000000534	939.495982442844 
87.52800000005388	939.4913596312505 
87.62800000005436	939.4868144970964 
87.72800000005483	939.4823457351629 
87.82800000005531	939.4779520621612 
87.92800000005579	939.4736322163672 
88.02800000005627	939.4693849572566 
88.12800000005674	939.4652090651497 
88.22800000005722	939.4611033408617 
88.3280000000577	939.4570666053582 
88.42800000005818	939.453097699416 
88.52800000005865	939.4491954832894 
88.62800000005913	939.4453588363837 
88.72800000005961	939.4415866569354 
88.82800000006009	939.4378778616934 
88.92800000006056	939.434231385608 
89.02800000006104	939.4306461815257 
89.12800000006152	939.4271212198884 
89.228000000062	939.4236554884386 
89.32800000006247	939.4202479919264 
89.42800000006295	939.4168977518262 
89.52800000006343	939.4136038060549 
89.6280000000639	939.4103652086936 
89.72800000006438	939.4071810297202 
89.82800000006486	939.404050354738 
89.92800000006534	939.4009722847148 
90.02800000006582	939.3979459357266 
90.1280000000663	939.3949704387013 
90.22800000006677	939.392044939169 
90.32800000006725	939.3891685970183 
90.42800000006773	939.3863405862542 
90.5280000000682	939.3835600947608 
90.62800000006868	939.3808263240688 
90.72800000006916	939.3781384891246 
90.82800000006964	939.3754958180666 
90.92800000007011	939.3728975520031 
91.02800000007059	939.3703429447933 
91.12800000007107	939.3678312628346 
91.22800000007155	939.3653617848506 
91.32800000007202	939.3629338016848 
91.4280000000725	939.3605466160975 
91.52800000007298	939.358199542563 
91.62800000007346	939.355891907076 
91.72800000007393	939.3536230469563 
91.82800000007441	939.3513923106583 
91.92800000007489	939.3491990575849 
92.02800000007537	939.3470426579024 
92.12800000007584	939.3449224923611 
92.22800000007632	939.3428379521156 
92.3280000000768	939.3407884385512 
92.42800000007728	939.338773363113 
92.52800000007775	939.3367921471338 
92.62800000007823	939.3348442216716 
92.72800000007871	939.3329290273422 
92.82800000007919	939.3310460141629 
92.92800000007966	939.3291946413908 
93.02800000008014	939.3273743773707 
93.12800000008062	939.3255846993795 
93.2280000000811	939.3238250934776 
93.32800000008157	939.3220950543621 
93.42800000008205	939.3203940852195 
93.52800000008253	939.3187216975854 
93.628000000083	939.3170774112024 
93.72800000008348	939.3154607538837 
93.82800000008396	939.313871261375 
93.92800000008444	939.3123084772246 
94.02800000008492	939.3107719526507 
94.1280000000854	939.3092612464105 
94.22800000008587	939.3077759246776 
94.32800000008635	939.306315560914 
94.42800000008683	939.304879735749 
94.5280000000873	939.3034680368593 
94.62800000008778	939.3020800588479 
94.72800000008826	939.3007154031328 
94.82800000008874	939.2993736778269 
94.92800000008921	939.2980544976289 
95.02800000008969	939.296757483712 
95.12800000009017	939.2954822636143 
95.22800000009065	939.2942284711329 
95.32800000009112	939.2929957462179 
95.4280000000916	939.2917837348691 
95.52800000009208	939.2905920890355 
95.62800000009256	939.2894204665141 
95.72800000009303	939.2882685308505 
95.82800000009351	939.287135951246 
95.92800000009399	939.286022402459 
96.02800000009447	939.2849275647137 
96.12800000009494	939.2838511236063 
96.22800000009542	939.282792770017 
96.3280000000959	939.2817522000204 
96.42800000009638	939.2807291147974 
96.52800000009685	939.2797232205501 
96.62800000009733	939.2787342284165 
96.72800000009781	939.2777618543902 
96.82800000009829	939.2768058192355 
96.92800000009876	939.2758658484089 
97.02800000009924	939.2749416719807 
97.12800000009972	939.2740330245563 
97.2280000001002	939.2731396452009 
97.32800000010067	939.2722612773636 
97.42800000010115	939.2713976688049 
97.52800000010163	939.2705485715237 
97.6280000001021	939.2697137416861 
97.72800000010258	939.2688929395546 
97.82800000010306	939.2680859294215 
97.92800000010354	939.2672924795384 
98.02800000010402	939.2665123620516 
98.12800000010449	939.2657453529354 
98.22800000010497	939.2649912319301 
98.32800000010545	939.2642497824742 
98.42800000010592	939.2635207916476 
98.5280000001064	939.262804050107 
98.62800000010688	939.2620993520266 
98.72800000010736	939.2614064950396 
98.82800000010783	939.2607252801787 
98.92800000010831	939.2600555118213 
99.02800000010879	939.2593969976298 
99.12800000010927	939.2587495485006 
99.22800000010974	939.258112978506 
99.32800000011022	939.2574871048438 
99.4280000001107	939.2568717477818 
99.52800000011118	939.2562667306095 
99.62800000011165	939.2556718795848 
99.72800000011213	939.2550870238852 
99.82800000011261	939.2545119955585 
99.92800000011309	939.2539466294749 
