0.001	1001.2844784728626 
0.10100000000000008	1001.284317964961 
0.20100000000000015	1001.2843568105676 
0.3010000000000002	1001.2843455175158 
0.4010000000000003	1001.2843463915701 
0.5020000000000003	1001.2843444435289 
0.6020000000000004	1001.2843431659928 
0.7020000000000005	1001.284341777626 
0.8020000000000006	1001.2843404397868 
0.9020000000000007	1001.2843391191558 
1.0030000000000003	1001.2843378087852 
1.1039999999999892	1001.2843365205133 
1.204999999999978	1001.2843352541132 
1.305999999999967	1001.2843340092063 
1.4069999999999558	1001.2843327854227 
1.5079999999999447	1001.2843315824082 
1.6089999999999336	1001.2843303998073 
1.7099999999999225	1001.2843292372751 
1.8109999999999113	1001.2843280944704 
1.9119999999999002	1001.2843269710587 
2.0129999999998893	1001.2843258667114 
2.113999999999878	1001.2843247811038 
2.214999999999867	1001.2843237139197 
2.315999999999856	1001.2843226648446 
2.416999999999845	1001.2843216335723 
2.5179999999998337	1001.2843206197996 
2.6189999999998226	1001.284319623231 
2.7199999999998115	1001.2843186435736 
2.8209999999998003	1001.2843176805409 
2.921999999999789	1001.2843167338498 
3.022999999999778	1001.2843158032244 
3.123999999999767	1001.2843148883912 
3.224999999999756	1001.2843139890828 
3.3259999999997447	1001.2843131050338 
3.4269999999997336	1001.2843122359891 
3.5279999999997225	1001.2843113816907 
3.6289999999997113	1001.2843105418895 
3.7299999999997	1001.28430971634 
3.830999999999689	1001.2843089047989 
3.931999999999678	1001.2843081070299 
4.031999999999681	1001.2843073304975 
4.131999999999715	1001.2843065670138 
4.231999999999748	1001.284305816359 
4.331999999999781	1001.2843050783164 
4.431999999999815	1001.2843043526765 
4.531999999999848	1001.2843036392289 
4.6319999999998815	1001.2843029377694 
4.731999999999915	1001.284302248097 
4.831999999999948	1001.2843015700136 
4.931999999999982	1001.2843009033227 
5.032000000000015	1001.2843002478346 
5.1320000000000485	1001.2842996033613 
5.232000000000082	1001.2842989697165 
5.332000000000115	1001.2842983467194 
5.432000000000149	1001.2842977341911 
5.532000000000182	1001.2842971319533 
5.6320000000002155	1001.2842965398365 
5.732000000000249	1001.2842959576686 
5.832000000000282	1001.284295385283 
5.932000000000316	1001.2842948225156 
6.032000000000349	1001.2842942692041 
6.1320000000003825	1001.2842937251908 
6.232000000000416	1001.2842931903166 
6.332000000000449	1001.2842926644315 
6.432000000000483	1001.2842921473822 
6.532000000000516	1001.2842916390216 
6.6320000000005495	1001.2842911392024 
6.732000000000583	1001.2842906477819 
6.832000000000616	1001.2842901646192 
6.93200000000065	1001.2842896895754 
7.032000000000683	1001.2842892225117 
7.132000000000716	1001.2842887632976 
7.23200000000075	1001.2842883117995 
7.332000000000783	1001.2842878678881 
7.432000000000817	1001.2842874314356 
7.53200000000085	1001.2842870023172 
7.632000000000883	1001.284286580409 
7.732000000000917	1001.2842861655904 
7.83200000000095	1001.2842857577424 
7.932000000000984	1001.2842853567457 
8.032000000000988	1001.2842849624885 
8.133000000000932	1001.2842845710123 
8.234000000000876	1001.2842841861795 
8.33500000000082	1001.2842838078774 
8.436000000000764	1001.2842834359943 
8.537000000000708	1001.2842830704228 
8.638000000000652	1001.2842827110544 
8.739000000000596	1001.2842823577847 
8.84000000000054	1001.28428201051 
8.941000000000484	1001.2842816691283 
9.042000000000428	1001.2842813335391 
9.143000000000372	1001.2842810036447 
9.244000000000316	1001.2842806793491 
9.34500000000026	1001.2842803605565 
9.446000000000204	1001.2842800471738 
9.547000000000148	1001.2842797391089 
9.648000000000092	1001.284279436272 
9.749000000000036	1001.2842791385741 
9.84999999999998	1001.2842788459278 
9.950999999999924	1001.284278558248 
10.051999999999868	1001.2842782754501 
10.152999999999812	1001.2842779974513 
10.253999999999756	1001.2842777241696 
10.3549999999997	1001.2842774555248 
10.455999999999644	1001.2842771914388 
10.556999999999588	1001.2842769318348 
10.657999999999532	1001.2842766766364 
10.758999999999476	1001.2842764257686 
10.85999999999942	1001.284276179158 
10.960999999999364	1001.2842759367321 
11.061999999999308	1001.2842756984202 
11.162999999999252	1001.2842754641525 
11.263999999999196	1001.2842752338598 
11.36499999999914	1001.2842750074753 
11.465999999999084	1001.2842747849328 
11.566999999999029	1001.2842745661668 
11.667999999998973	1001.2842743511131 
11.768999999998917	1001.284274139709 
11.86999999999886	1001.2842739318927 
11.970999999998805	1001.2842737276022 
12.071999999998749	1001.2842735267777 
12.172999999998693	1001.2842733293612 
12.273999999998637	1001.2842731352955 
12.37499999999858	1001.284272944523 
12.475999999998525	1001.2842727569875 
12.576999999998469	1001.2842725726349 
12.677999999998413	1001.2842723914106 
12.778999999998357	1001.2842722132616 
12.8799999999983	1001.2842720381359 
12.980999999998245	1001.2842718659824 
13.081999999998189	1001.2842716967493 
13.182999999998133	1001.2842715303887 
13.283999999998077	1001.2842713668509 
13.384999999998021	1001.2842712060885 
13.485999999997965	1001.2842710480539 
13.586999999997909	1001.2842708927017 
13.687999999997853	1001.2842707399851 
13.788999999997797	1001.2842705898606 
13.889999999997741	1001.2842704422834 
13.990999999997685	1001.2842702972108 
14.091999999997629	1001.2842701546001 
14.192999999997573	1001.2842700144099 
14.293999999997517	1001.2842698765988 
14.394999999997461	1001.2842697411246 
14.495999999997405	1001.2842696079495 
14.59699999999735	1001.2842694770346 
14.697999999997293	1001.2842693483414 
14.798999999997237	1001.2842692218322 
14.899999999997181	1001.2842690974697 
15.000999999997125	1001.2842689752179 
15.10199999999707	1001.2842688550406 
15.202999999997013	1001.2842687369025 
15.303999999996957	1001.2842686207695 
15.404999999996901	1001.2842685066072 
15.505999999996845	1001.2842683943819 
15.60699999999679	1001.2842682840611 
15.707999999996733	1001.2842681756126 
15.808999999996677	1001.2842680690044 
15.909999999996622	1001.2842679642055 
16.010999999996585	1001.2842678611856 
16.110999999996707	1001.284267760906 
16.21099999999683	1001.2842676623135 
16.31099999999695	1001.2842675653767 
16.410999999997074	1001.2842674700688 
16.510999999997196	1001.2842673763625 
16.61099999999732	1001.284267284231 
16.71099999999744	1001.2842671936476 
16.810999999997563	1001.2842671045856 
16.910999999997685	1001.2842670170207 
17.010999999997807	1001.2842669309268 
17.11099999999793	1001.2842668462803 
17.21099999999805	1001.2842667630554 
17.310999999998174	1001.284266681229 
17.410999999998296	1001.2842666007778 
17.51099999999842	1001.2842665216788 
17.61099999999854	1001.284266443908 
17.710999999998663	1001.2842663674448 
17.810999999998785	1001.2842662922664 
17.910999999998907	1001.2842662183509 
18.01099999999903	1001.2842661456779 
18.11099999999915	1001.2842660742263 
18.210999999999274	1001.2842660039755 
18.310999999999396	1001.2842659349051 
18.410999999999518	1001.2842658669952 
18.51099999999964	1001.2842658002244 
18.610999999999763	1001.2842657345759 
18.710999999999885	1001.2842656700309 
18.811000000000007	1001.28426560657 
18.91100000000013	1001.2842655441757 
19.01100000000025	1001.2842654828298 
19.111000000000374	1001.2842654225151 
19.211000000000496	1001.2842653632139 
19.311000000000618	1001.2842653049087 
19.41100000000074	1001.2842652475834 
19.511000000000863	1001.2842651912215 
19.611000000000985	1001.2842651358067 
19.711000000001107	1001.2842650813232 
19.81100000000123	1001.2842650277547 
19.91100000000135	1001.2842649750866 
20.011000000001474	1001.2842649233035 
20.111000000001596	1001.284264872391 
20.211000000001718	1001.2842648223331 
20.31100000000184	1001.2842647731169 
20.411000000001962	1001.2842647247274 
20.511000000002085	1001.2842646771513 
20.611000000002207	1001.2842646303748 
20.71100000000233	1001.2842645843841 
20.81100000000245	1001.2842645391665 
20.911000000002574	1001.2842644947078 
21.011000000002696	1001.2842644509966 
21.111000000002818	1001.2842644080199 
21.21100000000294	1001.2842643657654 
21.311000000003062	1001.2842643242209 
21.411000000003185	1001.2842642833747 
21.511000000003307	1001.2842642432144 
21.61100000000343	1001.2842642037294 
21.71100000000355	1001.2842641649074 
21.811000000003673	1001.2842641267383 
21.911000000003796	1001.2842640892103 
22.011000000003918	1001.2842640523129 
22.11100000000404	1001.2842640160354 
22.211000000004162	1001.2842639803679 
22.311000000004285	1001.2842639452998 
22.411000000004407	1001.2842639108206 
22.51100000000453	1001.2842638769209 
22.61100000000465	1001.2842638435898 
22.711000000004773	1001.2842638108194 
22.811000000004896	1001.2842637785996 
22.911000000005018	1001.2842637469208 
23.01100000000514	1001.2842637157746 
23.111000000005262	1001.2842636851519 
23.211000000005384	1001.2842636550437 
23.311000000005507	1001.2842636254416 
23.41100000000563	1001.2842635963367 
23.51100000000575	1001.2842635677208 
23.611000000005873	1001.2842635395862 
23.711000000005996	1001.284263511924 
23.811000000006118	1001.2842634847267 
23.91100000000624	1001.2842634579862 
24.011000000006362	1001.2842634316951 
24.111000000006484	1001.2842634058456 
24.211000000006607	1001.284263380431 
24.31100000000673	1001.2842633554433 
24.41100000000685	1001.2842633308753 
24.511000000006973	1001.2842633067204 
24.611000000007095	1001.2842632829714 
24.711000000007218	1001.2842632596215 
24.81100000000734	1001.2842632366637 
24.911000000007462	1001.284263214092 
25.011000000007584	1001.284263191899 
25.111000000007706	1001.2842631700789 
25.21100000000783	1001.2842631486255 
25.31100000000795	1001.2842631275328 
25.411000000008073	1001.2842631067942 
25.511000000008195	1001.2842630864045 
25.611000000008318	1001.2842630663571 
25.71100000000844	1001.2842630466467 
25.811000000008562	1001.2842630272676 
25.911000000008684	1001.2842630082141 
26.011000000008806	1001.2842629894805 
26.11100000000893	1001.284262971062 
26.21100000000905	1001.2842629529528 
26.311000000009173	1001.2842629351481 
26.411000000009295	1001.2842629176426 
26.511000000009417	1001.284262900431 
26.61100000000954	1001.2842628835091 
26.711000000009662	1001.2842628668709 
26.811000000009784	1001.2842628505126 
26.911000000009906	1001.284262834429 
27.01100000001003	1001.2842628186156 
27.11100000001015	1001.284262803068 
27.211000000010273	1001.2842627877818 
27.311000000010395	1001.2842627727525 
27.411000000010517	1001.2842627579756 
27.51100000001064	1001.2842627434471 
27.611000000010762	1001.2842627291627 
27.711000000010884	1001.2842627151185 
27.811000000011006	1001.2842627013102 
27.91100000001113	1001.2842626877339 
28.01100000001125	1001.284262674385 
28.111000000011373	1001.2842626612611 
28.211000000011495	1001.2842626483575 
28.311000000011617	1001.2842626356708 
28.41100000001174	1001.2842626231974 
28.51100000001186	1001.2842626109335 
28.611000000011984	1001.2842625988758 
28.711000000012106	1001.2842625870207 
28.81100000001223	1001.2842625753649 
28.91100000001235	1001.2842625639049 
29.011000000012473	1001.2842625526375 
29.111000000012595	1001.2842625415593 
29.211000000012717	1001.2842625306673 
29.31100000001284	1001.2842625199582 
29.41100000001296	1001.2842625094293 
29.511000000013084	1001.2842624990773 
29.611000000013206	1001.2842624888992 
29.71100000001333	1001.2842624788923 
29.81100000001345	1001.2842624690534 
29.911000000013573	1001.2842624593798 
30.011000000013695	1001.2842624498685 
30.111000000013817	1001.2842624405172 
30.21100000001394	1001.284262431323 
30.31100000001406	1001.2842624222831 
30.411000000014184	1001.2842624133951 
30.511000000014306	1001.2842624046567 
30.61100000001443	1001.284262396065 
30.71100000001455	1001.2842623876177 
30.811000000014673	1001.2842623793122 
30.911000000014795	1001.2842623711464 
31.011000000014917	1001.2842623631179 
31.11100000001504	1001.2842623552242 
31.21100000001516	1001.2842623474634 
31.311000000015284	1001.2842623398328 
31.411000000015406	1001.2842623323306 
31.511000000015528	1001.2842623249545 
31.61100000001565	1001.284262317702 
31.711000000015773	1001.2842623105719 
31.811000000015895	1001.2842623035614 
31.911000000016017	1001.2842622966688 
32.0110000000161	1001.2842622898921 
32.11200000001586	1001.2842622831631 
32.213000000015626	1001.2842622765484 
32.31400000001539	1001.2842622700456 
32.415000000015155	1001.2842622636537 
32.51600000001492	1001.2842622573697 
32.617000000014684	1001.2842622511928 
32.71800000001445	1001.2842622451205 
32.81900000001421	1001.2842622391514 
32.92000000001398	1001.2842622332836 
33.02100000001374	1001.2842622275152 
33.12200000001351	1001.2842622218446 
33.22300000001327	1001.2842622162706 
33.32400000001304	1001.2842622107911 
33.4250000000128	1001.2842622054044 
33.526000000012566	1001.2842622001091 
33.62700000001233	1001.2842621949034 
33.728000000012095	1001.2842621897865 
33.82900000001186	1001.2842621847562 
33.930000000011624	1001.2842621798114 
34.03100000001139	1001.2842621749502 
34.13200000001115	1001.2842621701715 
34.23300000001092	1001.2842621654739 
34.33400000001068	1001.2842621608561 
34.43500000001045	1001.2842621563167 
34.53600000001021	1001.2842621518541 
34.63700000000998	1001.2842621474676 
34.73800000000974	1001.2842621431552 
34.839000000009506	1001.2842621389161 
34.94000000000927	1001.2842621347488 
35.041000000009035	1001.2842621306526 
35.1420000000088	1001.2842621266259 
35.243000000008564	1001.2842621226673 
35.34400000000833	1001.284262118776 
35.44500000000809	1001.2842621149512 
35.54600000000786	1001.2842621111906 
35.64700000000762	1001.2842621074943 
35.74800000000739	1001.2842621038611 
35.84900000000715	1001.2842621002887 
35.950000000006916	1001.2842620967782 
36.05100000000668	1001.2842620933264 
36.152000000006446	1001.2842620899338 
36.25300000000621	1001.2842620865983 
36.354000000005975	1001.28426208332 
36.45500000000574	1001.2842620800966 
36.556000000005504	1001.2842620769284 
36.65700000000527	1001.2842620738143 
36.75800000000503	1001.2842620707523 
36.8590000000048	1001.2842620677429 
36.96000000000456	1001.2842620647846 
37.06100000000433	1001.2842620618766 
37.16200000000409	1001.2842620590177 
37.263000000003856	1001.2842620562072 
37.36400000000362	1001.284262053445 
37.465000000003386	1001.2842620507294 
37.56600000000315	1001.2842620480596 
37.667000000002915	1001.2842620454356 
37.76800000000268	1001.284262042856 
37.869000000002444	1001.2842620403203 
37.97000000000221	1001.284262037828 
38.07100000000197	1001.2842620353771 
38.17200000000174	1001.2842620329692 
38.2730000000015	1001.2842620306009 
38.37400000000127	1001.2842620282737 
38.47500000000103	1001.2842620259856 
38.576000000000796	1001.2842620237365 
38.67700000000056	1001.2842620215257 
38.778000000000326	1001.2842620193517 
38.87900000000009	1001.284262017215 
38.979999999999855	1001.2842620151147 
39.08099999999962	1001.2842620130502 
39.181999999999384	1001.2842620110207 
39.28299999999915	1001.2842620090258 
39.38399999999891	1001.2842620070647 
39.48499999999868	1001.2842620051368 
39.58599999999844	1001.2842620032417 
39.68699999999821	1001.2842620013793 
39.78799999999797	1001.2842619995482 
39.888999999997736	1001.2842619977479 
39.9899999999975	1001.2842619959787 
40.090999999997265	1001.2842619942393 
40.19199999999703	1001.284261992529 
40.292999999996795	1001.2842619908484 
40.39399999999656	1001.2842619891958 
40.494999999996324	1001.2842619875711 
40.59599999999609	1001.2842619859746 
40.69699999999585	1001.2842619844047 
40.79799999999562	1001.2842619828616 
40.89899999999538	1001.284261981345 
40.99999999999515	1001.2842619798543 
41.10099999999491	1001.284261978388 
41.201999999994676	1001.2842619769473 
41.30299999999444	1001.2842619755318 
41.403999999994205	1001.2842619741392 
41.50499999999397	1001.2842619727712 
41.605999999993735	1001.284261971426 
41.7069999999935	1001.2842619701036 
41.807999999993264	1001.284261968804 
41.90899999999303	1001.2842619675254 
42.00999999999279	1001.2842619662694 
42.11099999999256	1001.2842619650344 
42.21199999999232	1001.2842619638215 
42.31299999999209	1001.2842619626276 
42.41399999999185	1001.2842619614548 
42.514999999991616	1001.2842619603011 
42.61599999999138	1001.2842619591685 
42.716999999991145	1001.284261958054 
42.81799999999091	1001.2842619569584 
42.918999999990675	1001.2842619558816 
43.01999999999044	1001.2842619548225 
43.120999999990204	1001.2842619537823 
43.22199999998997	1001.2842619527592 
43.32299999998973	1001.2842619517537 
43.4239999999895	1001.2842619507653 
43.52499999998926	1001.284261949794 
43.62599999998903	1001.2842619488381 
43.72699999998879	1001.2842619479005 
43.827999999988556	1001.2842619469772 
43.92899999998832	1001.2842619460705 
44.029999999988085	1001.2842619451791 
44.13099999998785	1001.2842619443024 
44.231999999987615	1001.2842619434407 
44.33299999998738	1001.2842619425943 
44.433999999987144	1001.2842619417619 
44.53499999998691	1001.2842619409433 
44.63599999998667	1001.2842619401384 
44.73699999998644	1001.2842619393482 
44.8379999999862	1001.2842619385715 
44.93899999998597	1001.2842619378073 
45.03999999998573	1001.2842619370563 
45.140999999985496	1001.2842619363176 
45.24199999998526	1001.2842619355918 
45.342999999985025	1001.2842619348778 
45.44399999998479	1001.2842619341766 
45.544999999984555	1001.2842619334865 
45.64599999998432	1001.2842619328087 
45.746999999984084	1001.2842619321419 
45.84799999998385	1001.2842619314872 
45.94899999998361	1001.2842619308428 
46.04999999998338	1001.2842619302099 
46.15099999998314	1001.2842619295876 
46.25199999998291	1001.2842619289759 
46.35299999998267	1001.2842619283742 
46.453999999982436	1001.2842619277827 
46.5549999999822	1001.2842619272012 
46.655999999981965	1001.2842619266289 
46.75699999998173	1001.2842619260663 
46.857999999981494	1001.2842619255149 
46.95899999998126	1001.2842619249727 
47.059999999981024	1001.2842619244391 
47.16099999998079	1001.2842619239137 
47.26199999998055	1001.284261923397 
47.36299999998032	1001.2842619228912 
47.46399999998008	1001.2842619223936 
47.56499999997985	1001.2842619219034 
47.66599999997961	1001.2842619214211 
47.766999999979376	1001.2842619209495 
47.86799999997914	1001.2842619204847 
47.968999999978905	1001.2842619200261 
48.06999999997867	1001.2842619195783 
48.170999999978434	1001.2842619191371 
48.2719999999782	1001.2842619187015 
48.372999999977964	1001.2842619182767 
48.47399999997773	1001.2842619178575 
48.57499999997749	1001.2842619174442 
48.67599999997726	1001.2842619170408 
48.77699999997702	1001.2842619166412 
48.87799999997679	1001.2842619162508 
48.97899999997655	1001.2842619158664 
49.079999999976316	1001.2842619154875 
49.18099999997608	1001.2842619151173 
49.281999999975845	1001.2842619147499 
49.38299999997561	1001.2842619143931 
49.483999999975374	1001.2842619140379 
49.58499999997514	1001.2842619136932 
49.685999999974904	1001.2842619133496 
49.78699999997467	1001.2842619130164 
49.88799999997443	1001.284261912684 
49.9889999999742	1001.2842619123619 
50.08999999997396	1001.2801002237892 
50.19099999997373	1001.2656993452205 
50.29199999997349	1001.2411878750596 
50.392999999973256	1001.2067348106438 
50.49399999997302	1001.1625095534631 
50.594999999972785	1001.1086777588592 
50.69599999997255	1001.045402488544 
50.796999999972314	1000.9728439856455 
50.89799999997208	1000.8911597856155 
50.99899999997184	1000.8005047481009 
51.09999999997161	1000.7010311053299 
51.20099999997137	1000.5928885061074 
51.30199999997114	1000.4762240597652 
51.4029999999709	1000.3511823792323 
51.50399999997067	1000.2179056234069 
51.60499999997043	1000.0765335387973 
51.705999999970196	999.9272035004597 
51.80699999996996	999.7700505522399 
51.907999999969725	999.6052074463358 
52.00899999996949	999.4328046821835 
52.109999999969254	999.2529705446857 
52.21099999996902	999.0658311417951 
52.31199999996878	998.8715104414525 
52.41299999996855	998.6701303079038 
52.51399999996831	998.4618105373992 
52.61499999996808	998.2466688932855 
52.71599999996784	998.0248211405059 
52.81699999996761	997.7963810795093 
52.91799999996737	997.5614605795885 
53.018999999967136	997.3201696116522 
53.1199999999669	997.0726162804386 
53.220999999966665	996.8189068561848 
53.32199999996643	996.559145805756 
53.422999999966194	996.2934358232501 
53.52399999996596	996.0218778600799 
53.62499999996572	995.7445711545452 
53.72599999996549	995.4616132609061 
53.82699999996525	995.1731000779588 
53.92799999996502	994.8791258771269 
54.02899999996478	994.5797833300813 
54.12999999996455	994.275163535884 
54.23099999996431	993.9653560476763 
54.331999999964076	993.6504488989126 
54.43299999996384	993.3305286291479 
54.533999999963605	993.0056803093904 
54.63499999996337	992.6759875670206 
54.735999999963134	992.3415326102905 
54.8369999999629	992.0023962524053 
54.93799999996266	991.6586579351957 
55.03899999996243	991.3103957523923 
55.13999999996219	990.9576864724999 
55.24099999996196	990.6006055612881 
55.34199999996172	990.2392272038961 
55.442999999961486	989.8736243265657 
55.54399999996125	989.5038686180061 
55.644999999961016	989.1300305503913 
55.74599999996078	988.7521794000064 
55.846999999960545	988.3703832675405 
55.94799999996031	987.9847090980367 
56.048999999960074	987.5952227005029 
56.14999999995984	987.2019887671894 
56.2509999999596	986.805070892541 
56.35199999995937	986.4045315918257 
56.45299999995913	986.0004323194474 
56.5539999999589	985.59283348695 
56.65499999995866	985.1817944807128 
56.755999999958426	984.7673736793479 
56.85699999995819	984.3496284708017 
56.957999999957956	983.9286152691662 
57.05899999995772	983.5043895312049 
57.159999999957485	983.0770057725982 
57.26099999995725	982.646517583914 
57.361999999957014	982.2129776463054 
57.46299999995678	981.7764377469431 
57.56399999995654	981.3369487941872 
57.66499999995631	980.8945608325007 
57.76599999995607	980.4493230571069 
57.86699999995584	980.0012838284039 
57.9679999999556	979.5504906861289 
58.068999999955366	979.0969903632858 
58.16999999995513	978.6408287998348 
58.270999999954896	978.1820511561501 
58.37199999995466	977.7207018262492 
58.472999999954425	977.256824450798 
58.57399999995419	976.7904619298941 
58.674999999953954	976.3216564356362 
58.77599999995372	975.8504494244742 
58.87699999995348	975.3768816493575 
58.97799999995325	974.9009931716705 
59.07899999995301	974.4228233729683 
59.17999999995278	973.9424109665173 
59.28099999995254	973.4597940086293 
59.381999999952306	972.9750099098134 
59.48299999995207	972.4880954457362 
59.583999999951835	971.9990867679927 
59.6849999999516	971.5080194146972 
59.785999999951365	971.014928320894 
59.88699999995113	970.5198478287904 
59.987999999950894	970.022811697819 
60.08899999995066	969.5279234079494 
60.18999999995042	969.0413748452652 
60.29099999995019	968.5630808685629 
60.39199999994995	968.0929039333035 
60.49299999994972	967.630705603607 
60.59399999994948	967.1763506613856 
60.694999999949246	966.7297059645144 
60.79599999994901	966.2906406823936 
60.896999999948775	965.859026192741 
60.99799999994854	965.4347360585056 
61.098999999948305	965.0176459877108 
61.19999999994807	964.6076337976723 
61.300999999947834	964.2045793790899 
61.4019999999476	963.808364660879 
61.50299999994736	963.4188735755833 
61.60399999994713	963.0359920253732 
61.70499999994689	962.6596078486211 
61.80599999994666	962.2896107870454 
61.90699999994642	961.92589245341 
62.007999999946186	961.5683462997767 
62.10899999994595	961.2168675862885 
62.209999999945715	960.8713533504899 
62.31099999994548	960.5317023771646 
62.411999999945245	960.1978151686839 
62.51299999994501	959.8695939158633 
62.613999999944774	959.5469424693057 
62.71499999994454	959.2297663112384 
62.8159999999443	958.917972527824 
62.91699999994407	958.6114697819422 
63.01799999994383	958.3101682864329 
63.1189999999436	958.0139797777961 
63.21999999994336	957.7228174903323 
63.320999999943126	957.4365961307288 
63.42199999994289	957.1552318530713 
63.522999999942655	956.8786422342833 
63.62399999994242	956.6067462499801 
63.724999999942185	956.3394642507354 
63.82599999994195	956.0767179387465 
63.926999999941714	955.8184303448977 
64.02799999994167	955.5645258062158 
64.12799999994215	955.3173803097371 
64.22799999994263	955.0743876170335 
64.3279999999431	954.8354779482397 
64.42799999994358	954.6005826960092 
64.52799999994406	954.369634405807 
64.62799999994454	954.1425667565436 
64.72799999994501	953.9193145415259 
64.82799999994549	953.6998136497349 
64.92799999994597	953.4840010474128 
65.02799999994645	953.2718147599637 
65.12799999994692	953.0631938541542 
65.2279999999474	952.8580784206173 
65.32799999994788	952.6564095566466 
65.42799999994836	952.4581293492831 
65.52799999994883	952.2631808586833 
65.62799999994931	952.0715081017673 
65.72799999994979	951.8830560361434 
65.82799999995026	951.6977705443016 
65.92799999995074	951.5155984180723 
66.02799999995122	951.336487343346 
66.1279999999517	951.1603858850513 
66.22799999995217	950.9872434723849 
66.32799999995265	950.8170103842866 
66.42799999995313	950.6496377351646 
66.52799999995361	950.4850774608537 
66.62799999995408	950.3232823048157 
66.72799999995456	950.1642058045669 
66.82799999995504	950.0078022783356 
66.92799999995552	949.8540268119455 
67.027999999956	949.7028352459151 
67.12799999995647	949.5541841627794 
67.22799999995695	949.4080308746181 
67.32799999995743	949.2643334108009 
67.4279999999579	949.1230505059324 
67.52799999995838	948.9841415880032 
67.62799999995886	948.8475667667376 
67.72799999995934	948.7132868221387 
67.82799999995981	948.5812631932278 
67.92799999996029	948.4514579669678 
68.02799999996077	948.323833867377 
68.12799999996125	948.1983542448253 
68.22799999996172	948.0749830655092 
68.3279999999622	947.953684901103 
68.42799999996268	947.8344249185869 
68.52799999996316	947.7171688702412 
68.62799999996363	947.6018830838151 
68.72799999996411	947.4885344528535 
68.82799999996459	947.3770904271921 
68.92799999996507	947.2675190036096 
69.02799999996554	947.1597887166366 
69.12799999996602	947.0538686295206 
69.2279999999665	946.9497283253419 
69.32799999996698	946.8473378982778 
69.42799999996745	946.7466679450159 
69.52799999996793	946.64768955631 
69.62799999996841	946.5503743086766 
69.72799999996889	946.4546942562364 
69.82799999996936	946.3606219226847 
69.92799999996984	946.2681302934043 
70.02799999997032	946.177192807706 
70.1279999999708	946.0877833512018 
70.22799999997127	945.9998762483065 
70.32799999997175	945.9134462548627 
70.42799999997223	945.8284685508926 
70.5279999999727	945.7449187334704 
70.62799999997318	945.6627728097154 
70.72799999997366	945.5820071898984 
70.82799999997414	945.5025986806731 
70.92799999997462	945.4245244784106 
71.0279999999751	945.3477621626546 
71.12799999997557	945.2722896896795 
71.22799999997605	945.1980853861644 
71.32799999997653	945.1251279429646 
71.427999999977	945.0533964089959 
71.52799999997748	944.9828701852166 
71.62799999997796	944.9135290187105 
71.72799999997844	944.8453529968748 
71.82799999997891	944.7783225416993 
71.92799999997939	944.7124184041431 
72.02799999997987	944.6476216586096 
72.12799999998035	944.5839136975096 
72.22799999998082	944.5212762259197 
72.3279999999813	944.4596912563261 
72.42799999998178	944.3991411034613 
72.52799999998226	944.3396083792243 
72.62799999998273	944.281075987688 
72.72799999998321	944.2235271201891 
72.82799999998369	944.1669452505015 
72.92799999998417	944.1113141300905 
73.02799999998464	944.0566177834469 
73.12799999998512	944.0028405034998 
73.2279999999856	943.9499668471029 
73.32799999998608	943.8979816306054 
73.42799999998655	943.8468699254862 
73.52799999998703	943.7966170540701 
73.62799999998751	943.7472085853115 
73.72799999998799	943.6986303306517 
73.82799999998846	943.6508683399431 
73.92799999998894	943.6039088974416 
74.02799999998942	943.5577385178727 
74.1279999999899	943.5123439425538 
74.22799999999037	943.4677121355897 
74.32799999999085	943.4238302801282 
74.42799999999133	943.3806857746793 
74.5279999999918	943.3382662294975 
74.62799999999228	943.2965594630226 
74.72799999999276	943.2555534983812 
74.82799999999324	943.2152365599505 
74.92799999999372	943.1755970699719 
75.0279999999942	943.1366236452303 
75.12799999999467	943.0983050937822 
75.22799999999515	943.0606304117449 
75.32799999999563	943.0235887801333 
75.4279999999961	942.9871695617555 
75.52799999999658	942.9513622981557 
75.62799999999706	942.9161567066135 
75.72799999999754	942.8815426771906 
75.82799999999801	942.8475102698243 
75.92799999999849	942.8140497114771 
76.02799999999897	942.7811513933285 
76.12799999999945	942.7488058680157 
76.22799999999992	942.7170038469196 
76.3280000000004	942.6857361975002 
76.42800000000088	942.6549939406711 
76.52800000000136	942.6247682482225 
76.62800000000183	942.5950504402848 
76.72800000000231	942.5658319828378 
76.82800000000279	942.5371044852598 
76.92800000000327	942.5088596979149 
77.02800000000374	942.4810895097883 
77.12800000000422	942.4537859461557 
77.2280000000047	942.4269411662906 
77.32800000000518	942.4005474612169 
77.42800000000565	942.3745972514914 
77.52800000000613	942.3490830850297 
77.62800000000661	942.3239976349649 
77.72800000000709	942.2993336975446 
77.82800000000756	942.2750841900605 
77.92800000000804	942.2512421488166 
78.02800000000852	942.2278007271279 
78.128000000009	942.2047531933549 
78.22800000000947	942.1820929289706 
78.32800000000995	942.1598134266587 
78.42800000001043	942.1379082884465 
78.5280000000109	942.1163712238671 
78.62800000001138	942.0951960481519 
78.72800000001186	942.0743766804567 
78.82800000001234	942.0539071421127 
78.92800000001282	942.033781554912 
79.0280000000133	942.0139941394187 
79.12800000001377	941.9945392133089 
79.22800000001425	941.975411189739 
79.32800000001473	941.9566045757424 
79.4280000000152	941.9381139706502 
79.52800000001568	941.9199340645418 
79.62800000001616	941.9020596367194 
79.72800000001664	941.88448555421 
79.82800000001711	941.8672067702881 
79.92800000001759	941.8502183230313 
80.02800000001807	941.8335153338904 
80.12800000001855	941.8170930062926 
80.22800000001902	941.8009466242614 
80.3280000000195	941.785071551063 
80.42800000001998	941.769463227876 
80.52800000002046	941.7541171724802 
80.62800000002093	941.7390289779704 
80.72800000002141	941.7241943114917 
80.82800000002189	941.709608912994 
80.92800000002237	941.6952685940096 
81.02800000002284	941.6811692364491 
81.12800000002332	941.667306791421 
81.2280000000238	941.6536772780655 
81.32800000002428	941.6402767824161 
81.42800000002475	941.6271014562705 
81.52800000002523	941.6141475160897 
81.62800000002571	941.601411241909 
81.72800000002619	941.5888889762712 
81.82800000002666	941.5765771231747 
81.92800000002714	941.5644721470418 
82.02800000002762	941.552570571705 
82.1280000000281	941.5408689794054 
82.22800000002857	941.529364009813 
82.32800000002905	941.5180523590625 
82.42800000002953	941.5069307788032 
82.52800000003	941.4959960752672 
82.62800000003048	941.4852451083506 
82.72800000003096	941.4746747907141 
82.82800000003144	941.4642820868944 
82.92800000003191	941.4540640124342 
83.02800000003239	941.4440176330229 
83.12800000003287	941.4341400636566 
83.22800000003335	941.4244284678075 
83.32800000003382	941.4148800566112 
83.4280000000343	941.405492088063 
83.52800000003478	941.3962618662345 
83.62800000003526	941.3871867404953 
83.72800000003573	941.3782641047546 
83.82800000003621	941.3694913967123 
83.92800000003669	941.3608660971219 
84.02800000003717	941.3523857290687 
84.12800000003764	941.3440478572571 
84.22800000003812	941.3358500873129 
84.3280000000386	941.3277900650944 
84.42800000003908	941.3198654760155 
84.52800000003955	941.3120740443846 
84.62800000004003	941.3044135327463 
84.72800000004051	941.296881741243 
84.82800000004099	941.2894765069809 
84.92800000004146	941.2821957034093 
85.02800000004194	941.2750372397106 
85.12800000004242	941.2679990601987 
85.2280000000429	941.2610791437297 
85.32800000004337	941.254275503121 
85.42800000004385	941.2475861845807 
85.52800000004433	941.2410092671472 
85.6280000000448	941.234542862136 
85.72800000004528	941.228185112599 
85.82800000004576	941.2219341927907 
85.92800000004624	941.2157883076432 
86.02800000004672	941.2097456922512 
86.1280000000472	941.203804611366 
86.22800000004767	941.197963358895 
86.32800000004815	941.192220257415 
86.42800000004863	941.1865736576872 
86.5280000000491	941.1810219381857 
86.62800000004958	941.1755635046319 
86.72800000005006	941.1701967895339 
86.82800000005054	941.1649202517409 
86.92800000005101	941.1597323759963 
87.02800000005149	941.1546316725064 
87.12800000005197	941.1496166765086 
87.22800000005245	941.1446859478531 
87.32800000005292	941.1398380705905 
87.4280000000534	941.1350716525627 
87.52800000005388	941.1303853250038 
87.62800000005436	941.1257777421483 
87.72800000005483	941.1212475808435 
87.82800000005531	941.1167935401688 
87.92800000005579	941.1124143410639 
88.02800000005627	941.1081087259603 
88.12800000005674	941.1038754584209 
88.22800000005722	941.0997133227838 
88.3280000000577	941.0956211238152 
88.42800000005818	941.0915976863641 
88.52800000005865	941.0876418550256 
88.62800000005913	941.0837524938089 
88.72800000005961	941.0799284858118 
88.82800000006009	941.0761687328996 
88.92800000006056	941.0724721553895 
89.02800000006104	941.0688376917403 
89.12800000006152	941.0652642982487 
89.228000000062	941.0617509487478 
89.32800000006247	941.0582966343147 
89.42800000006295	941.0549003629786 
89.52800000006343	941.0515611594369 
89.6280000000639	941.0482780647756 
89.72800000006438	941.045050136193 
89.82800000006486	941.0418764467296 
89.92800000006534	941.0387560850014 
90.02800000006582	941.0356881549382 
90.1280000000663	941.0326717755273 
90.22800000006677	941.0297060805594 
90.32800000006725	941.0267902183799 
90.42800000006773	941.0239233516456 
90.5280000000682	941.0211046570809 
90.62800000006868	941.0183333252464 
90.72800000006916	941.015608560303 
90.82800000006964	941.0129295797833 
90.92800000007011	941.0102956143683 
91.02800000007059	941.0077059076656 
91.12800000007107	941.0051597159936 
91.22800000007155	941.0026563081657 
91.32800000007202	941.0001949652816 
91.4280000000725	940.997774980521 
91.52800000007298	940.9953956589411 
91.62800000007346	940.993056317275 
91.72800000007393	940.9907562837367 
91.82800000007441	940.9884948978296 
91.92800000007489	940.9862715101547 
92.02800000007537	940.9840854822247 
92.12800000007584	940.9819361862812 
92.22800000007632	940.9798230051141 
92.3280000000768	940.9777453318836 
92.42800000007728	940.975702569948 
92.52800000007775	940.97369413269 
92.62800000007823	940.9717194433495 
92.72800000007871	940.969777934858 
92.82800000007919	940.9678690496751 
92.92800000007966	940.9659922396286 
93.02800000008014	940.9641469657579 
93.12800000008062	940.9623326981587 
93.2280000000811	940.9605489158304 
93.32800000008157	940.9587951065255 
93.42800000008205	940.9570707666071 
93.52800000008253	940.9553754008975 
93.628000000083	940.9537085225412 
93.72800000008348	940.9520696528635 
93.82800000008396	940.9504583212321 
93.92800000008444	940.9488740649234 
94.02800000008492	940.9473164289891 
94.1280000000854	940.9457849661244 
94.22800000008587	940.9442792365421 
94.32800000008635	940.9427988078436 
94.42800000008683	940.9413432548965 
94.5280000000873	940.9399121597113 
94.62800000008778	940.9385051113233 
94.72800000008826	940.9371217056712 
94.82800000008874	940.9357615454852 
94.92800000008921	940.9344242401693 
95.02800000008969	940.9331094056932 
95.12800000009017	940.9318166644761 
95.22800000009065	940.9305456452834 
95.32800000009112	940.929295983119 
95.4280000000916	940.928067319119 
95.52800000009208	940.9268593004495 
95.62800000009256	940.9256715802056 
95.72800000009303	940.9245038173125 
95.82800000009351	940.9233556764235 
95.92800000009399	940.9222268278294 
96.02800000009447	940.9211169473605 
96.12800000009494	940.9200257162935 
96.22800000009542	940.9189528212621 
96.3280000000959	940.9178979541639 
96.42800000009638	940.9168608120746 
96.52800000009685	940.9158410971589 
96.62800000009733	940.9148385165877 
96.72800000009781	940.9138527824506 
96.82800000009829	940.9128836116757 
96.92800000009876	940.9119307259485 
97.02800000009924	940.9109938516293 
97.12800000009972	940.9100727196778 
97.2280000001002	940.9091670655729 
97.32800000010067	940.9082766292402 
97.42800000010115	940.9074011549741 
97.52800000010163	940.9065403913658 
97.6280000001021	940.9056940912309 
97.72800000010258	940.904862011539 
97.82800000010306	940.9040439133424 
97.92800000010354	940.9032395617096 
98.02800000010402	940.902448725656 
98.12800000010449	940.9016711780781 
98.22800000010497	940.9009066956887 
98.32800000010545	940.9001550589526 
98.42800000010592	940.8994160520236 
98.5280000001064	940.8986894626813 
98.62800000010688	940.8979750822732 
98.72800000010736	940.897272705651 
98.82800000010783	940.8965821311143 
98.92800000010831	940.8959031603515 
99.02800000010879	940.8952355983841 
99.12800000010927	940.8945792535094 
99.22800000010974	940.8939339372453 
99.32800000011022	940.893299464277 
99.4280000001107	940.8926756524043 
99.52800000011118	940.892062322488 
99.62800000011165	940.891459298399 
99.72800000011213	940.8908664069672 
99.82800000011261	940.8902834779341 
99.92800000011309	940.8897103438995 
