0.001	999.9999999999274 
0.10100000000000008	999.999998838564 
0.20100000000000015	999.9999973032322 
0.3010000000000002	999.9999958611488 
0.4010000000000003	999.9999944337546 
0.5020000000000003	999.9999930171422 
0.6020000000000004	999.9999916384488 
0.7020000000000005	999.9999902827841 
0.8020000000000006	999.9999889499481 
0.9020000000000007	999.9999876394929 
1.0030000000000003	999.9999863382869 
1.1039999999999892	999.9999850591611 
1.204999999999978	999.9999838017419 
1.305999999999967	999.9999825656606 
1.4069999999999558	999.9999813505552 
1.5079999999999447	999.9999801560696 
1.6089999999999336	999.999978981854 
1.7099999999999225	999.9999778275644 
1.8109999999999113	999.9999766928628 
1.9119999999999002	999.9999755774164 
2.0129999999998893	999.9999744808996 
2.113999999999878	999.9999734029898 
2.214999999999867	999.9999723433716 
2.315999999999856	999.9999713017355 
2.416999999999845	999.9999702777749 
2.5179999999998337	999.9999692711905 
2.6189999999998226	999.9999682816879 
2.7199999999998115	999.9999673089766 
2.8209999999998003	999.9999663527722 
2.921999999999789	999.9999654127937 
3.022999999999778	999.9999644887668 
3.123999999999767	999.9999635804198 
3.224999999999756	999.9999626874877 
3.3259999999997447	999.9999618097082 
3.4269999999997336	999.9999609468244 
3.5279999999997225	999.9999600985834 
3.6289999999997113	999.9999592647368 
3.7299999999997	999.9999584450406 
3.830999999999689	999.9999576392539 
3.931999999999678	999.9999568471414 
4.031999999999681	999.9999560761152 
4.131999999999715	999.9999553180445 
4.231999999999748	999.9999545727121 
4.331999999999781	999.9999538399032 
4.431999999999815	999.9999531194077 
4.531999999999848	999.9999524110189 
4.6319999999998815	999.9999517145328 
4.731999999999915	999.9999510297504 
4.831999999999948	999.9999503564745 
4.931999999999982	999.9999496945112 
5.032000000000015	999.999949043671 
5.1320000000000485	999.9999484037668 
5.232000000000082	999.9999477746152 
5.332000000000115	999.9999471560353 
5.432000000000149	999.9999465478495 
5.532000000000182	999.999945949883 
5.6320000000002155	999.9999453619638 
5.732000000000249	999.9999447839243 
5.832000000000282	999.9999442155969 
5.932000000000316	999.9999436568195 
6.032000000000349	999.9999431074314 
6.1320000000003825	999.9999425672746 
6.232000000000416	999.9999420361939 
6.332000000000449	999.9999415140371 
6.432000000000483	999.9999410006541 
6.532000000000516	999.9999404958975 
6.6320000000005495	999.9999399996227 
6.732000000000583	999.9999395116863 
6.832000000000616	999.9999390319493 
6.93200000000065	999.999938560273 
7.032000000000683	999.9999380965224 
7.132000000000716	999.9999376405638 
7.23200000000075	999.999937192267 
7.332000000000783	999.9999367515032 
7.432000000000817	999.9999363181456 
7.53200000000085	999.9999358920695 
7.632000000000883	999.9999354731527 
7.732000000000917	999.9999350612754 
7.83200000000095	999.9999346563189 
7.932000000000984	999.9999342581663 
8.032000000000988	999.9999338667044 
8.133000000000932	999.9999334780036 
8.234000000000876	999.9999330958996 
8.33500000000082	999.9999327202795 
8.436000000000764	999.9999323510335 
8.537000000000708	999.9999319880536 
8.638000000000652	999.9999316312337 
8.739000000000596	999.9999312804686 
8.84000000000054	999.9999309356562 
8.941000000000484	999.9999305966951 
9.042000000000428	999.9999302634851 
9.143000000000372	999.9999299359301 
9.244000000000316	999.9999296139337 
9.34500000000026	999.9999292974018 
9.446000000000204	999.9999289862409 
9.547000000000148	999.9999286803602 
9.648000000000092	999.9999283796708 
9.749000000000036	999.9999280840833 
9.84999999999998	999.9999277935124 
9.950999999999924	999.999927507872 
10.051999999999868	999.9999272270794 
10.152999999999812	999.9999269510519 
10.253999999999756	999.9999266797078 
10.3549999999997	999.9999264129675 
10.455999999999644	999.9999261507544 
10.556999999999588	999.999925892991 
10.657999999999532	999.9999256396019 
10.758999999999476	999.9999253905128 
10.85999999999942	999.9999251456508 
10.960999999999364	999.9999249049439 
11.061999999999308	999.9999246683218 
11.162999999999252	999.9999244357149 
11.263999999999196	999.9999242070553 
11.36499999999914	999.9999239822761 
11.465999999999084	999.9999237613114 
11.566999999999029	999.9999235440963 
11.667999999998973	999.9999233305674 
11.768999999998917	999.9999231206622 
11.86999999999886	999.9999229143195 
11.970999999998805	999.9999227114776 
12.071999999998749	999.999922512077 
12.172999999998693	999.9999223160604 
12.273999999998637	999.9999221233705 
12.37499999999858	999.9999219339505 
12.475999999998525	999.9999217477452 
12.576999999998469	999.9999215646995 
12.677999999998413	999.9999213847603 
12.778999999998357	999.9999212078742 
12.8799999999983	999.9999210339901 
12.980999999998245	999.9999208630571 
13.081999999998189	999.9999206950247 
13.182999999998133	999.9999205298433 
13.283999999998077	999.999920367465 
13.384999999998021	999.9999202078426 
13.485999999997965	999.9999200509285 
13.586999999997909	999.9999198966776 
13.687999999997853	999.9999197450438 
13.788999999997797	999.9999195959838 
13.889999999997741	999.999919449453 
13.990999999997685	999.999919305409 
14.091999999997629	999.9999191638094 
14.192999999997573	999.999919024613 
14.293999999997517	999.9999188877796 
14.394999999997461	999.9999187532661 
14.495999999997405	999.9999186210351 
14.59699999999735	999.9999184910482 
14.697999999997293	999.9999183632677 
14.798999999997237	999.9999182376552 
14.899999999997181	999.9999181141746 
15.000999999997125	999.9999179927897 
15.10199999999707	999.9999178734645 
15.202999999997013	999.9999177561641 
15.303999999996957	999.9999176408545 
15.404999999996901	999.9999175275016 
15.505999999996845	999.999917416072 
15.60699999999679	999.9999173065332 
15.707999999996733	999.999917198854 
15.808999999996677	999.9999170930015 
15.909999999996622	999.9999169889458 
16.010999999996585	999.9999168866559 
16.110999999996707	999.9999167870886 
16.21099999999683	999.9999166891939 
16.31099999999695	999.9999165929448 
16.410999999997074	999.9999164983127 
16.510999999997196	999.9999164052708 
16.61099999999732	999.9999163137926 
16.71099999999744	999.9999162238513 
16.810999999997563	999.9999161354209 
16.910999999997685	999.9999160484768 
17.010999999997807	999.9999159629936 
17.11099999999793	999.9999158789469 
17.21099999999805	999.9999157963122 
17.310999999998174	999.9999157150661 
17.410999999998296	999.9999156351854 
17.51099999999842	999.999915556647 
17.61099999999854	999.999915479428 
17.710999999998663	999.9999154035069 
17.810999999998785	999.9999153288613 
17.910999999998907	999.99991525547 
18.01099999999903	999.999915183312 
18.11099999999915	999.999915112367 
18.210999999999274	999.9999150426145 
18.310999999999396	999.9999149740341 
18.410999999999518	999.9999149066053 
18.51099999999964	999.9999148403082 
18.610999999999763	999.9999147751251 
18.710999999999885	999.9999147110377 
18.811000000000007	999.9999146480269 
18.91100000000013	999.999914586075 
19.01100000000025	999.9999145251642 
19.111000000000374	999.999914465277 
19.211000000000496	999.9999144063959 
19.311000000000618	999.9999143485046 
19.41100000000074	999.9999142915856 
19.511000000000863	999.9999142356232 
19.611000000000985	999.9999141806011 
19.711000000001107	999.999914126504 
19.81100000000123	999.9999140733155 
19.91100000000135	999.9999140210206 
20.011000000001474	999.9999139696049 
20.111000000001596	999.9999139190531 
20.211000000001718	999.9999138693505 
20.31100000000184	999.999913820483 
20.411000000001962	999.9999137724369 
20.511000000002085	999.9999137251983 
20.611000000002207	999.9999136787529 
20.71100000000233	999.9999136330886 
20.81100000000245	999.9999135881915 
20.911000000002574	999.9999135440484 
21.011000000002696	999.9999135006469 
21.111000000002818	999.9999134579747 
21.21100000000294	999.9999134160198 
21.311000000003062	999.9999133747701 
21.411000000003185	999.9999133342134 
21.511000000003307	999.999913294338 
21.61100000000343	999.9999132551329 
21.71100000000355	999.9999132165862 
21.811000000003673	999.9999131786875 
21.911000000003796	999.9999131414257 
22.011000000003918	999.9999131047898 
22.11100000000404	999.9999130687697 
22.211000000004162	999.999913033355 
22.311000000004285	999.9999129985357 
22.411000000004407	999.9999129643012 
22.51100000000453	999.9999129306414 
22.61100000000465	999.999912897547 
22.711000000004773	999.9999128650088 
22.811000000004896	999.9999128330172 
22.911000000005018	999.9999128015633 
23.01100000000514	999.9999127706377 
23.111000000005262	999.9999127402324 
23.211000000005384	999.9999127103375 
23.311000000005507	999.9999126809452 
23.41100000000563	999.9999126520468 
23.51100000000575	999.9999126236338 
23.611000000005873	999.9999125956986 
23.711000000005996	999.9999125682325 
23.811000000006118	999.9999125412282 
23.91100000000624	999.9999125146775 
24.011000000006362	999.9999124885726 
24.111000000006484	999.9999124629065 
24.211000000006607	999.999912437672 
24.31100000000673	999.9999124128615 
24.41100000000685	999.9999123884676 
24.511000000006973	999.999912364484 
24.611000000007095	999.9999123409034 
24.711000000007218	999.9999123177191 
24.81100000000734	999.9999122949242 
24.911000000007462	999.9999122725126 
25.011000000007584	999.9999122504767 
25.111000000007706	999.9999122288114 
25.21100000000783	999.9999122075102 
25.31100000000795	999.9999121865667 
25.411000000008073	999.9999121659753 
25.511000000008195	999.9999121457301 
25.611000000008318	999.999912125825 
25.71100000000844	999.9999121062544 
25.811000000008562	999.9999120870126 
25.911000000008684	999.9999120680943 
26.011000000008806	999.9999120494936 
26.11100000000893	999.9999120312057 
26.21100000000905	999.9999120132247 
26.311000000009173	999.9999119955465 
26.411000000009295	999.999911978165 
26.511000000009417	999.9999119610757 
26.61100000000954	999.9999119442734 
26.711000000009662	999.9999119277531 
26.811000000009784	999.9999119115107 
26.911000000009906	999.9999118955413 
27.01100000001003	999.9999118798402 
27.11100000001015	999.9999118644029 
27.211000000010273	999.9999118492251 
27.311000000010395	999.9999118343023 
27.411000000010517	999.9999118196301 
27.51100000001064	999.9999118052046 
27.611000000010762	999.9999117910216 
27.711000000010884	999.9999117770769 
27.811000000011006	999.9999117633664 
27.91100000001113	999.999911749886 
28.01100000001125	999.9999117366322 
28.111000000011373	999.9999117236013 
28.211000000011495	999.9999117107891 
28.311000000011617	999.9999116981926 
28.41100000001174	999.9999116858073 
28.51100000001186	999.9999116736304 
28.611000000011984	999.9999116616583 
28.711000000012106	999.9999116498873 
28.81100000001223	999.999911638314 
28.91100000001235	999.9999116269354 
29.011000000012473	999.9999116157478 
29.111000000012595	999.9999116047481 
29.211000000012717	999.9999115939333 
29.31100000001284	999.9999115833001 
29.41100000001296	999.9999115728461 
29.511000000013084	999.9999115625675 
29.611000000013206	999.9999115524614 
29.71100000001333	999.9999115425254 
29.81100000001345	999.9999115327566 
29.911000000013573	999.9999115231514 
30.011000000013695	999.9999115137077 
30.111000000013817	999.9999115044226 
30.21100000001394	999.9999114952935 
30.31100000001406	999.9999114863178 
30.411000000014184	999.999911477493 
30.511000000014306	999.9999114688164 
30.61100000001443	999.9999114602858 
30.71100000001455	999.9999114518978 
30.811000000014673	999.9999114436515 
30.911000000014795	999.9999114355437 
31.011000000014917	999.9999114275721 
31.11100000001504	999.9999114197345 
31.21100000001516	999.9999114120284 
31.311000000015284	999.9999114044521 
31.411000000015406	999.999911397003 
31.511000000015528	999.9999113896789 
31.61100000001565	999.9999113824783 
31.711000000015773	999.9999113753986 
31.811000000015895	999.9999113684379 
31.911000000016017	999.999911361594 
32.0110000000161	999.9999113548653 
32.11200000001586	999.9999113481839 
32.213000000015626	999.9999113416161 
32.31400000001539	999.9999113351598 
32.415000000015155	999.9999113288128 
32.51600000001492	999.9999113225736 
32.617000000014684	999.9999113164406 
32.71800000001445	999.9999113104113 
32.81900000001421	999.9999113044846 
32.92000000001398	999.9999112986582 
33.02100000001374	999.9999112929306 
33.12200000001351	999.9999112873005 
33.22300000001327	999.9999112817661 
33.32400000001304	999.999911276325 
33.4250000000128	999.9999112709767 
33.526000000012566	999.9999112657191 
33.62700000001233	999.9999112605506 
33.728000000012095	999.9999112554696 
33.82900000001186	999.9999112504748 
33.930000000011624	999.9999112455652 
34.03100000001139	999.9999112407386 
34.13200000001115	999.9999112359936 
34.23300000001092	999.9999112313295 
34.33400000001068	999.9999112267445 
34.43500000001045	999.9999112222371 
34.53600000001021	999.9999112178062 
34.63700000000998	999.9999112134508 
34.73800000000974	999.9999112091688 
34.839000000009506	999.99991120496 
34.94000000000927	999.9999112008222 
35.041000000009035	999.999911196755 
35.1420000000088	999.9999111927568 
35.243000000008564	999.9999111888264 
35.34400000000833	999.9999111849628 
35.44500000000809	999.9999111811647 
35.54600000000786	999.999911177431 
35.64700000000762	999.9999111737609 
35.74800000000739	999.9999111701534 
35.84900000000715	999.9999111666067 
35.950000000006916	999.9999111631205 
36.05100000000668	999.9999111596933 
36.152000000006446	999.9999111563247 
36.25300000000621	999.9999111530129 
36.354000000005975	999.9999111497576 
36.45500000000574	999.9999111465579 
36.556000000005504	999.9999111434116 
36.65700000000527	999.9999111403192 
36.75800000000503	999.9999111372792 
36.8590000000048	999.9999111342913 
36.96000000000456	999.9999111313539 
37.06100000000433	999.9999111284666 
37.16200000000409	999.9999111256278 
37.263000000003856	999.9999111228376 
37.36400000000362	999.9999111200948 
37.465000000003386	999.9999111173986 
37.56600000000315	999.9999111147476 
37.667000000002915	999.9999111121423 
37.76800000000268	999.9999111095807 
37.869000000002444	999.9999111070631 
37.97000000000221	999.9999111045879 
38.07100000000197	999.999911102155 
38.17200000000174	999.9999110997637 
38.2730000000015	999.9999110974125 
38.37400000000127	999.9999110951017 
38.47500000000103	999.9999110928297 
38.576000000000796	999.9999110905965 
38.67700000000056	999.9999110884014 
38.778000000000326	999.9999110862432 
38.87900000000009	999.9999110841215 
38.979999999999855	999.999911082036 
39.08099999999962	999.9999110799861 
39.181999999999384	999.9999110779711 
39.28299999999915	999.9999110759903 
39.38399999999891	999.9999110740432 
39.48499999999868	999.9999110721292 
39.58599999999844	999.9999110702475 
39.68699999999821	999.999911068398 
39.78799999999797	999.9999110665798 
39.888999999997736	999.9999110647926 
39.9899999999975	999.9999110630357 
40.090999999997265	999.9999110613087 
40.19199999999703	999.9999110596103 
40.292999999996795	999.9999110579414 
40.39399999999656	999.9999110563007 
40.494999999996324	999.9999110546879 
40.59599999999609	999.9999110531021 
40.69699999999585	999.9999110515437 
40.79799999999562	999.9999110500114 
40.89899999999538	999.9999110485056 
40.99999999999515	999.9999110470253 
41.10099999999491	999.9999110455701 
41.201999999994676	999.9999110441394 
41.30299999999444	999.9999110427334 
41.403999999994205	999.9999110413514 
41.50499999999397	999.9999110399925 
41.605999999993735	999.9999110386566 
41.7069999999935	999.9999110373438 
41.807999999993264	999.9999110360532 
41.90899999999303	999.9999110347846 
42.00999999999279	999.9999110335373 
42.11099999999256	999.9999110323113 
42.21199999999232	999.9999110311059 
42.31299999999209	999.999911029921 
42.41399999999185	999.9999110287569 
42.514999999991616	999.9999110276117 
42.61599999999138	999.9999110264861 
42.716999999991145	999.9999110253798 
42.81799999999091	999.999911024292 
42.918999999990675	999.9999110232226 
43.01999999999044	999.9999110221713 
43.120999999990204	999.9999110211379 
43.22199999998997	999.9999110201226 
43.32299999998973	999.9999110191238 
43.4239999999895	999.9999110181427 
43.52499999998926	999.999911017178 
43.62599999998903	999.9999110162298 
43.72699999998879	999.9999110152979 
43.827999999988556	999.999911014382 
43.92899999998832	999.9999110134812 
44.029999999988085	999.9999110125962 
44.13099999998785	999.9999110117258 
44.231999999987615	999.9999110108702 
44.33299999998738	999.9999110100297 
44.433999999987144	999.999911009203 
44.53499999998691	999.9999110083905 
44.63599999998667	999.9999110075918 
44.73699999998644	999.999911006807 
44.8379999999862	999.999911006035 
44.93899999998597	999.9999110052767 
45.03999999998573	999.9999110045309 
45.140999999985496	999.9999110037979 
45.24199999998526	999.9999110030772 
45.342999999985025	999.9999110023685 
45.44399999998479	999.999911001672 
45.544999999984555	999.9999110009874 
45.64599999998432	999.999911000314 
45.746999999984084	999.9999109996523 
45.84799999998385	999.9999109990017 
45.94899999998361	999.9999109983622 
46.04999999998338	999.9999109977329 
46.15099999998314	999.999910997115 
46.25199999998291	999.9999109965075 
46.35299999998267	999.9999109959099 
46.453999999982436	999.9999109953225 
46.5549999999822	999.9999109947449 
46.655999999981965	999.9999109941775 
46.75699999998173	999.99991099362 
46.857999999981494	999.9999109930717 
46.95899999998126	999.9999109925326 
47.059999999981024	999.9999109920025 
47.16099999998079	999.9999109914813 
47.26199999998055	999.9999109909694 
47.36299999998032	999.9999109904661 
47.46399999998008	999.9999109899713 
47.56499999997985	999.9999109894851 
47.66599999997961	999.9999109890076 
47.766999999979376	999.9999109885381 
47.86799999997914	999.9999109880761 
47.968999999978905	999.9999109876228 
48.06999999997867	999.9999109871768 
48.170999999978434	999.999910986738 
48.2719999999782	999.9999109863076 
48.372999999977964	999.9999109858842 
48.47399999997773	999.9999109854682 
48.57499999997749	999.9999109850589 
48.67599999997726	999.9999109846564 
48.77699999997702	999.9999109842615 
48.87799999997679	999.999910983873 
48.97899999997655	999.9999109834913 
49.079999999976316	999.9999109831159 
49.18099999997608	999.9999109827472 
49.281999999975845	999.9999109823844 
49.38299999997561	999.9999109820277 
49.483999999975374	999.9999109816774 
49.58499999997514	999.9999109813325 
49.685999999974904	999.9999109809941 
49.78699999997467	999.9999109806606 
49.88799999997443	999.9999109803334 
49.9889999999742	999.9999109800107 
50.08999999997396	999.9957686285929 
50.19099999997373	999.9814679955958 
50.29199999997349	999.9571264181325 
50.392999999973256	999.9229142956755 
50.49399999997302	999.8789991266522 
50.594999999972785	999.8255455687932 
50.69599999997255	999.762715485379 
50.796999999972314	999.6906679929518 
50.89799999997208	999.6095595078999 
50.99899999997184	999.5195437922749 
51.09999999997161	999.4207719988383 
51.20099999997137	999.3133927153385 
51.30199999997114	999.1975520080399 
51.4029999999709	999.0733934645087 
51.50399999997067	998.94105823568 
51.60499999997043	998.8006850772025 
51.705999999970196	998.6524103900871 
51.80699999996996	998.4963682606659 
51.907999999969725	998.3326904998695 
52.00899999996949	998.161506681841 
52.109999999969254	997.9829441818916 
52.21099999996902	997.7971282138177 
52.31199999996878	997.6041818665775 
52.41299999996855	997.4042261403503 
52.51399999996831	997.197379981983 
52.61499999996808	996.983760319833 
52.71599999996784	996.7634820980234 
52.81699999996761	996.5366583101118 
52.91799999996737	996.3034000321934 
53.018999999967136	996.0638164554383 
53.1199999999669	995.8180149180796 
53.220999999966665	995.5661009368548 
53.32199999996643	995.3081782379171 
53.422999999966194	995.0443487872221 
53.52399999996596	994.774712820397 
53.62499999996572	994.4993688721013 
53.72599999996549	994.2184138048973 
53.82699999996525	993.9319428376183 
53.92799999996502	993.6400495732678 
54.02899999996478	993.3428260264361 
54.12999999996455	993.0403626502564 
54.23099999996431	992.7327483629024 
54.331999999964076	992.4200705736355 
54.43299999996384	992.1024152084108 
54.533999999963605	991.779866735049 
54.63499999996337	991.4525081879783 
54.735999999963134	991.120421192562 
54.8369999999629	990.783685989006 
54.93799999996266	990.4423814558678 
55.03899999996243	990.0965851331612 
55.13999999996219	989.7463732450722 
55.24099999996196	989.3918207222866 
55.34199999996172	989.0330012239417 
55.442999999961486	988.6699871592034 
55.54399999996125	988.3028497084783 
55.644999999961016	987.9316588442654 
55.74599999996078	987.5564833516521 
55.846999999960545	987.1773908484665 
55.94799999996031	986.7944478050852 
56.048999999960074	986.4077195639026 
56.14999999995984	986.0172703584753 
56.2509999999596	985.6231633323387 
56.35199999995937	985.2254605575014 
56.45299999995913	984.8242230526313 
56.5539999999589	984.4195108009302 
56.65499999995866	984.0113827677038 
56.755999999958426	983.599896917637 
56.85699999995819	983.1851102317721 
56.957999999957956	982.7670787242025 
57.05899999995772	982.345857458481 
57.159999999957485	981.9215005637506 
57.26099999995725	981.4940612505995 
57.361999999957014	981.0635918266503 
57.46299999995678	980.6301437118823 
57.56399999995654	980.1937674536952 
57.66499999995631	979.7545127417161 
57.76599999995607	979.3124284223546 
57.86699999995584	978.8675625131137 
57.9679999999556	978.4199622166552 
58.068999999955366	977.9696739346275 
58.16999999995513	977.5167432812573 
58.270999999954896	977.0612150967139 
58.37199999995466	976.6031334602433 
58.472999999954425	976.1425417030815 
58.57399999995419	975.6794824211478 
58.674999999953954	975.2139974875229 
58.77599999995372	974.7461280647144 
58.87699999995348	974.2759146167162 
58.97799999995325	973.8033969208618 
59.07899999995301	973.3286140794759 
59.17999999995278	972.8516045313313 
59.28099999995254	972.3724060629049 
59.381999999952306	971.8910558194522 
59.48299999995207	971.4075903158837 
59.583999999951835	970.922045447466 
59.6849999999516	970.4344565003331 
59.785999999951365	969.9448581618263 
59.88699999995113	969.453284530653 
59.987999999950894	968.9597691268774 
60.08899999995066	968.4683964404074 
60.18999999995042	967.9852961415393 
60.29099999995019	967.5103939021642 
60.39199999994995	967.0435505956322 
60.49299999994972	966.5846294660581 
60.59399999994948	966.1334960764599 
60.694999999949246	965.6900182714958 
60.79599999994901	965.254066138421 
60.896999999948775	964.8255119690681 
60.99799999994854	964.4042302224365 
61.098999999948305	963.9900974879138 
61.19999999994807	963.582992449126 
61.300999999947834	963.1827958483974 
61.4019999999476	962.789390451815 
61.50299999994736	962.4026610148884 
61.60399999994713	962.0224942487864 
61.70499999994689	961.6487787871523 
61.80599999994666	961.2814051534804 
61.90699999994642	960.9202657290443 
62.007999999946186	960.5652547213722 
62.10899999994595	960.2162681332557 
62.209999999945715	959.8732037322841 
62.31099999994548	959.5359610208977 
62.411999999945245	959.204441206947 
62.51299999994501	958.8785471747523 
62.613999999944774	958.5581834566555 
62.71499999994454	958.2432562050524 
62.8159999999443	957.9336731649022 
62.91699999994407	957.6293436467016 
63.01799999994383	957.3301784999175 
63.1189999999436	957.0360900868735 
63.21999999994336	956.7469922570739 
63.320999999943126	956.4628003219702 
63.42199999994289	956.1834310301485 
63.522999999942655	955.9088025429455 
63.62399999994242	955.6388344104724 
63.724999999942185	955.3734475480484 
63.82599999994195	955.1125642130344 
63.926999999941714	954.8561079820568 
64.02799999994167	954.6040037286228 
64.12799999994215	954.3586105930656 
64.22799999994263	954.1173408162349 
64.3279999999431	953.8801251130344 
64.42799999994358	953.6468953625688 
64.52799999994406	953.4175845885844 
64.62799999994454	953.1921269402346 
64.72799999994501	952.9704576731682 
64.82799999994549	952.7525131309384 
64.92799999994597	952.5382307267228 
65.02799999994645	952.3275489253494 
65.12799999994692	952.120407225627 
65.2279999999474	951.9167461429696 
65.32799999994788	951.7165071923145 
65.42799999994836	951.5196328713291 
65.52799999994883	951.3260666438957 
65.62799999994931	951.135752923878 
65.72799999994979	950.9486370591567 
65.82799999995026	950.7646653159361 
65.92799999995074	950.5837848633145 
66.02799999995122	950.4059437581096 
66.1279999999517	950.2310909299465 
66.22799999995217	950.0591761665884 
66.32799999995265	949.8901500995179 
66.42799999995313	949.723964189761 
66.52799999995361	949.5605707139474 
66.62799999995408	949.3999227506071 
66.72799999995456	949.2419741666929 
66.82799999995504	949.0866796043364 
66.92799999995552	948.93399446782 
67.027999999956	948.7838749107713 
67.12799999995647	948.6362778235721 
67.22799999995695	948.4911608209767 
67.32799999995743	948.3484822299439 
67.4279999999579	948.2082010776661 
67.52799999995838	948.0702770798058 
67.62799999995886	947.9346706289256 
67.72799999995934	947.801342783114 
67.82799999995981	947.6702552548049 
67.92799999996029	947.5413703997801 
68.02799999996077	947.41465120636 
68.12799999996125	947.2900612847749 
68.22799999996172	947.1675648567144 
68.3279999999622	947.0471267450554 
68.42799999996268	946.9287123637572 
68.52799999996316	946.8122877079312 
68.62799999996363	946.6978193440749 
68.72799999996411	946.5852744004729 
68.82799999996459	946.4746205577534 
68.92799999996507	946.3658260396112 
69.02799999996554	946.25885960368 
69.12799999996602	946.1536905325611 
69.2279999999665	946.0502886250031 
69.32799999996698	945.9486241872274 
69.42799999996745	945.8486680244032 
69.52799999996793	945.750391432262 
69.62799999996841	945.653766188855 
69.72799999996889	945.5587645464491 
69.82799999996936	945.4653592235592 
69.92799999996984	945.3735233971116 
70.02799999997032	945.2832306947433 
70.1279999999708	945.1944551872281 
70.22799999997127	945.1071713810309 
70.32799999997175	945.0213542109849 
70.42799999997223	944.9369790330967 
70.5279999999727	944.8540216174671 
70.62799999997318	944.7724581413332 
70.72799999997366	944.6922651822287 
70.82799999997414	944.6134197112555 
70.92799999997462	944.5358990864727 
71.0279999999751	944.4596810463933 
71.12799999997557	944.3847437035914 
71.22799999997605	944.311065538418 
71.32799999997653	944.2386253928191 
71.427999999977	944.1674024642623 
71.52799999997748	944.0973762997605 
71.62799999997796	944.02852679 
71.72799999997844	943.9608341635657 
71.82799999997891	943.8942789812634 
71.92799999997939	943.8288421305353 
72.02799999997987	943.7645048199756 
72.12799999998035	943.7012485739305 
72.22799999998082	943.639055227194 
72.3279999999813	943.5779069197916 
72.42799999998178	943.5177860918516 
72.52799999998226	943.4586754785614 
72.62799999998273	943.400558105211 
72.72799999998321	943.3434172823169 
72.82799999998369	943.2872366008311 
72.92799999998417	943.2319999274274 
73.02799999998464	943.1776913998694 
73.12799999998512	943.1242954224551 
73.2279999999856	943.0717966615375 
73.32799999998608	943.0201800411223 
73.42799999998655	942.9694307385391 
73.52799999998703	942.919534180183 
73.62799999998751	942.8704760373301 
73.72799999998799	942.822242222024 
73.82799999998846	942.7748188830294 
73.92799999998894	942.7281924018532 
74.02799999998942	942.6823493888356 
74.1279999999899	942.6372766793041 
74.22799999999037	942.5929613297931 
74.32799999999085	942.5493906143271 
74.42799999999133	942.5065520207659 
74.5279999999918	942.4644332472119 
74.62799999999228	942.423022198477 
74.72799999999276	942.3823069826097 
74.82799999999324	942.3422759074795 
74.92799999999372	942.3029174774194 
75.0279999999942	942.2642203899267 
75.12799999999467	942.2261735324123 
75.22799999999515	942.1887659790157 
75.32799999999563	942.1519869874628 
75.4279999999961	942.1158259959835 
75.52799999999658	942.080272620277 
75.62799999999706	942.0453166505317 
75.72799999999754	942.0109480484919 
75.82799999999801	941.9771569445747 
75.92799999999849	941.943933635037 
76.02799999999897	941.9112685791895 
76.12799999999945	941.8791523966534 
76.22799999999992	941.8475758646715 
76.3280000000004	941.8165299154558 
76.42800000000088	941.7860056335863 
76.52800000000136	941.7559942534475 
76.62800000000183	941.7264871567144 
76.72800000000231	941.6974758698766 
76.82800000000279	941.6689520618046 
76.92800000000327	941.6409075413565 
77.02800000000374	941.6133342550272 
77.12800000000422	941.5862242846365 
77.2280000000047	941.5595698450524 
77.32800000000518	941.5333632819577 
77.42800000000565	941.5075970696508 
77.52800000000613	941.4822638088862 
77.62800000000661	941.4573562247467 
77.72800000000709	941.4328671645573 
77.82800000000756	941.4087895958294 
77.92800000000804	941.3851166042424 
78.02800000000852	941.3618413916571 
78.128000000009	941.3389572741635 
78.22800000000947	941.3164576801627 
78.32800000000995	941.2943361484786 
78.42800000001043	941.2725863265023 
78.5280000000109	941.2512019683683 
78.62800000001138	941.2301769331616 
78.72800000001186	941.2095051831526 
78.82800000001234	941.1891807820639 
78.92800000001282	941.1691978933669 
79.0280000000133	941.149550778604 
79.12800000001377	941.1302337957411 
79.22800000001425	941.1112413975478 
79.32800000001473	941.0925681300045 
79.4280000000152	941.0742086307356 
79.52800000001568	941.0561576274696 
79.62800000001616	941.0384099365263 
79.72800000001664	941.0209604613261 
79.82800000001711	941.0038041909285 
79.92800000001759	940.9869361985917 
80.02800000001807	940.9703516403588 
80.12800000001855	940.9540457536652 
80.22800000001902	940.9380138559734 
80.3280000000195	940.9222513434257 
80.42800000001998	940.9067536895246 
80.52800000002046	940.8915164438304 
80.62800000002093	940.8765352306852 
80.72800000002141	940.8618057479554 
80.82800000002189	940.8473237657963 
80.92800000002237	940.8330851254384 
81.02800000002284	940.8190857379906 
81.12800000002332	940.8053215832703 
81.2280000000238	940.7917887086438 
81.32800000002428	940.7784832278953 
81.42800000002475	940.7654013201086 
81.52800000002523	940.7525392285713 
81.62800000002571	940.7398932596946 
81.72800000002619	940.7274597819537 
81.82800000002666	940.7152352248447 
81.92800000002714	940.7032160778595 
82.02800000002762	940.6913988894759 
82.1280000000281	940.6797802661698 
82.22800000002857	940.6683568714366 
82.32800000002905	940.6571254248372 
82.42800000002953	940.6460827010528 
82.52800000003	940.6352255289605 
82.62800000003048	940.6245507907212 
82.72800000003096	940.614055420886 
82.82800000003144	940.6037364055145 
82.92800000003191	940.5935907813094 
83.02800000003239	940.5836156347668 
83.12800000003287	940.5738081013379 
83.22800000003335	940.5641653646076 
83.32800000003382	940.554684655485 
83.4280000000343	940.5453632514079 
83.52800000003478	940.5361984755626 
83.62800000003526	940.527187696113 
83.72800000003573	940.5183283254469 
83.82800000003621	940.5096178194309 
83.92800000003669	940.501053676682 
84.02800000003717	940.4926334378472 
84.12800000003764	940.4843546848988 
84.22800000003812	940.4762150404391 
84.3280000000386	940.4682121670179 
84.42800000003908	940.4603437664613 
84.52800000003955	940.4526075792126 
84.62800000004003	940.4450013836815 
84.72800000004051	940.437522995608 
84.82800000004099	940.4301702674335 
84.92800000004146	940.4229410876861 
85.02800000004194	940.4158333803725 
85.12800000004242	940.4088451043825 
85.2280000000429	940.4019742529033 
85.32800000004337	940.3952188528416 
85.42800000004385	940.3885769642588 
85.52800000004433	940.3820466798136 
85.6280000000448	940.3756261242136 
85.72800000004528	940.3693134536766 
85.82800000004576	940.3631068554026 
85.92800000004624	940.3570045470516 
86.02800000004672	940.3510047762317 
86.1280000000472	940.345105819998 
86.22800000004767	940.3393059843552 
86.32800000004815	940.3336036037734 
86.42800000004863	940.3279970407078 
86.5280000000491	940.3224846851297 
86.62800000004958	940.3170649540634 
86.72800000005006	940.3117362911332 
86.82800000005054	940.306497166114 
86.92800000005101	940.3013460744942 
87.02800000005149	940.2962815370424 
87.12800000005197	940.2913020993817 
87.22800000005245	940.2864063315749 
87.32800000005292	940.2815928277112 
87.4280000000534	940.2768602055029 
87.52800000005388	940.2722071058909 
87.62800000005436	940.2676321926498 
87.72800000005483	940.2631341520096 
87.82800000005531	940.2587116922738 
87.92800000005579	940.2543635434508 
88.02800000005627	940.2500884568893 
88.12800000005674	940.2458852049185 
88.22800000005722	940.2417525804963 
88.3280000000577	940.2376893968634 
88.42800000005818	940.2336944872012 
88.52800000005865	940.2297667042973 
88.62800000005913	940.225904920215 
88.72800000005961	940.2221080259717 
88.82800000006009	940.2183749312192 
88.92800000006056	940.2147045639298 
89.02800000006104	940.2110958700889 
89.12800000006152	940.2075478133935 
89.228000000062	940.2040593749531 
89.32800000006247	940.2006295529976 
89.42800000006295	940.1972573625907 
89.52800000006343	940.1939418353445 
89.6280000000639	940.190682019144 
89.72800000006438	940.1874769778727 
89.82800000006486	940.1843257911438 
89.92800000006534	940.1812275540341 
90.02800000006582	940.1781813768285 
90.1280000000663	940.1751863847603 
90.22800000006677	940.172241717762 
90.32800000006725	940.1693465302177 
90.42800000006773	940.1664999907205 
90.5280000000682	940.1637012818336 
90.62800000006868	940.1609495998562 
90.72800000006916	940.1582441545913 
90.82800000006964	940.1555841691204 
90.92800000007011	940.1529688795788 
91.02800000007059	940.1503975349378 
91.12800000007107	940.1478693967885 
91.22800000007155	940.1453837391283 
91.32800000007202	940.1429398481546 
91.4280000000725	940.1405370220592 
91.52800000007298	940.1381745708256 
91.62800000007346	940.135851816032 
91.72800000007393	940.1335680906564 
91.82800000007441	940.1313227388844 
91.92800000007489	940.1291151159218 
92.02800000007537	940.1269445878086 
92.12800000007584	940.1248105312375 
92.22800000007632	940.1227123333744 
92.3280000000768	940.1206493916823 
92.42800000007728	940.1186211137504 
92.52800000007775	940.1166269171196 
92.62800000007823	940.1146662291204 
92.72800000007871	940.1127384867045 
92.82800000007919	940.1108431362848 
92.92800000007966	940.1089796335756 
93.02800000008014	940.1071474434387 
93.12800000008062	940.1053460397264 
93.2280000000811	940.1035749051314 
93.32800000008157	940.1018335310399 
93.42800000008205	940.1001214173846 
93.52800000008253	940.0984380724992 
93.628000000083	940.0967830129806 
93.72800000008348	940.0951557635482 
93.82800000008396	940.0935558569056 
93.92800000008444	940.091982833611 
94.02800000008492	940.0904362419417 
94.1280000000854	940.0889156377641 
94.22800000008587	940.0874205844099 
94.32800000008635	940.0859506525459 
94.42800000008683	940.0845054200547 
94.5280000000873	940.0830844719096 
94.62800000008778	940.0816874000599 
94.72800000008826	940.0803138033101 
94.82800000008874	940.0789632872068 
94.92800000008921	940.0776354639233 
95.02800000008969	940.0763299521518 
95.12800000009017	940.0750463769896 
95.22800000009065	940.0737843698341 
95.32800000009112	940.072543568277 
95.4280000000916	940.0713236159984 
95.52800000009208	940.0701241626671 
95.62800000009256	940.0689448638374 
95.72800000009303	940.0677853808523 
95.82800000009351	940.0666453807437 
95.92800000009399	940.0655245361398 
96.02800000009447	940.0644225251699 
96.12800000009494	940.0633390313701 
96.22800000009542	940.0622737435955 
96.3280000000959	940.0612263559287 
96.42800000009638	940.0601965675941 
96.52800000009685	940.0591840828671 
96.62800000009733	940.058188610995 
96.72800000009781	940.0572098661094 
96.82800000009829	940.056247567145 
96.92800000009876	940.0553014377602 
97.02800000009924	940.0543712062569 
97.12800000009972	940.0534566055007 
97.2280000001002	940.0525573728481 
97.32800000010067	940.0516732500666 
97.42800000010115	940.0508039832652 
97.52800000010163	940.0499493228167 
97.6280000001021	940.04910902329 
97.72800000010258	940.0482828433775 
97.82800000010306	940.0474705458261 
97.92800000010354	940.0466718973695 
98.02800000010402	940.0458866686618 
98.12800000010449	940.0451146342087 
98.22800000010497	940.044355572307 
98.32800000010545	940.0436092649774 
98.42800000010592	940.0428754979042 
98.5280000001064	940.042154060373 
98.62800000010688	940.041444745209 
98.72800000010736	940.0407473487192 
98.82800000010783	940.0400616706335 
98.92800000010831	940.0393875140467 
99.02800000010879	940.0387246853618 
99.12800000010927	940.038072994236 
99.22800000010974	940.0374322535235 
99.32800000011022	940.0368022792238 
99.4280000001107	940.0361828904283 
99.52800000011118	940.0355739092677 
99.62800000011165	940.0349751608618 
99.72800000011213	940.0343864732688 
99.82800000011261	940.0338076774365 
99.92800000011309	940.033238607153 
