0.001	999.3679472510597 
0.10100000000000008	999.3679818927087 
0.20100000000000015	999.3679666044778 
0.3010000000000002	999.3679695149114 
0.4010000000000003	999.3679668503278 
0.5020000000000003	999.367965771085 
0.6020000000000004	999.3679643127936 
0.7020000000000005	999.3679629824559 
0.8020000000000006	999.3679616495251 
0.9020000000000007	999.3679603447954 
1.0030000000000003	999.3679590479586 
1.1039999999999892	999.3679577734064 
1.204999999999978	999.367956520428 
1.305999999999967	999.3679552887229 
1.4069999999999558	999.3679540779168 
1.5079999999999447	999.3679528876579 
1.6089999999999336	999.3679517175979 
1.7099999999999225	999.3679505673929 
1.8109999999999113	999.3679494367067 
1.9119999999999002	999.3679483252077 
2.0129999999998893	999.367947232571 
2.113999999999878	999.3679461584758 
2.214999999999867	999.3679451026075 
2.315999999999856	999.367944064657 
2.416999999999845	999.36794304432 
2.5179999999998337	999.3679420412982 
2.6189999999998226	999.3679410552965 
2.7199999999998115	999.3679400860278 
2.8209999999998003	999.3679391332066 
2.921999999999789	999.3679381965552 
3.022999999999778	999.3679372757977 
3.123999999999767	999.3679363706657 
3.224999999999756	999.3679354808933 
3.3259999999997447	999.3679346062199 
3.4269999999997336	999.3679337463894 
3.5279999999997225	999.3679329011503 
3.6289999999997113	999.3679320702545 
3.7299999999997	999.3679312534588 
3.830999999999689	999.3679304505241 
3.931999999999678	999.3679296612144 
4.031999999999681	999.3679288929166 
4.131999999999715	999.3679281375285 
4.231999999999748	999.3679273948335 
4.331999999999781	999.3679266646183 
4.431999999999815	999.3679259466719 
4.531999999999848	999.36792524079 
4.6319999999998815	999.3679245467691 
4.731999999999915	999.3679238644098 
4.831999999999948	999.3679231935159 
4.931999999999982	999.3679225338957 
5.032000000000015	999.3679218853582 
5.1320000000000485	999.3679212477185 
5.232000000000082	999.3679206207935 
5.332000000000115	999.3679200044027 
5.432000000000149	999.3679193983687 
5.532000000000182	999.3679188025188 
5.6320000000002155	999.3679182166799 
5.732000000000249	999.3679176406857 
5.832000000000282	999.3679170743699 
5.932000000000316	999.3679165175695 
6.032000000000349	999.3679159701258 
6.1320000000003825	999.3679154318802 
6.232000000000416	999.3679149026794 
6.332000000000449	999.3679143823698 
6.432000000000483	999.3679138708036 
6.532000000000516	999.3679133678334 
6.6320000000005495	999.3679128733146 
6.732000000000583	999.3679123871052 
6.832000000000616	999.3679119090658 
6.93200000000065	999.3679114390578 
7.032000000000683	999.3679109769492 
7.132000000000716	999.3679105226038 
7.23200000000075	999.3679100758935 
7.332000000000783	999.3679096366893 
7.432000000000817	999.3679092048654 
7.53200000000085	999.3679087802968 
7.632000000000883	999.3679083628629 
7.732000000000917	999.3679079524431 
7.83200000000095	999.3679075489192 
7.932000000000984	999.367907152176 
8.032000000000988	999.3679067620988 
8.133000000000932	999.3679063747742 
8.234000000000876	999.367905994022 
8.33500000000082	999.3679056197309 
8.436000000000764	999.3679052517921 
8.537000000000708	999.3679048900965 
8.638000000000652	999.3679045345392 
8.739000000000596	999.3679041850155 
8.84000000000054	999.3679038414232 
8.941000000000484	999.3679035036613 
9.042000000000428	999.367903171631 
9.143000000000372	999.3679028452351 
9.244000000000316	999.3679025243779 
9.34500000000026	999.367902208966 
9.446000000000204	999.3679018989063 
9.547000000000148	999.3679015941083 
9.648000000000092	999.3679012944829 
9.749000000000036	999.3679009999412 
9.84999999999998	999.3679007103988 
9.950999999999924	999.3679004257693 
10.051999999999868	999.3679001459701 
10.152999999999812	999.3678998709197 
10.253999999999756	999.3678996005349 
10.3549999999997	999.3678993347394 
10.455999999999644	999.3678990734537 
10.556999999999588	999.367898816603 
10.657999999999532	999.3678985641103 
10.758999999999476	999.3678983159027 
10.85999999999942	999.3678980719071 
10.960999999999364	999.3678978320521 
11.061999999999308	999.3678975962672 
11.162999999999252	999.3678973644834 
11.263999999999196	999.3678971366331 
11.36499999999914	999.3678969126495 
11.465999999999084	999.3678966924665 
11.566999999999029	999.3678964760203 
11.667999999998973	999.3678962632471 
11.768999999998917	999.3678960540848 
11.86999999999886	999.3678958484719 
11.970999999998805	999.3678956463476 
12.071999999998749	999.3678954476528 
12.172999999998693	999.3678952523302 
12.273999999998637	999.367895060322 
12.37499999999858	999.3678948715725 
12.475999999998525	999.3678946860258 
12.576999999998469	999.3678945036282 
12.677999999998413	999.3678943243254 
12.778999999998357	999.3678941480654 
12.8799999999983	999.3678939747967 
12.980999999998245	999.3678938044685 
13.081999999998189	999.3678936370306 
13.182999999998133	999.3678934724337 
13.283999999998077	999.3678933106303 
13.384999999998021	999.3678931515725 
13.485999999997965	999.3678929952141 
13.586999999997909	999.3678928415087 
13.687999999997853	999.3678926904118 
13.788999999997797	999.367892541879 
13.889999999997741	999.367892395867 
13.990999999997685	999.3678922523325 
14.091999999997629	999.3678921112341 
14.192999999997573	999.3678919725303 
14.293999999997517	999.3678918361817 
14.394999999997461	999.3678917021433 
14.495999999997405	999.3678915703807 
14.59699999999735	999.3678914408537 
14.697999999997293	999.3678913135253 
14.798999999997237	999.3678911883574 
14.899999999997181	999.3678910653138 
15.000999999997125	999.3678909443582 
15.10199999999707	999.3678908254552 
15.202999999997013	999.36789070857 
15.303999999996957	999.3678905936683 
15.404999999996901	999.3678904807165 
15.505999999996845	999.3678903696815 
15.60699999999679	999.3678902605304 
15.707999999996733	999.3678901532319 
15.808999999996677	999.3678900477543 
15.909999999996622	999.3678899440666 
16.010999999996585	999.3678898421387 
16.110999999996707	999.3678897429241 
16.21099999999683	999.3678896453756 
16.31099999999695	999.367889549467 
16.410999999997074	999.36788945517 
16.510999999997196	999.3678893624572 
16.61099999999732	999.3678892713026 
16.71099999999744	999.3678891816795 
16.810999999997563	999.3678890935624 
16.910999999997685	999.3678890069257 
17.010999999997807	999.3678889217451 
17.11099999999793	999.3678888379958 
17.21099999999805	999.3678887556536 
17.310999999998174	999.367888674695 
17.410999999998296	999.3678885950968 
17.51099999999842	999.3678885168363 
17.61099999999854	999.3678884398907 
17.710999999998663	999.3678883642381 
17.810999999998785	999.3678882898568 
17.910999999998907	999.3678882167253 
18.01099999999903	999.3678881448227 
18.11099999999915	999.3678880741286 
18.210999999999274	999.3678880046228 
18.310999999999396	999.3678879362853 
18.410999999999518	999.3678878690948 
18.51099999999964	999.3678878030329 
18.610999999999763	999.3678877380805 
18.710999999999885	999.3678876742193 
18.811000000000007	999.3678876114319 
18.91100000000013	999.3678875496992 
19.01100000000025	999.3678874890037 
19.111000000000374	999.3678874293283 
19.211000000000496	999.3678873706558 
19.311000000000618	999.3678873129692 
19.41100000000074	999.3678872562518 
19.511000000000863	999.3678872004873 
19.611000000000985	999.3678871456602 
19.711000000001107	999.3678870917544 
19.81100000000123	999.3678870387541 
19.91100000000135	999.3678869866445 
20.011000000001474	999.3678869354105 
20.111000000001596	999.3678868850375 
20.211000000001718	999.3678868355112 
20.31100000000184	999.3678867868165 
20.411000000001962	999.3678867389403 
20.511000000002085	999.3678866918685 
20.611000000002207	999.3678866455879 
20.71100000000233	999.3678866000852 
20.81100000000245	999.3678865553466 
20.911000000002574	999.36788651136 
21.011000000002696	999.367886468112 
21.111000000002818	999.367886425591 
21.21100000000294	999.3678863837845 
21.311000000003062	999.3678863426807 
21.411000000003185	999.3678863022676 
21.511000000003307	999.3678862625334 
21.61100000000343	999.3678862234666 
21.71100000000355	999.3678861850567 
21.811000000003673	999.367886147292 
21.911000000003796	999.3678861101621 
22.011000000003918	999.367886073656 
22.11100000000404	999.3678860377632 
22.211000000004162	999.3678860024737 
22.311000000004285	999.3678859677775 
22.411000000004407	999.3678859336644 
22.51100000000453	999.3678859001232 
22.61100000000465	999.3678858671465 
22.711000000004773	999.3678858347231 
22.811000000004896	999.367885802845 
22.911000000005018	999.3678857715025 
23.01100000000514	999.3678857406863 
23.111000000005262	999.3678857103884 
23.211000000005384	999.3678856805994 
23.311000000005507	999.367885651311 
23.41100000000563	999.3678856225149 
23.51100000000575	999.3678855942026 
23.611000000005873	999.367885566366 
23.711000000005996	999.3678855389973 
23.811000000006118	999.3678855120885 
23.91100000000624	999.3678854856315 
24.011000000006362	999.3678854596193 
24.111000000006484	999.3678854340441 
24.211000000006607	999.3678854088986 
24.31100000000673	999.367885384176 
24.41100000000685	999.3678853598686 
24.511000000006973	999.3678853359696 
24.611000000007095	999.3678853124724 
24.711000000007218	999.3678852893702 
24.81100000000734	999.3678852666562 
24.911000000007462	999.3678852443237 
25.011000000007584	999.3678852223659 
25.111000000007706	999.3678852007772 
25.21100000000783	999.3678851795513 
25.31100000000795	999.3678851586822 
25.411000000008073	999.3678851381637 
25.511000000008195	999.3678851179899 
25.611000000008318	999.3678850981552 
25.71100000000844	999.3678850786539 
25.811000000008562	999.3678850594802 
25.911000000008684	999.3678850406286 
26.011000000008806	999.367885022094 
26.11100000000893	999.3678850038706 
26.21100000000905	999.3678849859537 
26.311000000009173	999.3678849683376 
26.411000000009295	999.3678849510178 
26.511000000009417	999.3678849339891 
26.61100000000954	999.3678849172462 
26.711000000009662	999.3678849007845 
26.811000000009784	999.3678848845994 
26.911000000009906	999.3678848686865 
27.01100000001003	999.3678848530408 
27.11100000001015	999.3678848376582 
27.211000000010273	999.367884822534 
27.311000000010395	999.367884807664 
27.411000000010517	999.3678847930439 
27.51100000001064	999.3678847786693 
27.611000000010762	999.3678847645365 
27.711000000010884	999.3678847506413 
27.811000000011006	999.3678847369794 
27.91100000001113	999.3678847235467 
28.01100000001125	999.36788471034 
28.111000000011373	999.367884697355 
28.211000000011495	999.3678846845883 
28.311000000011617	999.3678846720361 
28.41100000001174	999.3678846596948 
28.51100000001186	999.367884647561 
28.611000000011984	999.3678846356311 
28.711000000012106	999.3678846239018 
28.81100000001223	999.3678846123696 
28.91100000001235	999.3678846010313 
29.011000000012473	999.367884589883 
29.111000000012595	999.3678845789224 
29.211000000012717	999.3678845681459 
29.31100000001284	999.3678845575505 
29.41100000001296	999.3678845471333 
29.511000000013084	999.367884536891 
29.611000000013206	999.3678845268207 
29.71100000001333	999.3678845169198 
29.81100000001345	999.3678845071855 
29.911000000013573	999.3678844976145 
30.011000000013695	999.3678844882041 
30.111000000013817	999.367884478952 
30.21100000001394	999.3678844698552 
30.31100000001406	999.3678844609112 
30.411000000014184	999.3678844521176 
30.511000000014306	999.3678844434718 
30.61100000001443	999.3678844349711 
30.71100000001455	999.3678844266132 
30.811000000014673	999.3678844183959 
30.911000000014795	999.3678844103166 
31.011000000014917	999.3678844023733 
31.11100000001504	999.3678843945634 
31.21100000001516	999.3678843868846 
31.311000000015284	999.367884379335 
31.411000000015406	999.3678843719124 
31.511000000015528	999.3678843646143 
31.61100000001565	999.367884357439 
31.711000000015773	999.3678843503843 
31.811000000015895	999.3678843434482 
31.911000000016017	999.3678843366287 
32.0110000000161	999.3678843299239 
32.11200000001586	999.3678843232661 
32.213000000015626	999.3678843167215 
32.31400000001539	999.3678843102879 
32.415000000015155	999.3678843039635 
32.51600000001492	999.3678842977465 
32.617000000014684	999.3678842916349 
32.71800000001445	999.3678842856272 
32.81900000001421	999.3678842797214 
32.92000000001398	999.3678842739155 
33.02100000001374	999.3678842682085 
33.12200000001351	999.3678842625981 
33.22300000001327	999.3678842570831 
33.32400000001304	999.3678842516616 
33.4250000000128	999.3678842463321 
33.526000000012566	999.3678842410928 
33.62700000001233	999.3678842359426 
33.728000000012095	999.36788423088 
33.82900000001186	999.367884225903 
33.930000000011624	999.3678842210104 
34.03100000001139	999.367884216201 
34.13200000001115	999.3678842114731 
34.23300000001092	999.3678842068254 
34.33400000001068	999.3678842022564 
34.43500000001045	999.3678841977651 
34.53600000001021	999.36788419335 
34.63700000000998	999.3678841890097 
34.73800000000974	999.367884184743 
34.839000000009506	999.367884180549 
34.94000000000927	999.3678841764261 
35.041000000009035	999.3678841723731 
35.1420000000088	999.3678841683891 
35.243000000008564	999.3678841644726 
35.34400000000833	999.3678841606225 
35.44500000000809	999.3678841568379 
35.54600000000786	999.3678841531178 
35.64700000000762	999.3678841494605 
35.74800000000739	999.3678841458652 
35.84900000000715	999.3678841423316 
35.950000000006916	999.3678841388576 
36.05100000000668	999.3678841354428 
36.152000000006446	999.3678841320858 
36.25300000000621	999.3678841287858 
36.354000000005975	999.367884125542 
36.45500000000574	999.367884122353 
36.556000000005504	999.3678841192183 
36.65700000000527	999.3678841161372 
36.75800000000503	999.3678841131077 
36.8590000000048	999.3678841101305 
36.96000000000456	999.3678841072033 
37.06100000000433	999.3678841043259 
37.16200000000409	999.3678841014975 
37.263000000003856	999.3678840987171 
37.36400000000362	999.367884095984 
37.465000000003386	999.3678840932972 
37.56600000000315	999.3678840906558 
37.667000000002915	999.3678840880594 
37.76800000000268	999.3678840855072 
37.869000000002444	999.3678840829982 
37.97000000000221	999.3678840805323 
38.07100000000197	999.3678840781079 
38.17200000000174	999.3678840757246 
38.2730000000015	999.3678840733822 
38.37400000000127	999.3678840710793 
38.47500000000103	999.3678840688152 
38.576000000000796	999.3678840665904 
38.67700000000056	999.3678840644026 
38.778000000000326	999.3678840622522 
38.87900000000009	999.3678840601378 
38.979999999999855	999.3678840580599 
39.08099999999962	999.3678840560173 
39.181999999999384	999.3678840540093 
39.28299999999915	999.3678840520355 
39.38399999999891	999.3678840500951 
39.48499999999868	999.367884048188 
39.58599999999844	999.3678840463133 
39.68699999999821	999.3678840444703 
39.78799999999797	999.3678840426581 
39.888999999997736	999.3678840408776 
39.9899999999975	999.3678840391268 
40.090999999997265	999.3678840374055 
40.19199999999703	999.3678840357139 
40.292999999996795	999.3678840340505 
40.39399999999656	999.3678840324158 
40.494999999996324	999.3678840308086 
40.59599999999609	999.3678840292283 
40.69699999999585	999.3678840276755 
40.79799999999562	999.367884026149 
40.89899999999538	999.3678840246477 
40.99999999999515	999.3678840231726 
41.10099999999491	999.367884021723 
41.201999999994676	999.3678840202978 
41.30299999999444	999.3678840188966 
41.403999999994205	999.3678840175195 
41.50499999999397	999.3678840161651 
41.605999999993735	999.3678840148345 
41.7069999999935	999.3678840135261 
41.807999999993264	999.36788401224 
41.90899999999303	999.367884010976 
42.00999999999279	999.3678840097324 
42.11099999999256	999.3678840085106 
42.21199999999232	999.3678840073098 
42.31299999999209	999.3678840061299 
42.41399999999185	999.3678840049687 
42.514999999991616	999.3678840038278 
42.61599999999138	999.3678840027063 
42.716999999991145	999.3678840016041 
42.81799999999091	999.3678840005194 
42.918999999990675	999.367883999455 
43.01999999999044	999.3678839984066 
43.120999999990204	999.3678839973776 
43.22199999998997	999.3678839963649 
43.32299999998973	999.3678839953707 
43.4239999999895	999.3678839943921 
43.52499999998926	999.3678839934317 
43.62599999998903	999.3678839924862 
43.72699999998879	999.367883991558 
43.827999999988556	999.3678839906452 
43.92899999998832	999.3678839897468 
44.029999999988085	999.367883988866 
44.13099999998785	999.3678839879988 
44.231999999987615	999.3678839871457 
44.33299999998738	999.3678839863081 
44.433999999987144	999.3678839854849 
44.53499999998691	999.3678839846754 
44.63599999998667	999.3678839838793 
44.73699999998644	999.3678839830964 
44.8379999999862	999.3678839823274 
44.93899999998597	999.3678839815722 
45.03999999998573	999.3678839808289 
45.140999999985496	999.3678839800988 
45.24199999998526	999.3678839793806 
45.342999999985025	999.3678839786747 
45.44399999998479	999.3678839779805 
45.544999999984555	999.3678839772984 
45.64599999998432	999.3678839766275 
45.746999999984084	999.3678839759681 
45.84799999998385	999.3678839753195 
45.94899999998361	999.3678839746824 
46.04999999998338	999.3678839740554 
46.15099999998314	999.3678839734395 
46.25199999998291	999.3678839728336 
46.35299999998267	999.3678839722379 
46.453999999982436	999.3678839716523 
46.5549999999822	999.3678839710776 
46.655999999981965	999.3678839705126 
46.75699999998173	999.367883969957 
46.857999999981494	999.3678839694102 
46.95899999998126	999.3678839688723 
47.059999999981024	999.3678839683441 
47.16099999998079	999.3678839678261 
47.26199999998055	999.3678839673161 
47.36299999998032	999.3678839668138 
47.46399999998008	999.36788396632 
47.56499999997985	999.3678839658371 
47.66599999997961	999.3678839653612 
47.766999999979376	999.3678839648918 
47.86799999997914	999.3678839644325 
47.968999999978905	999.3678839639812 
48.06999999997867	999.3678839635357 
48.170999999978434	999.3678839630994 
48.2719999999782	999.3678839626707 
48.372999999977964	999.3678839622473 
48.47399999997773	999.367883961834 
48.57499999997749	999.3678839614264 
48.67599999997726	999.3678839610245 
48.77699999997702	999.3678839606322 
48.87799999997679	999.3678839602431 
48.97899999997655	999.3678839598642 
49.079999999976316	999.3678839594899 
49.18099999997608	999.3678839591224 
49.281999999975845	999.3678839587615 
49.38299999997561	999.3678839584055 
49.483999999975374	999.3678839580571 
49.58499999997514	999.3678839577124 
49.685999999974904	999.3678839573761 
49.78699999997467	999.3678839570429 
49.88799999997443	999.3678839567176 
49.9889999999742	999.3678839563956 
50.08999999997396	999.3637413570005 
50.19099999997373	999.3494746370072 
50.29199999997349	999.3252024658328 
50.392999999973256	999.2910947932701 
50.49399999997302	999.2473183617793 
50.594999999972785	999.1940373112924 
50.69599999997255	999.1314129118548 
50.796999999972314	999.0596037226691 
50.89799999997208	998.9787656051158 
50.99899999997184	998.8890517774867 
51.09999999997161	998.7906128575664 
51.20099999997137	998.6835969073092 
51.30199999997114	998.5681494760822 
51.4029999999709	998.4444136433347 
51.50399999997067	998.312530060502 
51.60499999997043	998.1726369922136 
51.705999999970196	998.0248703567911 
51.80699999996996	997.8693637660692 
51.907999999969725	997.7062485645334 
52.00899999996949	997.5356538677961 
52.109999999969254	997.3577066004203 
52.21099999996902	997.1725315331021 
52.31199999996878	996.9802513192191 
52.41299999996855	996.7809865307621 
52.51399999996831	996.574855693655 
52.61499999996808	996.361975322476 
52.71599999996784	996.1424599545887 
52.81699999996761	995.9164221836969 
52.91799999996737	995.6839726928247 
53.018999999967136	995.4452202867426 
53.1199999999669	995.2002719238405 
53.220999999966665	994.9492327474601 
53.32199999996643	994.6922061166931 
53.422999999966194	994.4292936366637 
53.52399999996596	994.1605951882904 
53.62499999996572	993.8862089575443 
53.72599999996549	993.606231464215 
53.82699999996525	993.3207575901811 
53.92799999996502	993.029880607208 
54.02899999996478	992.7336922042704 
54.12999999996455	992.4322825144108 
54.23099999996431	992.1257401411438 
54.331999999964076	991.8141521844113 
54.43299999996384	991.497604266099 
54.533999999963605	991.1761805551172 
54.63499999996337	990.8499637920562 
54.735999999963134	990.5190353134277 
54.8369999999629	990.1834750754884 
54.93799999996266	989.8433616776639 
55.03899999996243	989.4987723855742 
55.13999999996219	989.1497831536669 
55.24099999996196	988.7964686474671 
55.34199999996172	988.4389022654518 
55.442999999961486	988.0771561605485 
55.54399999996125	987.7113012612746 
55.644999999961016	987.341407292514 
55.74599999996078	986.9675427959413 
55.846999999960545	986.5897751501027 
55.94799999996031	986.2081705901521 
56.048999999960074	985.8227942272546 
56.14999999995984	985.4337100676605 
56.2509999999596	985.0409810314553 
56.35199999995937	984.6446689709915 
56.45299999995913	984.2448346890072 
56.5539999999589	983.8415379564391 
56.65499999995866	983.4348375299288 
56.755999999958426	983.0247911690398 
56.85699999995819	982.6114556531721 
56.957999999957956	982.1948867982006 
57.05899999995772	981.7751394728219 
57.159999999957485	981.3522676146285 
57.26099999995725	980.9263242459108 
57.361999999957014	980.4973614891879 
57.46299999995678	980.0654305824768 
57.56399999995654	979.630581894303 
57.66499999995631	979.1928649384539 
57.76599999995607	978.7523283884851 
57.86699999995584	978.3090200919775 
57.9679999999556	977.8629870845543 
58.068999999955366	977.41427560366 
58.16999999995513	976.9629311021046 
58.270999999954896	976.5089982613798 
58.37199999995466	976.0525210047458 
58.472999999954425	975.5935425101005 
58.57399999995419	975.1321052226274 
58.674999999953954	974.6682508672279 
58.77599999995372	974.2020204607471 
58.87699999995348	973.7334543239867 
58.97799999995325	973.2625920935182 
59.07899999995301	972.7894727332932 
59.17999999995278	972.3141345460592 
59.28099999995254	971.8366151845775 
59.381999999952306	971.356951662654 
59.48299999995207	970.8751803659837 
59.583999999951835	970.3913370628084 
59.6849999999516	969.9054569143937 
59.785999999951365	969.4175744853308 
59.88699999995113	968.9277237536608 
59.987999999950894	968.4359381208288 
60.08899999995066	967.9463023159958 
60.18999999995042	967.4649116834946 
60.29099999995019	966.9916900683126 
60.39199999994995	966.5264987673125 
60.49299999994972	966.069201655048 
60.59399999994948	965.6196647084571 
60.694999999949246	965.1777562598112 
60.79599999994901	964.7433468504211 
60.896999999948775	964.3163092255348 
60.99799999994854	963.8965182880412 
61.098999999948305	963.483851064134 
61.19999999994807	963.0781866667269 
61.300999999947834	962.6794062601709 
61.4019999999476	962.2873930254146 
61.50299999994736	961.9020321257867 
61.60399999994713	961.523210673358 
61.70499999994689	961.1508176958679 
61.80599999994666	960.7847441042213 
61.90699999994642	960.4248826605265 
62.007999999946186	960.0711279466846 
62.10899999994595	959.7233763335068 
62.209999999945715	959.3815259503572 
62.31099999994548	959.0454766553113 
62.411999999945245	958.7151300058199 
62.51299999994501	958.3903892298712 
62.613999999944774	958.0711591976426 
62.71499999994454	957.7573463936328 
62.8159999999443	957.4488588892684 
62.91699999994407	957.1456063159732 
63.01799999994383	956.8474998386954 
63.1189999999436	956.5544521298851 
63.21999999994336	956.2663773439127 
63.320999999943126	955.9831910919203 
63.42199999994289	955.704810417099 
63.522999999942655	955.4311537703928 
63.62399999994242	955.1621409866045 
63.724999999942185	954.8976932609133 
63.82599999994195	954.6377331257918 
63.926999999941714	954.3821844283096 
64.02799999994167	954.1309723078274 
64.12799999994215	953.8864475562794 
64.22799999994263	953.6460315719386 
64.3279999999431	953.40965531489 
64.42799999994358	953.1772509053018 
64.52799999994406	952.948751603932 
64.62799999994454	952.7240917929629 
64.72799999994501	952.5032069571579 
64.82799999994549	952.2860336653339 
64.92799999994597	952.0725095521475 
65.02799999994645	951.8625733001837 
65.12799999994692	951.65616462235 
65.2279999999474	951.4532242445608 
65.32799999994788	951.2536938887179 
65.42799999994836	951.057516255975 
65.52799999994883	950.8646350102799 
65.62799999994931	950.6749947622027 
65.72799999994979	950.4885410530238 
65.82799999995026	950.3052203390979 
65.92799999995074	950.1249799764778 
66.02799999995122	949.9477682057967 
66.1279999999517	949.773534137403 
66.22799999995217	949.6022277367487 
66.32799999995265	949.433799810019 
66.42799999995313	949.2682019900074 
66.52799999995361	949.1053867222248 
66.62799999995408	948.9453072512431 
66.72799999995456	948.7879176072694 
66.82799999995504	948.6331725929447 
66.92799999995552	948.4810277703644 
67.027999999956	948.3314394483177 
67.12799999995647	948.1843646697399 
67.22799999995695	948.0397611993764 
67.32799999995743	947.8975875116554 
67.4279999999579	947.7578027787627 
67.52799999995838	947.6203668589164 
67.62799999995886	947.4852402848395 
67.72799999995934	947.3523842524266 
67.82799999995981	947.2217606096013 
67.92799999996029	947.0933318453586 
68.02799999996077	946.9670610789941 
68.12799999996125	946.8429120495119 
68.22799999996172	946.7208491052127 
68.3279999999622	946.6008371934554 
68.42799999996268	946.4828418505911 
68.52799999996316	946.3668291920654 
68.62799999996363	946.252765902689 
68.72799999996411	946.1406192270707 
68.82799999996459	946.0303569602091 
68.92799999996507	945.9219474382476 
69.02799999996554	945.8153595293775 
69.12799999996602	945.7105626249024 
69.2279999999665	945.6075266304445 
69.32799999996698	945.5062219573049 
69.42799999996745	945.4066195139651 
69.52799999996793	945.3086906977343 
69.62799999996841	945.2124073865335 
69.72799999996889	945.1177419308225 
69.82799999996936	945.0246671456574 
69.92799999996984	944.9331563028858 
70.02799999997032	944.8431831234685 
70.1279999999708	944.7547217699374 
70.22799999997127	944.6677468389714 
70.32799999997175	944.5822333541043 
70.42799999997223	944.4981567585502 
70.5279999999727	944.4154929081544 
70.62799999997318	944.3342180644559 
70.72799999997366	944.2543088878753 
70.82799999997414	944.1757424310074 
70.92799999997462	944.0984961320362 
71.0279999999751	944.0225478082511 
71.12799999997557	943.9478756496812 
71.22799999997605	943.8744582128298 
71.32799999997653	943.8022744145162 
71.427999999977	943.7313035258221 
71.52799999997748	943.6615251661387 
71.62799999997796	943.5929192973151 
71.72799999997844	943.5254662179004 
71.82799999997891	943.4591465574922 
71.92799999997939	943.3939412711665 
72.02799999997987	943.3298316340156 
72.12799999998035	943.2667992357667 
72.22799999998082	943.2048259754954 
72.3279999999813	943.1438940564295 
72.42799999998178	943.0839859808362 
72.52799999998226	943.0250845450003 
72.62799999998273	942.9671728342803 
72.72799999998321	942.9102342182518 
72.82799999998369	942.8542523459356 
72.92799999998417	942.7992111410964 
73.02799999998464	942.7450947976303 
73.12799999998512	942.6918877750242 
73.2279999999856	942.6395747938935 
73.32799999998608	942.5881408315946 
73.42799999998655	942.5375711179097 
73.52799999998703	942.4878511308059 
73.62799999998751	942.4389665922666 
73.72799999998799	942.3909034641881 
73.82799999998846	942.3436479443506 
73.92799999998894	942.2971864624544 
74.02799999998942	942.2515056762218 
74.1279999999899	942.2065924675667 
74.22799999999037	942.1624339388277 
74.32799999999085	942.1190174090624 
74.42799999999133	942.0763304104084 
74.5279999999918	942.0343606845012 
74.62799999999228	941.993096178955 
74.72799999999276	941.9525250439003 
74.82799999999324	941.9126356285825 
74.92799999999372	941.873416478015 
75.0279999999942	941.8348563296903 
75.12799999999467	941.7969441103457 
75.22799999999515	941.7596689327843 
75.32799999999563	941.7230200927452 
75.4279999999961	941.686987065835 
75.52799999999658	941.6515595044992 
75.62799999999706	941.6167272350567 
75.72799999999754	941.582480254774 
75.82799999999801	941.5488087289951 
75.92799999999849	941.5157029883158 
76.02799999999897	941.4831535258081 
76.12799999999945	941.4511509942888 
76.22799999999992	941.4196862036374 
76.3280000000004	941.3887501181549 
76.42800000000088	941.3583338539693 
76.52800000000136	941.328428676486 
76.62800000000183	941.2990259978772 
76.72800000000231	941.2701173746186 
76.82800000000279	941.2416945050619 
76.92800000000327	941.213749227052 
77.02800000000374	941.1862735155831 
77.12800000000422	941.1592594804954 
77.2280000000047	941.1326993642062 
77.32800000000518	941.1065855394851 
77.42800000000565	941.0809105072627 
77.52800000000613	941.0556668944764 
77.62800000000661	941.030847451954 
77.72800000000709	941.0064450523317 
77.82800000000756	940.9824526880068 
77.92800000000804	940.9588634691273 
78.02800000000852	940.9356706216104 
78.128000000009	940.9128674851993 
78.22800000000947	940.8904475115494 
78.32800000000995	940.8684042623504 
78.42800000001043	940.8467314074724 
78.5280000000109	940.8254227231529 
78.62800000001138	940.8044720902084 
78.72800000001186	940.7838734922744 
78.82800000001234	940.7636210140818 
78.92800000001282	940.7437088397546 
79.0280000000133	940.7241312511431 
79.12800000001377	940.7048826261787 
79.22800000001425	940.6859574372611 
79.32800000001473	940.667350249671 
79.4280000000152	940.6490557200093 
79.52800000001568	940.6310685946611 
79.62800000001616	940.6133837082904 
79.72800000001664	940.5959959823533 
79.82800000001711	940.5789004236412 
79.92800000001759	940.5620921228472 
80.02800000001807	940.5455662531555 
80.12800000001855	940.5293180688554 
80.22800000001902	940.5133429039796 
80.3280000000195	940.4976361709618 
80.42800000001998	940.4821933593236 
80.52800000002046	940.4670100343736 
80.62800000002093	940.4520818359385 
80.72800000002141	940.4374044771087 
80.82800000002189	940.4229737430079 
80.92800000002237	940.4087854895836 
81.02800000002284	940.3948356424141 
81.12800000002332	940.3811201955433 
81.2280000000238	940.3676352103244 
81.32800000002428	940.3543768142944 
81.42800000002475	940.341341200058 
81.52800000002523	940.3285246241974 
81.62800000002571	940.315923406194 
81.72800000002619	940.3035339273747 
81.82800000002666	940.2913526298701 
81.92800000002714	940.2793760155944 
82.02800000002762	940.2676006452406 
82.1280000000281	940.2560231372929 
82.22800000002857	940.2446401670536 
82.32800000002905	940.233448465692 
82.42800000002953	940.2224448193042 
82.52800000003	940.2116260679876 
82.62800000003048	940.2009891049369 
82.72800000003096	940.1905308755508 
82.82800000003144	940.1802483765551 
82.92800000003191	940.1701386551387 
83.02800000003239	940.1601988081075 
83.12800000003287	940.1504259810492 
83.22800000003335	940.1408173675164 
83.32800000003382	940.1313702082165 
83.4280000000343	940.1220817902223 
83.52800000003478	940.1129494461916 
83.62800000003526	940.1039705536031 
83.72800000003573	940.0951425340006 
83.82800000003621	940.086462852254 
83.92800000003669	940.0779290158325 
84.02800000003717	940.0695385740848 
84.12800000003764	940.0612891175416 
84.22800000003812	940.0531782772171 
84.3280000000386	940.0452037239334 
84.42800000003908	940.0373631676489 
84.52800000003955	940.0296543568028 
84.62800000004003	940.0220750776667 
84.72800000004051	940.0146231537101 
84.82800000004099	940.0072964449739 
84.92800000004146	940.0000928474583 
85.02800000004194	939.9930102925167 
85.12800000004242	939.9860467462614 
85.2280000000429	939.9792002089811 
85.32800000004337	939.9724687145651 
85.42800000004385	939.96585032994 
85.52800000004433	939.9593431545137 
85.6280000000448	939.9529453196299 
85.72800000004528	939.9466549880316 
85.82800000004576	939.9404703533329 
85.92800000004624	939.9343896395021 
86.02800000004672	939.9284111003482 
86.1280000000472	939.9225330190228 
86.22800000004767	939.916753707526 
86.32800000004815	939.9110715062214 
86.42800000004863	939.905484783359 
86.5280000000491	939.8999919346079 
86.62800000004958	939.8945913825941 
86.72800000005006	939.8892815764493 
86.82800000005054	939.8840609913634 
86.92800000005101	939.8789281281494 
87.02800000005149	939.8738815128097 
87.12800000005197	939.868919696115 
87.22800000005245	939.8640412531875 
87.32800000005292	939.8592447830916 
87.4280000000534	939.854528908432 
87.52800000005388	939.8498922749583 
87.62800000005436	939.8453335511739 
87.72800000005483	939.8408514279577 
87.82800000005531	939.836444618184 
87.92800000005579	939.8321118563559 
88.02800000005627	939.8278518982405 
88.12800000005674	939.8236635205112 
88.22800000005722	939.8195455203976 
88.3280000000577	939.8154967153403 
88.42800000005818	939.8115159426495 
88.52800000005865	939.8076020591719 
88.62800000005913	939.8037539409629 
88.72800000005961	939.7999704829643 
88.82800000006009	939.7962505986868 
88.92800000006056	939.7925932198951 
89.02800000006104	939.7889972963055 
89.12800000006152	939.7854617952821 
89.228000000062	939.7819857015398 
89.32800000006247	939.7785680168536 
89.42800000006295	939.7752077597722 
89.52800000006343	939.7719039653357 
89.6280000000639	939.7686556847971 
89.72800000006438	939.7654619853531 
89.82800000006486	939.7623219498737 
89.92800000006534	939.7592346766386 
90.02800000006582	939.7561992790806 
90.1280000000663	939.7532148855295 
90.22800000006677	939.7502806389599 
90.32800000006725	939.7473956967494 
90.42800000006773	939.7445592304329 
90.5280000000682	939.7417704254663 
90.62800000006868	939.7390284809928 
90.72800000006916	939.7363326096117 
90.82800000006964	939.7336820371542 
90.92800000007011	939.7310760024586 
91.02800000007059	939.7285137571535 
91.12800000007107	939.7259945654432 
91.22800000007155	939.7235177038941 
91.32800000007202	939.7210824612303 
91.4280000000725	939.7186881381264 
91.52800000007298	939.7163340470081 
91.62800000007346	939.714019511854 
91.72800000007393	939.7117438680026 
91.82800000007441	939.7095064619605 
91.92800000007489	939.7073066512152 
92.02800000007537	939.7051438040501 
92.12800000007584	939.7030172993634 
92.22800000007632	939.7009265264899 
92.3280000000768	939.6988708850249 
92.42800000007728	939.6968497846533 
92.52800000007775	939.6948626449781 
92.62800000007823	939.6929088953561 
92.72800000007871	939.6909879747311 
92.82800000007919	939.6890993314753 
92.92800000007966	939.6872424232293 
93.02800000008014	939.6854167167485 
93.12800000008062	939.683621687746 
93.2280000000811	939.6818568207472 
93.32800000008157	939.6801216089368 
93.42800000008205	939.6784155540165 
93.52800000008253	939.6767381660613 
93.628000000083	939.6750889633782 
93.72800000008348	939.6734674723684 
93.82800000008396	939.6718732273893 
93.92800000008444	939.6703057706247 
94.02800000008492	939.6687646519507 
94.1280000000854	939.6672494288055 
94.22800000008587	939.6657596660656 
94.32800000008635	939.6642949359175 
94.42800000008683	939.6628548177366 
94.5280000000873	939.6614388979667 
94.62800000008778	939.6600467699992 
94.72800000008826	939.65867803406 
94.82800000008874	939.6573322970899 
94.92800000008921	939.6560091726362 
95.02800000008969	939.6547082807392 
95.12800000009017	939.6534292478237 
95.22800000009065	939.6521717065913 
95.32800000009112	939.6509352959157 
95.4280000000916	939.6497196607388 
95.52800000009208	939.6485244519683 
95.62800000009256	939.647349326378 
95.72800000009303	939.6461939465083 
95.82800000009351	939.645057980571 
95.92800000009399	939.6439411023517 
96.02800000009447	939.6428429911188 
96.12800000009494	939.6417633315283 
96.22800000009542	939.6407018135366 
96.3280000000959	939.6396581323093 
96.42800000009638	939.6386319881336 
96.52800000009685	939.6376230863335 
96.62800000009733	939.6366311371834 
96.72800000009781	939.6356558558274 
96.82800000009829	939.6346969621949 
96.92800000009876	939.633754180922 
97.02800000009924	939.6328272412717 
97.12800000009972	939.6319158770552 
97.2280000001002	939.631019826559 
97.32800000010067	939.6301388324637 
97.42800000010115	939.6292726417764 
97.52800000010163	939.6284210057545 
97.6280000001021	939.6275836798345 
97.72800000010258	939.6267604235625 
97.82800000010306	939.6259510005262 
97.92800000010354	939.6251551782843 
98.02800000010402	939.6243727283007 
98.12800000010449	939.6236034258815 
98.22800000010497	939.6228470501079 
98.32800000010545	939.6221033837701 
98.42800000010592	939.6213722133124 
98.5280000001064	939.6206533287653 
98.62800000010688	939.6199465236876 
98.72800000010736	939.6192515951071 
98.82800000010783	939.618568343462 
98.92800000010831	939.6178965725444 
99.02800000010879	939.6172360894418 
99.12800000010927	939.6165867044853 
99.22800000010974	939.6159482311917 
99.32800000011022	939.6153204862112 
99.4280000001107	939.6147032892752 
99.52800000011118	939.6140964631444 
99.62800000011165	939.613499833557 
99.72800000011213	939.6129132291799 
99.82800000011261	939.6123364815594 
99.92800000011309	939.611769425071 
