0.001	1000.8053948633369 
0.10100000000000008	1000.8052243340584 
0.20100000000000015	1000.8052609834718 
0.3010000000000002	1000.8052512474529 
0.4010000000000003	1000.8052515347372 
0.5020000000000003	1000.8052497770144 
0.6020000000000004	1000.8052484494552 
0.7020000000000005	1000.8052470789377 
0.8020000000000006	1000.8052457410818 
0.9020000000000007	1000.8052444248351 
1.0030000000000003	1000.8052431177492 
1.1039999999999892	1000.8052418329511 
1.204999999999978	1000.8052405699123 
1.305999999999967	1000.8052393283207 
1.4069999999999558	1000.8052381077944 
1.5079999999999447	1000.8052369079815 
1.6089999999999336	1000.8052357285283 
1.7099999999999225	1000.8052345690899 
1.8109999999999113	1000.8052334293274 
1.9119999999999002	1000.8052323089057 
2.0129999999998893	1000.8052312074979 
2.113999999999878	1000.8052301247797 
2.214999999999867	1000.8052290604359 
2.315999999999856	1000.805228014153 
2.416999999999845	1000.8052269856256 
2.5179999999998337	1000.8052259745514 
2.6189999999998226	1000.8052249806351 
2.7199999999998115	1000.8052240035852 
2.8209999999998003	1000.8052230431156 
2.921999999999789	1000.8052220989445 
3.022999999999778	1000.8052211707958 
3.123999999999767	1000.8052202583978 
3.224999999999756	1000.8052193614828 
3.3259999999997447	1000.8052184797871 
3.4269999999997336	1000.8052176130552 
3.5279999999997225	1000.8052167610305 
3.6289999999997113	1000.8052159234646 
3.7299999999997	1000.8052151001127 
3.830999999999689	1000.8052142907317 
3.931999999999678	1000.8052134950857 
4.031999999999681	1000.8052127206203 
4.131999999999715	1000.8052119591684 
4.231999999999748	1000.8052112105119 
4.331999999999781	1000.8052104744338 
4.431999999999815	1000.805209750725 
4.531999999999848	1000.8052090391765 
4.6319999999998815	1000.8052083395842 
4.731999999999915	1000.805207651747 
4.831999999999948	1000.8052069754676 
4.931999999999982	1000.8052063105523 
5.032000000000015	1000.8052056568084 
5.1320000000000485	1000.8052050140506 
5.232000000000082	1000.8052043820925 
5.332000000000115	1000.8052037607536 
5.432000000000149	1000.8052031498554 
5.532000000000182	1000.8052025492209 
5.6320000000002155	1000.8052019586798 
5.732000000000249	1000.8052013780616 
5.832000000000282	1000.8052008071996 
5.932000000000316	1000.8052002459297 
6.032000000000349	1000.8051996940912 
6.1320000000003825	1000.805199151525 
6.232000000000416	1000.8051986180753 
6.332000000000449	1000.8051980935898 
6.432000000000483	1000.8051975779167 
6.532000000000516	1000.805197070909 
6.6320000000005495	1000.8051965724203 
6.732000000000583	1000.8051960823077 
6.832000000000616	1000.8051956004309 
6.93200000000065	1000.8051951266506 
7.032000000000683	1000.8051946608314 
7.132000000000716	1000.8051942028391 
7.23200000000075	1000.8051937525428 
7.332000000000783	1000.805193309813 
7.432000000000817	1000.8051928745222 
7.53200000000085	1000.8051924465458 
7.632000000000883	1000.8051920257607 
7.732000000000917	1000.8051916120461 
7.83200000000095	1000.8051912052839 
7.932000000000984	1000.8051908053545 
8.032000000000988	1000.8051904121464 
8.133000000000932	1000.8051900217123 
8.234000000000876	1000.8051896379037 
8.33500000000082	1000.8051892606085 
8.436000000000764	1000.8051888897154 
8.537000000000708	1000.8051885251166 
8.638000000000652	1000.8051881667047 
8.739000000000596	1000.8051878143754 
8.84000000000054	1000.8051874680251 
8.941000000000484	1000.8051871275512 
9.042000000000428	1000.8051867928561 
9.143000000000372	1000.8051864638394 
9.244000000000316	1000.8051861404068 
9.34500000000026	1000.8051858224629 
9.446000000000204	1000.8051855099144 
9.547000000000148	1000.8051852026692 
9.648000000000092	1000.8051849006387 
9.749000000000036	1000.805184603733 
9.84999999999998	1000.8051843118657 
9.950999999999924	1000.8051840249516 
10.051999999999868	1000.8051837429064 
10.152999999999812	1000.8051834656478 
10.253999999999756	1000.8051831930921 
10.3549999999997	1000.8051829251634 
10.455999999999644	1000.8051826617802 
10.556999999999588	1000.8051824028673 
10.657999999999532	1000.805182148348 
10.758999999999476	1000.8051818981477 
10.85999999999942	1000.8051816521938 
10.960999999999364	1000.8051814104132 
11.061999999999308	1000.805181172735 
11.162999999999252	1000.8051809390913 
11.263999999999196	1000.8051807094117 
11.36499999999914	1000.8051804836298 
11.465999999999084	1000.8051802616795 
11.566999999999029	1000.8051800434957 
11.667999999998973	1000.8051798290145 
11.768999999998917	1000.8051796181733 
11.86999999999886	1000.8051794109103 
11.970999999998805	1000.8051792071627 
12.071999999998749	1000.8051790068733 
12.172999999998693	1000.8051788099822 
12.273999999998637	1000.8051786164328 
12.37499999999858	1000.8051784261681 
12.475999999998525	1000.8051782391318 
12.576999999998469	1000.80517805527 
12.677999999998413	1000.8051778745279 
12.778999999998357	1000.8051776968531 
12.8799999999983	1000.8051775221934 
12.980999999998245	1000.8051773504982 
13.081999999998189	1000.8051771817156 
13.182999999998133	1000.8051770157977 
13.283999999998077	1000.8051768526952 
13.384999999998021	1000.805176692361 
13.485999999997965	1000.8051765347469 
13.586999999997909	1000.8051763798079 
13.687999999997853	1000.805176227498 
13.788999999997797	1000.8051760777729 
13.889999999997741	1000.8051759305887 
13.990999999997685	1000.8051757859021 
14.091999999997629	1000.8051756436711 
14.192999999997573	1000.8051755038538 
14.293999999997517	1000.8051753664099 
14.394999999997461	1000.8051752312963 
14.495999999997405	1000.8051750984755 
14.59699999999735	1000.805174967909 
14.697999999997293	1000.8051748395583 
14.798999999997237	1000.8051747133859 
14.899999999997181	1000.8051745893544 
15.000999999997125	1000.8051744674278 
15.10199999999707	1000.8051743475706 
15.202999999997013	1000.8051742297469 
15.303999999996957	1000.8051741139228 
15.404999999996901	1000.8051740000643 
15.505999999996845	1000.8051738881378 
15.60699999999679	1000.8051737781108 
15.707999999996733	1000.8051736699508 
15.808999999996677	1000.8051735636263 
15.909999999996622	1000.8051734591063 
16.010999999996585	1000.8051733563603 
16.110999999996707	1000.8051732563483 
16.21099999999683	1000.8051731580179 
16.31099999999695	1000.805173061339 
16.410999999997074	1000.8051729662851 
16.510999999997196	1000.805172872828 
16.61099999999732	1000.8051727809416 
16.71099999999744	1000.8051726905992 
16.810999999997563	1000.8051726017745 
16.910999999997685	1000.8051725144426 
17.010999999997807	1000.805172428578 
17.11099999999793	1000.8051723441565 
17.21099999999805	1000.8051722611533 
17.310999999998174	1000.8051721795447 
17.410999999998296	1000.8051720993076 
17.51099999999842	1000.8051720204191 
17.61099999999854	1000.8051719428555 
17.710999999998663	1000.8051718665957 
17.810999999998785	1000.8051717916173 
17.910999999998907	1000.8051717178986 
18.01099999999903	1000.805171645419 
18.11099999999915	1000.8051715741575 
18.210999999999274	1000.8051715040939 
18.310999999999396	1000.8051714352071 
18.410999999999518	1000.805171367478 
18.51099999999964	1000.8051713008849 
18.610999999999763	1000.8051712354113 
18.710999999999885	1000.8051711710378 
18.811000000000007	1000.8051711077461 
18.91100000000013	1000.8051710455178 
19.01100000000025	1000.8051709843353 
19.111000000000374	1000.805170924181 
19.211000000000496	1000.8051708650374 
19.311000000000618	1000.8051708068876 
19.41100000000074	1000.8051707497149 
19.511000000000863	1000.805170693503 
19.611000000000985	1000.8051706382356 
19.711000000001107	1000.8051705838969 
19.81100000000123	1000.8051705304713 
19.91100000000135	1000.8051704779433 
20.011000000001474	1000.8051704262981 
20.111000000001596	1000.8051703755209 
20.211000000001718	1000.8051703255965 
20.31100000000184	1000.8051702765111 
20.411000000001962	1000.8051702282506 
20.511000000002085	1000.8051701808012 
20.611000000002207	1000.8051701341491 
20.71100000000233	1000.8051700882808 
20.81100000000245	1000.8051700431835 
20.911000000002574	1000.8051699988432 
21.011000000002696	1000.8051699552483 
21.111000000002818	1000.805169912386 
21.21100000000294	1000.805169870244 
21.311000000003062	1000.80516982881 
21.411000000003185	1000.8051697880727 
21.511000000003307	1000.8051697480191 
21.61100000000343	1000.8051697086391 
21.71100000000355	1000.8051696699207 
21.811000000003673	1000.805169631853 
21.911000000003796	1000.8051695944249 
22.011000000003918	1000.8051695576257 
22.11100000000404	1000.8051695214449 
22.211000000004162	1000.8051694858722 
22.311000000004285	1000.8051694508974 
22.411000000004407	1000.8051694165102 
22.51100000000453	1000.8051693827005 
22.61100000000465	1000.8051693494582 
22.711000000004773	1000.8051693167749 
22.811000000004896	1000.8051692846409 
22.911000000005018	1000.8051692530465 
23.01100000000514	1000.8051692219832 
23.111000000005262	1000.8051691914421 
23.211000000005384	1000.8051691614139 
23.311000000005507	1000.8051691318906 
23.41100000000563	1000.8051691028633 
23.51100000000575	1000.8051690743235 
23.611000000005873	1000.8051690462636 
23.711000000005996	1000.8051690186752 
23.811000000006118	1000.8051689915503 
23.91100000000624	1000.805168964881 
24.011000000006362	1000.8051689386598 
24.111000000006484	1000.8051689128793 
24.211000000006607	1000.8051688875321 
24.31100000000673	1000.805168862611 
24.41100000000685	1000.8051688381083 
24.511000000006973	1000.8051688140177 
24.611000000007095	1000.805168790332 
24.711000000007218	1000.8051687670442 
24.81100000000734	1000.8051687441476 
24.911000000007462	1000.8051687216359 
25.011000000007584	1000.8051686995018 
25.111000000007706	1000.80516867774 
25.21100000000783	1000.8051686563437 
25.31100000000795	1000.805168635307 
25.411000000008073	1000.8051686146238 
25.511000000008195	1000.8051685942883 
25.611000000008318	1000.8051685742942 
25.71100000000844	1000.8051685546362 
25.811000000008562	1000.8051685353088 
25.911000000008684	1000.8051685163059 
26.011000000008806	1000.8051684976222 
26.11100000000893	1000.8051684792528 
26.21100000000905	1000.8051684611919 
26.311000000009173	1000.8051684434345 
26.411000000009295	1000.8051684259756 
26.511000000009417	1000.8051684088098 
26.61100000000954	1000.805168391933 
26.711000000009662	1000.8051683753389 
26.811000000009784	1000.8051683590242 
26.911000000009906	1000.8051683429834 
27.01100000001003	1000.8051683272121 
27.11100000001015	1000.8051683117059 
27.211000000010273	1000.8051682964604 
27.311000000010395	1000.8051682814711 
27.411000000010517	1000.8051682667335 
27.51100000001064	1000.8051682522437 
27.611000000010762	1000.8051682379972 
27.711000000010884	1000.8051682239904 
27.811000000011006	1000.805168210219 
27.91100000001113	1000.8051681966786 
28.01100000001125	1000.8051681833655 
28.111000000011373	1000.8051681702765 
28.211000000011495	1000.8051681574073 
28.311000000011617	1000.8051681447542 
28.41100000001174	1000.8051681323141 
28.51100000001186	1000.8051681200827 
28.611000000011984	1000.8051681080572 
28.711000000012106	1000.8051680962336 
28.81100000001223	1000.8051680846088 
28.91100000001235	1000.8051680731795 
29.011000000012473	1000.8051680619419 
29.111000000012595	1000.8051680508931 
29.211000000012717	1000.8051680400301 
29.31100000001284	1000.8051680293496 
29.41100000001296	1000.8051680188488 
29.511000000013084	1000.8051680085242 
29.611000000013206	1000.8051679983733 
29.71100000001333	1000.8051679883929 
29.81100000001345	1000.8051679785804 
29.911000000013573	1000.8051679689324 
30.011000000013695	1000.8051679594465 
30.111000000013817	1000.8051679501201 
30.21100000001394	1000.8051679409504 
30.31100000001406	1000.8051679319344 
30.411000000014184	1000.8051679230703 
30.511000000014306	1000.805167914355 
30.61100000001443	1000.8051679057861 
30.71100000001455	1000.8051678973613 
30.811000000014673	1000.8051678890779 
30.911000000014795	1000.8051678809339 
31.011000000014917	1000.8051678729267 
31.11100000001504	1000.8051678650542 
31.21100000001516	1000.8051678573138 
31.311000000015284	1000.8051678497037 
31.411000000015406	1000.8051678422214 
31.511000000015528	1000.8051678348648 
31.61100000001565	1000.8051678276319 
31.711000000015773	1000.8051678205205 
31.811000000015895	1000.8051678135288 
31.911000000016017	1000.8051678066544 
32.0110000000161	1000.8051677998957 
32.11200000001586	1000.8051677931845 
32.213000000015626	1000.8051677865876 
32.31400000001539	1000.8051677801024 
32.415000000015155	1000.805167773727 
32.51600000001492	1000.8051677674601 
32.617000000014684	1000.8051677612996 
32.71800000001445	1000.8051677552436 
32.81900000001421	1000.8051677492904 
32.92000000001398	1000.805167743438 
33.02100000001374	1000.805167737685 
33.12200000001351	1000.8051677320295 
33.22300000001327	1000.8051677264702 
33.32400000001304	1000.8051677210053 
33.4250000000128	1000.805167715633 
33.526000000012566	1000.8051677103518 
33.62700000001233	1000.8051677051601 
33.728000000012095	1000.8051677000568 
33.82900000001186	1000.8051676950399 
33.930000000011624	1000.8051676901082 
34.03100000001139	1000.8051676852598 
34.13200000001115	1000.8051676804938 
34.23300000001092	1000.8051676758089 
34.33400000001068	1000.8051676712033 
34.43500000001045	1000.805167666676 
34.53600000001021	1000.8051676622254 
34.63700000000998	1000.8051676578503 
34.73800000000974	1000.8051676535493 
34.839000000009506	1000.8051676493219 
34.94000000000927	1000.8051676451655 
35.041000000009035	1000.8051676410802 
35.1420000000088	1000.8051676370641 
35.243000000008564	1000.8051676331164 
35.34400000000833	1000.8051676292353 
35.44500000000809	1000.8051676254203 
35.54600000000786	1000.8051676216703 
35.64700000000762	1000.8051676179834 
35.74800000000739	1000.80516761436 
35.84900000000715	1000.8051676107973 
35.950000000006916	1000.8051676072956 
36.05100000000668	1000.8051676038536 
36.152000000006446	1000.8051676004695 
36.25300000000621	1000.8051675971433 
36.354000000005975	1000.8051675938732 
36.45500000000574	1000.8051675906586 
36.556000000005504	1000.8051675874992 
36.65700000000527	1000.8051675843928 
36.75800000000503	1000.8051675813393 
36.8590000000048	1000.8051675783382 
36.96000000000456	1000.8051675753875 
37.06100000000433	1000.8051675724869 
37.16200000000409	1000.8051675696358 
37.263000000003856	1000.8051675668335 
37.36400000000362	1000.805167564078 
37.465000000003386	1000.8051675613697 
37.56600000000315	1000.8051675587074 
37.667000000002915	1000.8051675560902 
37.76800000000268	1000.8051675535172 
37.869000000002444	1000.8051675509884 
37.97000000000221	1000.8051675485024 
38.07100000000197	1000.8051675460587 
38.17200000000174	1000.8051675436561 
38.2730000000015	1000.805167541295 
38.37400000000127	1000.8051675389733 
38.47500000000103	1000.8051675366918 
38.576000000000796	1000.8051675344484 
38.67700000000056	1000.8051675322431 
38.778000000000326	1000.8051675300758 
38.87900000000009	1000.8051675279448 
38.979999999999855	1000.8051675258499 
39.08099999999962	1000.8051675237908 
39.181999999999384	1000.8051675217666 
39.28299999999915	1000.8051675197771 
39.38399999999891	1000.8051675178214 
39.48499999999868	1000.8051675158988 
39.58599999999844	1000.8051675140089 
39.68699999999821	1000.8051675121507 
39.78799999999797	1000.8051675103245 
39.888999999997736	1000.8051675085295 
39.9899999999975	1000.8051675067644 
40.090999999997265	1000.8051675050298 
40.19199999999703	1000.805167503324 
40.292999999996795	1000.8051675016479 
40.39399999999656	1000.8051674999997 
40.494999999996324	1000.8051674983795 
40.59599999999609	1000.8051674967866 
40.69699999999585	1000.8051674952217 
40.79799999999562	1000.8051674936826 
40.89899999999538	1000.8051674921695 
40.99999999999515	1000.8051674906825 
41.10099999999491	1000.8051674892214 
41.201999999994676	1000.8051674877843 
41.30299999999444	1000.8051674863723 
41.403999999994205	1000.8051674849834 
41.50499999999397	1000.8051674836189 
41.605999999993735	1000.8051674822773 
41.7069999999935	1000.8051674809584 
41.807999999993264	1000.8051674796624 
41.90899999999303	1000.8051674783874 
42.00999999999279	1000.8051674771349 
42.11099999999256	1000.8051674759029 
42.21199999999232	1000.8051674746923 
42.31299999999209	1000.8051674735021 
42.41399999999185	1000.8051674723329 
42.514999999991616	1000.8051674711828 
42.61599999999138	1000.8051674700519 
42.716999999991145	1000.805167468941 
42.81799999999091	1000.8051674678478 
42.918999999990675	1000.8051674667739 
43.01999999999044	1000.8051674657183 
43.120999999990204	1000.80516746468 
43.22199999998997	1000.8051674636604 
43.32299999998973	1000.8051674626568 
43.4239999999895	1000.8051674616719 
43.52499999998926	1000.8051674607024 
43.62599999998903	1000.8051674597501 
43.72699999998879	1000.8051674588143 
43.827999999988556	1000.805167457893 
43.92899999998832	1000.8051674569896 
44.029999999988085	1000.8051674561 
44.13099999998785	1000.8051674552252 
44.231999999987615	1000.8051674543669 
44.33299999998738	1000.8051674535224 
44.433999999987144	1000.8051674526918 
44.53499999998691	1000.8051674518751 
44.63599999998667	1000.8051674510737 
44.73699999998644	1000.8051674502852 
44.8379999999862	1000.8051674495102 
44.93899999998597	1000.8051674487479 
45.03999999998573	1000.8051674479987 
45.140999999985496	1000.8051674472617 
45.24199999998526	1000.8051674465377 
45.342999999985025	1000.8051674458264 
45.44399999998479	1000.8051674451267 
45.544999999984555	1000.8051674444392 
45.64599999998432	1000.8051674437628 
45.746999999984084	1000.8051674430983 
45.84799999998385	1000.8051674424443 
45.94899999998361	1000.8051674418017 
46.04999999998338	1000.8051674411702 
46.15099999998314	1000.8051674405496 
46.25199999998291	1000.8051674399396 
46.35299999998267	1000.8051674393398 
46.453999999982436	1000.8051674387501 
46.5549999999822	1000.8051674381703 
46.655999999981965	1000.8051674375998 
46.75699999998173	1000.8051674370388 
46.857999999981494	1000.8051674364876 
46.95899999998126	1000.8051674359472 
47.059999999981024	1000.8051674354153 
47.16099999998079	1000.8051674348918 
47.26199999998055	1000.8051674343764 
47.36299999998032	1000.8051674338711 
47.46399999998008	1000.8051674333752 
47.56499999997985	1000.8051674328868 
47.66599999997961	1000.8051674324055 
47.766999999979376	1000.8051674319347 
47.86799999997914	1000.8051674314717 
47.968999999978905	1000.8051674310149 
48.06999999997867	1000.805167430567 
48.170999999978434	1000.8051674301277 
48.2719999999782	1000.8051674296938 
48.372999999977964	1000.805167429269 
48.47399999997773	1000.8051674288516 
48.57499999997749	1000.8051674284386 
48.67599999997726	1000.8051674280367 
48.77699999997702	1000.8051674276389 
48.87799999997679	1000.8051674272485 
48.97899999997655	1000.8051674268659 
49.079999999976316	1000.805167426487 
49.18099999997608	1000.8051674261186 
49.281999999975845	1000.8051674257522 
49.38299999997561	1000.8051674253962 
49.483999999975374	1000.8051674250427 
49.58499999997514	1000.805167424698 
49.685999999974904	1000.8051674243562 
49.78699999997467	1000.805167424023 
49.88799999997443	1000.8051674236924 
49.9889999999742	1000.8051674233703 
50.08999999997396	1000.8010074817425 
50.19099999997373	1000.7866329167755 
50.29199999997349	1000.7621752409531 
50.392999999973256	1000.7278023814779 
50.49399999997302	1000.683683331604 
50.594999999972785	1000.6299833192687 
50.69599999997255	1000.5668649638972 
50.796999999972314	1000.4944880851031 
50.89799999997208	1000.4130097981357 
50.99899999997184	1000.3225845507103 
51.09999999997161	1000.2233641698078 
51.20099999997137	1000.1154979059398 
51.30199999997114	999.9991324768847 
51.4029999999709	999.8744121106681 
51.50399999997067	999.7414785878144 
51.60499999997043	999.6004712828798 
51.705999999970196	999.4515272052798 
51.80699999996996	999.2947810394248 
51.907999999969725	999.1303651841764 
52.00899999996949	998.9584097916305 
52.109999999969254	998.7790428052444 
52.21099999996902	998.5923899973188 
52.31199999996878	998.3985750058382 
52.41299999996855	998.1977193706928 
52.51399999996831	997.9899425692801 
52.61499999996808	997.7753620515056 
52.71599999996784	997.5540932741894 
52.81699999996761	997.3262497348878 
52.91799999996737	997.0919430051388 
53.018999999967136	996.8512827631506 
53.1199999999669	996.6043768259276 
53.220999999966665	996.3513311808555 
53.32199999996643	996.0922500167483 
53.422999999966194	995.8272357543705 
53.52399999996596	995.5563890764415 
53.62499999996572	995.2798089571256 
53.72599999996549	994.9975926910306 
53.82699999996525	994.7098359217057 
53.92799999996502	994.4166326696605 
54.02899999996478	994.118075359909 
54.12999999996455	993.8142548490412 
54.23099999996431	993.5052604518423 
54.331999999964076	993.191179967455 
54.43299999996384	992.8720997050984 
54.533999999963605	992.5481045093541 
54.63499999996337	992.2192777850182 
54.735999999963134	991.8857015215353 
54.8369999999629	991.5474563170162 
54.93799999996266	991.2046214018483 
55.03899999996243	990.8572746619051 
55.13999999996219	990.5054926613635 
55.24099999996196	990.1493506651316 
55.34199999996172	989.7889226608955 
55.442999999961486	989.4242813807952 
55.54399999996125	989.0554983227316 
55.644999999961016	988.6826437713088 
55.74599999996078	988.3057868184239 
55.846999999960545	987.9249953835082 
55.94799999996031	987.5403362334224 
56.048999999960074	987.1518750020156 
56.14999999995984	986.759676209352 
56.2509999999596	986.3638032806118 
56.35199999995937	985.964318564671 
56.45299999995913	985.5612833523652 
56.5539999999589	985.154757894446 
56.65499999995866	984.7448014192278 
56.755999999958426	984.3314721499413 
56.85699999995819	983.9148273217884 
56.957999999957956	983.4949231987073 
57.05899999995772	983.0718150898573 
57.159999999957485	982.6455573658186 
57.26099999995725	982.2162034745201 
57.361999999957014	981.783805956899 
57.46299999995678	981.3484164622878 
57.56399999995654	980.9100857635474 
57.66499999995631	980.4688637719416 
57.76599999995607	980.024799551755 
57.86699999995584	979.577941334668 
57.9679999999556	979.1283365338853 
58.068999999955366	978.6760317580254 
58.16999999995513	978.2210728247733 
58.270999999954896	977.7635047743036 
58.37199999995466	977.3033718824732 
58.472999999954425	976.8407176737942 
58.57399999995419	976.3755849341795 
58.674999999953954	975.9080157234819 
58.77599999995372	975.4380513878097 
58.87699999995348	974.9657325716433 
58.97799999995325	974.4910992297392 
59.07899999995301	974.0141906388338 
59.17999999995278	973.5350454091531 
59.28099999995254	973.0537014957171 
59.381999999952306	972.5701962094627 
59.48299999995207	972.0845662281739 
59.583999999951835	971.5968476072231 
59.6849999999516	971.1070757901359 
59.785999999951365	970.6152856189727 
59.88699999995113	970.1215113445352 
59.987999999950894	969.6257866364008 
60.08899999995066	969.1322132292993 
60.18999999995042	968.646960239988 
60.29099999995019	968.1699392365717 
60.39199999994995	967.701013733538 
60.49299999994972	967.2400456047644 
60.59399999994948	966.786899981892 
60.694999999949246	966.3414440847989 
60.79599999994901	965.9035474282294 
60.896999999948775	965.473081733131 
60.99799999994854	965.0499208987354 
61.098999999948305	964.6339409639482 
61.19999999994807	964.2250200712724 
61.300999999947834	963.8230384310973 
61.4019999999476	963.4278782865987 
61.50299999994736	963.0394238792478 
61.60399999994713	962.6575614148999 
61.70499999994689	962.2821790304596 
61.80599999994666	961.9131667611108 
61.90699999994642	961.5504165081037 
62.007999999946186	961.19382200709 
62.10899999994595	960.8432787969905 
62.209999999945715	960.4986841893975 
62.31099999994548	960.1599372384907 
62.411999999945245	959.8269387114665 
62.51299999994501	959.4995910594718 
62.613999999944774	959.1777983890224 
62.71499999994454	958.8614664339166 
62.8159999999443	958.5505025276179 
62.91699999994407	958.2448155761114 
63.01799999994383	957.9443160312165 
63.1189999999436	957.6489158643566 
63.21999999994336	957.3585285407704 
63.320999999943126	957.0730689941633 
63.42199999994289	956.7924536017872 
63.522999999942655	956.5166001599448 
63.62399999994242	956.2454278599074 
63.724999999942185	955.9788572642458 
63.82599999994195	955.7168102835558 
63.926999999941714	955.459210153585 
64.02799999994167	955.2059814127462 
64.12799999994215	954.9594937240965 
64.22799999994263	954.7171477860292 
64.3279999999431	954.4788740044066 
64.42799999994358	954.2446039544888 
64.52799999994406	954.0142703612793 
64.62799999994454	953.78780708021 
64.72799999994501	953.565149078144 
64.82799999994549	953.3462324147009 
64.92799999994597	953.1309942238956 
65.02799999994645	952.9193726960842 
65.12799999994692	952.7113070602155 
65.2279999999474	952.5067375663779 
65.32799999994788	952.3056054686425 
65.42799999994836	952.1078530081916 
65.52799999994883	951.9134233967349 
65.62799999994931	951.7222608001975 
65.72799999994979	951.5343103226908 
65.82799999995026	951.3495179907443 
65.92799999995074	951.1678307378086 
66.02799999995122	950.9891963890149 
66.1279999999517	950.8135636461919 
66.22799999995217	950.6408820731372 
66.32799999995265	950.471102081129 
66.42799999995313	950.3041749146902 
66.52799999995361	950.1400526375851 
66.62799999995408	949.9786881190532 
66.72799999995456	949.8200350202777 
66.82799999995504	949.6640477810741 
66.92799999995552	949.5106816068101 
67.027999999956	949.3598924555406 
67.12799999995647	949.211637025361 
67.22799999995695	949.0658727419708 
67.32799999995743	948.9225577464485 
67.4279999999579	948.7816508832329 
67.52799999995838	948.6431116883011 
67.62799999995886	948.5069003775503 
67.72799999995934	948.3729778353728 
67.82799999995981	948.2413056034246 
67.92799999996029	948.111845869578 
68.02799999996077	947.9845614570667 
68.12799999996125	947.8594158138078 
68.22799999996172	947.736373001906 
68.3279999999622	947.6153976873328 
68.42799999996268	947.49645512978 
68.52799999996316	947.3795111726832 
68.62799999996363	947.2645322334137 
68.72799999996411	947.1514852936339 
68.82799999996459	947.0403378898154 
68.92799999996507	946.931058103917 
69.02799999996554	946.8236145542191 
69.12799999996602	946.7179763863106 
69.2279999999665	946.614113264231 
69.32799999996698	946.5119953617549 
69.42799999996745	946.41159335383 
69.52799999996793	946.3128784081566 
69.62799999996841	946.2158221769032 
69.72799999996889	946.1203967885714 
69.82799999996936	946.0265748399888 
69.92799999996984	945.9343293884407 
70.02799999997032	945.8436339439324 
70.1279999999708	945.7544624615825 
70.22799999997127	945.6667893341445 
70.32799999997175	945.580589384651 
70.42799999997223	945.4958378591864 
70.5279999999727	945.4125104197756 
70.62799999997318	945.3305831373978 
70.72799999997366	945.2500324851114 
70.82799999997414	945.1708353313016 
70.92799999997462	945.0929689330342 
71.0279999999751	945.0164109295272 
71.12799999997557	944.941139335728 
71.22799999997605	944.8671325360012 
71.32799999997653	944.7943692779188 
71.427999999977	944.7228286661615 
71.52799999997748	944.6524901565133 
71.62799999997796	944.5833335499643 
71.72799999997844	944.5153389869114 
71.82799999997891	944.4484869414533 
71.92799999997939	944.382758215783 
72.02799999997987	944.3181339346768 
72.12799999998035	944.2545955400718 
72.22799999998082	944.1921247857388 
72.3279999999813	944.1307037320398 
72.42799999998178	944.0703147407788 
72.52799999998226	944.0109404701354 
72.62799999998273	943.9525638696858 
72.72799999998321	943.8951681755045 
72.82799999998369	943.838736905352 
72.92799999998417	943.7832538539411 
73.02799999998464	943.7287030882835 
73.12799999998512	943.6750689431141 
73.2279999999856	943.6223360163915 
73.32799999998608	943.5704891648769 
73.42799999998655	943.5195134997838 
73.52799999998703	943.4693943825032 
73.62799999998751	943.4201174203998 
73.72799999998799	943.3716684626794 
73.82799999998846	943.3240335963238 
73.92799999998894	943.277199142096 
74.02799999998942	943.2311516506138 
74.1279999999899	943.1858778984839 
74.22799999999037	943.1413648845082 
74.32799999999085	943.0975998259476 
74.42799999999133	943.0545701548529 
74.5279999999918	943.012263514455 
74.62799999999228	942.970667755617 
74.72799999999276	942.9297709333433 
74.82799999999324	942.8895613033529 
74.92799999999372	942.8500273187028 
75.0279999999942	942.8111576264764 
75.12799999999467	942.7729410645181 
75.22799999999515	942.7353666582342 
75.32799999999563	942.6984236174347 
75.4279999999961	942.6621013332408 
75.52799999999658	942.6263893750328 
75.62799999999706	942.5912774874589 
75.72799999999754	942.5567555874893 
75.82799999999801	942.5228137615188 
75.92799999999849	942.4894422625218 
76.02799999999897	942.456631507252 
76.12799999999945	942.4243720734929 
76.22799999999992	942.3926546973481 
76.3280000000004	942.3614702705844 
76.42800000000088	942.330809838015 
76.52800000000136	942.3006645949268 
76.62800000000183	942.2710258845528 
76.72800000000231	942.2418851955881 
76.82800000000279	942.2132341597423 
76.92800000000327	942.1850645493377 
77.02800000000374	942.157368274948 
77.12800000000422	942.1301373830739 
77.2280000000047	942.1033640538593 
77.32800000000518	942.0770405988447 
77.42800000000565	942.051159458762 
77.52800000000613	942.0257132013608 
77.62800000000661	942.0006945192755 
77.72800000000709	941.9760962279277 
77.82800000000756	941.95191126346 
77.92800000000804	941.9281326807117 
78.02800000000852	941.9047536512209 
78.128000000009	941.8817674612652 
78.22800000000947	941.8591675099332 
78.32800000000995	941.8369473072295 
78.42800000001043	941.8151004722096 
78.5280000000109	941.7936207311494 
78.62800000001138	941.7725019157429 
78.72800000001186	941.7517379613292 
78.82800000001234	941.7313229051539 
78.92800000001282	941.7112508846537 
79.0280000000133	941.691516135776 
79.12800000001377	941.6721129913207 
79.22800000001425	941.6530358793144 
79.32800000001473	941.6342793214109 
79.4280000000152	941.6158379313152 
79.52800000001568	941.5977064132404 
79.62800000001616	941.5798795603839 
79.72800000001664	941.5623522534348 
79.82800000001711	941.5451194591002 
79.92800000001759	941.5281762286639 
80.02800000001807	941.5115176965625 
80.12800000001855	941.4951390789888 
80.22800000001902	941.4790356725192 
80.3280000000195	941.4632028527609 
80.42800000001998	941.4476360730265 
80.52800000002046	941.4323308630255 
80.62800000002093	941.4172828275825 
80.72800000002141	941.4024876453748 
80.82800000002189	941.3879410676907 
80.92800000002237	941.3736389172113 
81.02800000002284	941.3595770868076 
81.12800000002332	941.3457515383649 
81.2280000000238	941.3321583016185 
81.32800000002428	941.3187934730197 
81.42800000002475	941.3056532146087 
81.52800000002523	941.2927337529169 
81.62800000002571	941.2800313778808 
81.72800000002619	941.2675424417772 
81.82800000002666	941.2552633581769 
81.92800000002714	941.2431906009119 
82.02800000002762	941.231320703067 
82.1280000000281	941.2196502559802 
82.22800000002857	941.2081759082649 
82.32800000002905	941.1968943648499 
82.42800000002953	941.1858023860304 
82.52800000003	941.1748967865394 
82.62800000003048	941.16417443463 
82.72800000003096	941.1536322511811 
82.82800000003144	941.1432672088081 
82.92800000003191	941.1330763309968 
83.02800000003239	941.1230566912475 
83.12800000003287	941.1132054122345 
83.22800000003335	941.1035196649804 
83.32800000003382	941.0939966680427 
83.4280000000343	941.0846336867162 
83.52800000003478	941.0754280322467 
83.62800000003526	941.0663770610595 
83.72800000003573	941.0574781740003 
83.82800000003621	941.0487288155887 
83.92800000003669	941.0401264732831 
84.02800000003717	941.0316686767618 
84.12800000003764	941.0233529972114 
84.22800000003812	941.0151770466299 
84.3280000000386	941.0071384771421 
84.42800000003908	940.9992349803215 
84.52800000003955	940.9914642865344 
84.62800000004003	940.9838241642806 
84.72800000004051	940.9763124195578 
84.82800000004099	940.968926895228 
84.92800000004146	940.9616654704015 
85.02800000004194	940.9545260598255 
85.12800000004242	940.9475066132853 
85.2280000000429	940.9406051150165 
85.32800000004337	940.9338195831257 
85.42800000004385	940.927148069021 
85.52800000004433	940.9205886568541 
85.6280000000448	940.9141394629671 
85.72800000004528	940.9077986353549 
85.82800000004576	940.9015643531305 
85.92800000004624	940.8954348260046 
86.02800000004672	940.8894082937693 
86.1280000000472	940.883483025794 
86.22800000004767	940.8776573205274 
86.32800000004815	940.8719295050114 
86.42800000004863	940.866297934396 
86.5280000000491	940.8607609914723 
86.62800000004958	940.8553170862039 
86.72800000005006	940.8499646552716 
86.82800000005054	940.8447021616262 
86.92800000005101	940.8395280940447 
87.02800000005149	940.8344409666978 
87.12800000005197	940.8294393187224 
87.22800000005245	940.8245217138018 
87.32800000005292	940.8196867397547 
87.4280000000534	940.8149330081288 
87.52800000005388	940.8102591538014 
87.62800000005436	940.8056638345887 
87.72800000005483	940.8011457308595 
87.82800000005531	940.7967035451566 
87.92800000005579	940.7923360018231 
88.02800000005627	940.7880418466385 
88.12800000005674	940.7838198464561 
88.22800000005722	940.7796687888494 
88.3280000000577	940.7755874817669 
88.42800000005818	940.7715747531845 
88.52800000005865	940.7676294507727 
88.62800000005913	940.7637504415644 
88.72800000005961	940.7599366116301 
88.82800000006009	940.7561868657579 
88.92800000006056	940.7525001271389 
89.02800000006104	940.7488753370574 
89.12800000006152	940.7453114545875 
89.228000000062	940.7418074562943 
89.32800000006247	940.7383623359393 
89.42800000006295	940.7349751041933 
89.52800000006343	940.7316447883485 
89.6280000000639	940.7283704320429 
89.72800000006438	940.7251510949852 
89.82800000006486	940.7219858526826 
89.92800000006534	940.7188737961771 
90.02800000006582	940.7158140317831 
90.1280000000663	940.7128056808334 
90.22800000006677	940.709847879424 
90.32800000006725	940.7069397781668 
90.42800000006773	940.704080541947 
90.5280000000682	940.7012693496811 
90.62800000006868	940.6985053940841 
90.72800000006916	940.6957878814343 
90.82800000006964	940.6931160313471 
90.92800000007011	940.6904890765516 
91.02800000007059	940.6879062626688 
91.12800000007107	940.6853668479961 
91.22800000007155	940.6828701032927 
91.32800000007202	940.6804153115723 
91.4280000000725	940.678001767896 
91.52800000007298	940.6756287791701 
91.62800000007346	940.6732956639465 
91.72800000007393	940.6710017522278 
91.82800000007441	940.6687463852744 
91.92800000007489	940.6665289154165 
92.02800000007537	940.6643487058659 
92.12800000007584	940.6622051305353 
92.22800000007632	940.6600975738571 
92.3280000000768	940.6580254306073 
92.42800000007728	940.6559881057309 
92.52800000007775	940.6539850141733 
92.62800000007823	940.652015580709 
92.72800000007871	940.6500792397786 
92.82800000007919	940.6481754353258 
92.92800000007966	940.6463036206377 
93.02800000008014	940.6444632581881 
93.12800000008062	940.642653819483 
93.2280000000811	940.6408747849086 
93.32800000008157	940.6391256435811 
93.42800000008205	940.6374058932031 
93.52800000008253	940.6357150399158 
93.628000000083	940.6340525981592 
93.72800000008348	940.6324180905327 
93.82800000008396	940.6308110476563 
93.92800000008444	940.6292310080389 
94.02800000008492	940.6276775179421 
94.1280000000854	940.6261501312524 
94.22800000008587	940.6246484093527 
94.32800000008635	940.6231719209954 
94.42800000008683	940.6217202421799 
94.5280000000873	940.6202929560288 
94.62800000008778	940.6188896526711 
94.72800000008826	940.6175099291219 
94.82800000008874	940.6161533891675 
94.92800000008921	940.6148196432528 
95.02800000008969	940.6135083083684 
95.12800000009017	940.6122190079394 
95.22800000009065	940.6109513717195 
95.32800000009112	940.6097050356829 
95.4280000000916	940.6084796419217 
95.52800000009208	940.6072748385411 
95.62800000009256	940.6060902795592 
95.72800000009303	940.6049256248092 
95.82800000009351	940.603780539837 
95.92800000009399	940.6026546958108 
96.02800000009447	940.6015477694239 
96.12800000009494	940.6004594428014 
96.22800000009542	940.5993894034106 
96.3280000000959	940.5983373439694 
96.42800000009638	940.5973029623601 
96.52800000009685	940.5962859615399 
96.62800000009733	940.5952860494589 
96.72800000009781	940.5943029389732 
96.82800000009829	940.5933363477646 
96.92800000009876	940.5923859982584 
97.02800000009924	940.5914516175444 
97.12800000009972	940.5905329372976 
97.2280000001002	940.5896296937017 
97.32800000010067	940.5887416273735 
97.42800000010115	940.5878684832886 
97.52800000010163	940.5870100107078 
97.6280000001021	940.5861659631034 
97.72800000010258	940.585336098093 
97.82800000010306	940.5845201773645 
97.92800000010354	940.5837179666115 
98.02800000010402	940.5829292354642 
98.12800000010449	940.5821537574241 
98.22800000010497	940.5813913097976 
98.32800000010545	940.5806416736344 
98.42800000010592	940.579904633662 
98.5280000001064	940.579179978226 
98.62800000010688	940.578467499228 
98.72800000010736	940.5777669920665 
98.82800000010783	940.5770782555783 
98.92800000010831	940.5764010919788 
99.02800000010879	940.5757353068088 
99.12800000010927	940.5750807088758 
99.22800000010974	940.5744371101995 
99.32800000011022	940.5738043259586 
99.4280000001107	940.5731821744369 
99.52800000011118	940.5725704769728 
99.62800000011165	940.5719690579059 
99.72800000011213	940.571377744527 
99.82800000011261	940.5707963670303 
99.92800000011309	940.5702247584618 
