0.001	1.8749999980863804E8 
0.10100000000000008	1.8749993220883933E8 
0.20100000000000015	1.8749994968344453E8 
0.3010000000000002	1.8749994672571367E8 
0.4010000000000003	1.874999484795177E8 
0.5020000000000003	1.8749994917282185E8 
0.6020000000000004	1.874999500664663E8 
0.7020000000000005	1.8749995090116295E8 
0.8020000000000006	1.8749995173014927E8 
0.9020000000000007	1.8749995254371315E8 
1.0030000000000003	1.8749995335170192E8 
1.1039999999999892	1.8749995414591882E8 
1.204999999999978	1.8749995492660818E8 
1.305999999999967	1.8749995569400942E8 
1.4069999999999558	1.8749995644834444E8 
1.5079999999999447	1.8749995718983647E8 
1.6089999999999336	1.874999579187041E8 
1.7099999999999225	1.8749995863516164E8 
1.8109999999999113	1.8749995933942184E8 
1.9119999999999002	1.874999600316922E8 
2.0129999999998893	1.8749996071217558E8 
2.113999999999878	1.8749996138107368E8 
2.214999999999867	1.874999620385829E8 
2.315999999999856	1.874999626848975E8 
2.416999999999845	1.8749996332020867E8 
2.5179999999998337	1.8749996394470355E8 
2.6189999999998226	1.8749996455856547E8 
2.7199999999998115	1.8749996516197646E8 
2.8209999999998003	1.8749996575511375E8 
2.921999999999789	1.8749996633815256E8 
3.022999999999778	1.874999669112649E8 
3.123999999999767	1.8749996747461894E8 
3.224999999999756	1.8749996802838317E8 
3.3259999999997447	1.8749996857271847E8 
3.4269999999997336	1.874999691077861E8 
3.5279999999997225	1.874999696337437E8 
3.6289999999997113	1.874999701507468E8 
3.7299999999997	1.8749997065894738E8 
3.830999999999689	1.8749997115849513E8 
3.931999999999678	1.8749997164953822E8 
4.031999999999681	1.8749997212748355E8 
4.131999999999715	1.8749997259737048E8 
4.231999999999748	1.8749997305933586E8 
4.331999999999781	1.874999735135132E8 
4.431999999999815	1.874999739600341E8 
4.531999999999848	1.8749997439902714E8 
4.6319999999998815	1.874999748306193E8 
4.731999999999915	1.8749997525493553E8 
4.831999999999948	1.8749997567209777E8 
4.931999999999982	1.8749997608222902E8 
5.032000000000015	1.8749997648544505E8 
5.1320000000000485	1.8749997688186374E8 
5.232000000000082	1.8749997727159914E8 
5.332000000000115	1.8749997765476438E8 
5.432000000000149	1.874999780314703E8 
5.532000000000182	1.8749997840182522E8 
5.6320000000002155	1.8749997876593652E8 
5.732000000000249	1.8749997912390938E8 
5.832000000000282	1.8749997947584793E8 
5.932000000000316	1.8749997982185265E8 
6.032000000000349	1.874999801620254E8 
6.1320000000003825	1.874999804964627E8 
6.232000000000416	1.8749998082526186E8 
6.332000000000449	1.8749998114851806E8 
6.432000000000483	1.8749998146632436E8 
6.532000000000516	1.874999817787729E8 
6.6320000000005495	1.874999820859543E8 
6.732000000000583	1.874999823879572E8 
6.832000000000616	1.8749998268486848E8 
6.93200000000065	1.8749998297677448E8 
7.032000000000683	1.874999832637589E8 
7.132000000000716	1.874999835459065E8 
7.23200000000075	1.8749998382329592E8 
7.332000000000783	1.874999840960109E8 
7.432000000000817	1.8749998436412725E8 
7.53200000000085	1.874999846277237E8 
7.632000000000883	1.8749998488687605E8 
7.732000000000917	1.874999851416596E8 
7.83200000000095	1.8749998539214808E8 
7.932000000000984	1.8749998563841355E8 
8.032000000000988	1.8749998588052726E8 
8.133000000000932	1.8749998612091953E8 
8.234000000000876	1.874999863572187E8 
8.33500000000082	1.8749998658949485E8 
8.436000000000764	1.874999868178164E8 
8.537000000000708	1.874999870422504E8 
8.638000000000652	1.874999872628633E8 
8.739000000000596	1.8749998747971973E8 
8.84000000000054	1.874999876928857E8 
8.941000000000484	1.874999879024208E8 
9.042000000000428	1.874999881083902E8 
9.143000000000372	1.8749998831085172E8 
9.244000000000316	1.8749998850986636E8 
9.34500000000026	1.874999887054924E8 
9.446000000000204	1.8749998889778808E8 
9.547000000000148	1.8749998908680972E8 
9.648000000000092	1.874999892726132E8 
9.749000000000036	1.874999894552531E8 
9.84999999999998	1.8749998963478294E8 
9.950999999999924	1.8749998981125692E8 
10.051999999999868	1.8749998998472646E8 
10.152999999999812	1.874999901552421E8 
10.253999999999756	1.8749999032285473E8 
10.3549999999997	1.8749999048761365E8 
10.455999999999644	1.8749999064956743E8 
10.556999999999588	1.8749999080876404E8 
10.657999999999532	1.8749999096525016E8 
10.758999999999476	1.8749999111907145E8 
10.85999999999942	1.874999912702744E8 
10.960999999999364	1.874999914189024E8 
11.061999999999308	1.8749999156500033E8 
11.162999999999252	1.8749999170860955E8 
11.263999999999196	1.874999918497751E8 
11.36499999999914	1.8749999198853758E8 
11.465999999999084	1.8749999212493855E8 
11.566999999999029	1.8749999225901607E8 
11.667999999998973	1.8749999239081112E8 
11.768999999998917	1.8749999252036214E8 
11.86999999999886	1.8749999264770737E8 
11.970999999998805	1.8749999277288416E8 
12.071999999998749	1.8749999289593017E8 
12.172999999998693	1.874999930168814E8 
12.273999999998637	1.8749999313577312E8 
12.37499999999858	1.8749999325264043E8 
12.475999999998525	1.874999933675182E8 
12.576999999998469	1.8749999348044017E8 
12.677999999998413	1.874999935914394E8 
12.778999999998357	1.8749999370054868E8 
12.8799999999983	1.8749999380780083E8 
12.980999999998245	1.874999939132258E8 
13.081999999998189	1.8749999401685756E8 
13.182999999998133	1.8749999411872384E8 
13.283999999998077	1.8749999421885616E8 
13.384999999998021	1.8749999431728333E8 
13.485999999997965	1.8749999441403472E8 
13.586999999997909	1.8749999450913885E8 
13.687999999997853	1.874999946026239E8 
13.788999999997797	1.874999946945173E8 
13.889999999997741	1.8749999478484622E8 
13.990999999997685	1.874999948736372E8 
14.091999999997629	1.874999949609162E8 
14.192999999997573	1.874999950467095E8 
14.293999999997517	1.8749999513104215E8 
14.394999999997461	1.8749999521393874E8 
14.495999999997405	1.874999952954238E8 
14.59699999999735	1.8749999537552208E8 
14.697999999997293	1.87499995454256E8 
14.798999999997237	1.8749999553164935E8 
14.899999999997181	1.8749999560772547E8 
15.000999999997125	1.8749999568250582E8 
15.10199999999707	1.8749999575601217E8 
15.202999999997013	1.874999958282667E8 
15.303999999996957	1.87499995899294E8 
15.404999999996901	1.8749999596911055E8 
15.505999999996845	1.8749999603773963E8 
15.60699999999679	1.8749999610520002E8 
15.707999999996733	1.8749999617151156E8 
15.808999999996677	1.8749999623669448E8 
15.909999999996622	1.874999963007674E8 
16.010999999996585	1.8749999636374924E8 
16.110999999996707	1.8749999642505068E8 
16.21099999999683	1.87499996485319E8 
16.31099999999695	1.8749999654457125E8 
16.410999999997074	1.874999966028246E8 
16.510999999997196	1.874999966600957E8 
16.61099999999732	1.8749999671640128E8 
16.71099999999744	1.874999967717578E8 
16.810999999997563	1.8749999682618093E8 
16.910999999997685	1.8749999687968665E8 
17.010999999997807	1.874999969322901E8 
17.11099999999793	1.874999969840068E8 
17.21099999999805	1.8749999703485206E8 
17.310999999998174	1.8749999708483985E8 
17.410999999998296	1.8749999713398498E8 
17.51099999999842	1.8749999718230143E8 
17.61099999999854	1.8749999722980288E8 
17.710999999998663	1.8749999727650425E8 
17.810999999998785	1.8749999732241806E8 
17.910999999998907	1.8749999736755833E8 
18.01099999999903	1.8749999741193724E8 
18.11099999999915	1.87499997455568E8 
18.210999999999274	1.874999974984629E8 
18.310999999999396	1.8749999754063502E8 
18.410999999999518	1.87499997582096E8 
18.51099999999964	1.8749999762285796E8 
18.610999999999763	1.8749999766293296E8 
18.710999999999885	1.8749999770233205E8 
18.811000000000007	1.8749999774106696E8 
18.91100000000013	1.874999977791488E8 
19.01100000000025	1.8749999781658885E8 
19.111000000000374	1.8749999785339743E8 
19.211000000000496	1.87499997889585E8 
19.311000000000618	1.8749999792516235E8 
19.41100000000074	1.8749999796014157E8 
19.511000000000863	1.8749999799453023E8 
19.611000000000985	1.8749999802833968E8 
19.711000000001107	1.874999980615789E8 
19.81100000000123	1.8749999809425792E8 
19.91100000000135	1.874999981263859E8 
20.011000000001474	1.874999981579723E8 
20.111000000001596	1.874999981890261E8 
20.211000000001718	1.8749999821955615E8 
20.31100000000184	1.874999982495716E8 
20.411000000001962	1.8749999827908126E8 
20.511000000002085	1.874999983080932E8 
20.611000000002207	1.874999983366159E8 
20.71100000000233	1.8749999836465803E8 
20.81100000000245	1.874999983922272E8 
20.911000000002574	1.874999984193319E8 
21.011000000002696	1.8749999844597957E8 
21.111000000002818	1.8749999847217777E8 
21.21100000000294	1.874999984979343E8 
21.311000000003062	1.874999985232566E8 
21.411000000003185	1.8749999854815215E8 
21.511000000003307	1.8749999857262778E8 
21.61100000000343	1.8749999859669048E8 
21.71100000000355	1.8749999862034765E8 
21.811000000003673	1.8749999864360693E8 
21.911000000003796	1.8749999866647387E8 
22.011000000003918	1.8749999868895516E8 
22.11100000000404	1.8749999871105728E8 
22.211000000004162	1.8749999873278692E8 
22.311000000004285	1.874999987541502E8 
22.411000000004407	1.8749999877515325E8 
22.51100000000453	1.874999987958022E8 
22.61100000000465	1.8749999881610295E8 
22.711000000004773	1.8749999883606166E8 
22.811000000004896	1.8749999885568377E8 
22.911000000005018	1.8749999887497494E8 
23.01100000000514	1.8749999889394102E8 
23.111000000005262	1.874999989125874E8 
23.211000000005384	1.8749999893091938E8 
23.311000000005507	1.874999989489422E8 
23.41100000000563	1.8749999896666095E8 
23.51100000000575	1.8749999898408148E8 
23.611000000005873	1.8749999900120816E8 
23.711000000005996	1.8749999901804614E8 
23.811000000006118	1.8749999903460023E8 
23.91100000000624	1.874999990508755E8 
24.011000000006362	1.8749999906687608E8 
24.111000000006484	1.8749999908260688E8 
24.211000000006607	1.8749999909807253E8 
24.31100000000673	1.874999991132775E8 
24.41100000000685	1.8749999912822607E8 
24.511000000006973	1.874999991429226E8 
24.611000000007095	1.8749999915737125E8 
24.711000000007218	1.8749999917157635E8 
24.81100000000734	1.8749999918554223E8 
24.911000000007462	1.8749999919927278E8 
25.011000000007584	1.8749999921277174E8 
25.111000000007706	1.8749999922604322E8 
25.21100000000783	1.874999992390908E8 
25.31100000000795	1.874999992519184E8 
25.411000000008073	1.8749999926452988E8 
25.511000000008195	1.8749999927692848E8 
25.611000000008318	1.8749999928911802E8 
25.71100000000844	1.8749999930110198E8 
25.811000000008562	1.8749999931288436E8 
25.911000000008684	1.8749999932446778E8 
26.011000000008806	1.8749999933585608E8 
26.11100000000893	1.8749999934705213E8 
26.21100000000905	1.8749999935805944E8 
26.311000000009173	1.8749999936888131E8 
26.411000000009295	1.874999993795207E8 
26.511000000009417	1.874999993899807E8 
26.61100000000954	1.8749999940026405E8 
26.711000000009662	1.8749999941037452E8 
26.811000000009784	1.8749999942031455E8 
26.911000000009906	1.8749999943008682E8 
27.01100000001003	1.8749999943969437E8 
27.11100000001015	1.874999994491401E8 
27.211000000010273	1.8749999945842683E8 
27.311000000010395	1.8749999946755663E8 
27.411000000010517	1.8749999947653246E8 
27.51100000001064	1.8749999948535746E8 
27.611000000010762	1.874999994940332E8 
27.711000000010884	1.8749999950256288E8 
27.811000000011006	1.874999995109487E8 
27.91100000001113	1.8749999951919326E8 
28.01100000001125	1.8749999952729854E8 
28.111000000011373	1.874999995352673E8 
28.211000000011495	1.8749999954310164E8 
28.311000000011617	1.87499999550804E8 
28.41100000001174	1.8749999955837634E8 
28.51100000001186	1.8749999956582087E8 
28.611000000011984	1.8749999957314008E8 
28.711000000012106	1.874999995803359E8 
28.81100000001223	1.8749999958741033E8 
28.91100000001235	1.8749999959436548E8 
29.011000000012473	1.8749999960120308E8 
29.111000000012595	1.874999996079258E8 
29.211000000012717	1.8749999961453494E8 
29.31100000001284	1.8749999962103254E8 
29.41100000001296	1.8749999962742078E8 
29.511000000013084	1.874999996337013E8 
29.611000000013206	1.8749999963987592E8 
29.71100000001333	1.874999996459464E8 
29.81100000001345	1.8749999965191463E8 
29.911000000013573	1.874999996577821E8 
30.011000000013695	1.874999996635509E8 
30.111000000013817	1.8749999966922227E8 
30.21100000001394	1.8749999967479798E8 
30.31100000001406	1.8749999968027988E8 
30.411000000014184	1.874999996856692E8 
30.511000000014306	1.8749999969096807E8 
30.61100000001443	1.8749999969617707E8 
30.71100000001455	1.8749999970129862E8 
30.811000000014673	1.8749999970633385E8 
30.911000000014795	1.874999997112843E8 
31.011000000014917	1.8749999971615115E8 
31.11100000001504	1.8749999972093597E8 
31.21100000001516	1.874999997256402E8 
31.311000000015284	1.8749999973026523E8 
31.411000000015406	1.8749999973481217E8 
31.511000000015528	1.874999997392825E8 
31.61100000001565	1.874999997436777E8 
31.711000000015773	1.874999997479986E8 
31.811000000015895	1.8749999975224656E8 
31.911000000016017	1.8749999975642273E8 
32.0110000000161	1.874999997605285E8 
32.11200000001586	1.8749999976460502E8 
32.213000000015626	1.874999997686124E8 
32.31400000001539	1.874999997725514E8 
32.415000000015155	1.8749999977642328E8 
32.51600000001492	1.8749999978022918E8 
32.617000000014684	1.874999997839704E8 
32.71800000001445	1.8749999978764734E8 
32.81900000001421	1.8749999979126176E8 
32.92000000001398	1.8749999979481465E8 
33.02100000001374	1.8749999979830715E8 
33.12200000001351	1.8749999980174005E8 
33.22300000001327	1.8749999980511478E8 
33.32400000001304	1.874999998084315E8 
33.4250000000128	1.874999998116921E8 
33.526000000012566	1.87499999814897E8 
33.62700000001233	1.8749999981804708E8 
33.728000000012095	1.8749999982114366E8 
33.82900000001186	1.8749999982418746E8 
33.930000000011624	1.8749999982717928E8 
34.03100000001139	1.8749999983011994E8 
34.13200000001115	1.8749999983301103E8 
34.23300000001092	1.8749999983585262E8 
34.33400000001068	1.8749999983864582E8 
34.43500000001045	1.8749999984139132E8 
34.53600000001021	1.8749999984409013E8 
34.63700000000998	1.8749999984674302E8 
34.73800000000974	1.8749999984935066E8 
34.839000000009506	1.8749999985191345E8 
34.94000000000927	1.8749999985443315E8 
35.041000000009035	1.8749999985690922E8 
35.1420000000088	1.8749999985934395E8 
35.243000000008564	1.8749999986173642E8 
35.34400000000833	1.874999998640885E8 
35.44500000000809	1.874999998664008E8 
35.54600000000786	1.8749999986867312E8 
35.64700000000762	1.8749999987090692E8 
35.74800000000739	1.874999998731029E8 
35.84900000000715	1.874999998752614E8 
35.950000000006916	1.8749999987738296E8 
36.05100000000668	1.8749999987946838E8 
36.152000000006446	1.8749999988151821E8 
36.25300000000621	1.8749999988353327E8 
36.354000000005975	1.8749999988551384E8 
36.45500000000574	1.8749999988746092E8 
36.556000000005504	1.874999998893741E8 
36.65700000000527	1.8749999989125502E8 
36.75800000000503	1.8749999989310452E8 
36.8590000000048	1.8749999989492145E8 
36.96000000000456	1.874999998967083E8 
37.06100000000433	1.8749999989846414E8 
37.16200000000409	1.8749999990019086E8 
37.263000000003856	1.8749999990188736E8 
37.36400000000362	1.874999999035555E8 
37.465000000003386	1.8749999990519515E8 
37.56600000000315	1.8749999990680647E8 
37.667000000002915	1.874999999083905E8 
37.76800000000268	1.8749999990994793E8 
37.869000000002444	1.874999999114784E8 
37.97000000000221	1.8749999991298252E8 
38.07100000000197	1.8749999991446087E8 
38.17200000000174	1.8749999991591445E8 
38.2730000000015	1.8749999991734308E8 
38.37400000000127	1.8749999991874728E8 
38.47500000000103	1.8749999992012766E8 
38.576000000000796	1.8749999992148456E8 
38.67700000000056	1.874999999228187E8 
38.778000000000326	1.8749999992412966E8 
38.87900000000009	1.8749999992541865E8 
38.979999999999855	1.8749999992668468E8 
39.08099999999962	1.874999999279299E8 
39.181999999999384	1.8749999992915416E8 
39.28299999999915	1.874999999303577E8 
39.38399999999891	1.8749999993153957E8 
39.48499999999868	1.8749999993270272E8 
39.58599999999844	1.8749999993384543E8 
39.68699999999821	1.8749999993496856E8 
39.78799999999797	1.8749999993607372E8 
39.888999999997736	1.874999999371584E8 
39.9899999999975	1.87499999938226E8 
40.090999999997265	1.8749999993927404E8 
40.19199999999703	1.874999999403055E8 
40.292999999996795	1.874999999413177E8 
40.39399999999656	1.8749999994231424E8 
40.494999999996324	1.874999999432924E8 
40.59599999999609	1.8749999994425455E8 
40.69699999999585	1.87499999945201E8 
40.79799999999562	1.8749999994612947E8 
40.89899999999538	1.8749999994704297E8 
40.99999999999515	1.8749999994794172E8 
41.10099999999491	1.8749999994882432E8 
41.201999999994676	1.874999999496912E8 
41.30299999999444	1.8749999995054418E8 
41.403999999994205	1.8749999995138302E8 
41.50499999999397	1.874999999522075E8 
41.605999999993735	1.874999999530169E8 
41.7069999999935	1.8749999995381275E8 
41.807999999993264	1.8749999995459518E8 
41.90899999999303	1.874999999553642E8 
42.00999999999279	1.8749999995612064E8 
42.11099999999256	1.8749999995686364E8 
42.21199999999232	1.8749999995759466E8 
42.31299999999209	1.8749999995831302E8 
42.41399999999185	1.8749999995901912E8 
42.514999999991616	1.8749999995971337E8 
42.61599999999138	1.8749999996039566E8 
42.716999999991145	1.8749999996106666E8 
42.81799999999091	1.874999999617262E8 
42.918999999990675	1.8749999996237457E8 
43.01999999999044	1.8749999996301213E8 
43.120999999990204	1.8749999996363872E8 
43.22199999998997	1.8749999996425498E8 
43.32299999998973	1.874999999648602E8 
43.4239999999895	1.8749999996545455E8 
43.52499999998926	1.8749999996603918E8 
43.62599999998903	1.87499999966614E8 
43.72699999998879	1.8749999996717975E8 
43.827999999988556	1.874999999677363E8 
43.92899999998832	1.8749999996828094E8 
44.029999999988085	1.8749999996881682E8 
44.13099999998785	1.8749999996934465E8 
44.231999999987615	1.8749999996986437E8 
44.33299999998738	1.8749999997037256E8 
44.433999999987144	1.874999999708726E8 
44.53499999998691	1.8749999997136548E8 
44.63599999998667	1.874999999718495E8 
44.73699999998644	1.874999999723237E8 
44.8379999999862	1.874999999727915E8 
44.93899999998597	1.874999999732513E8 
45.03999999998573	1.8749999997370103E8 
45.140999999985496	1.8749999997414574E8 
45.24199999998526	1.8749999997458133E8 
45.342999999985025	1.8749999997500905E8 
45.44399999998479	1.8749999997543254E8 
45.544999999984555	1.8749999997584406E8 
45.64599999998432	1.87499999976252E8 
45.746999999984084	1.8749999997665128E8 
45.84799999998385	1.8749999997704402E8 
45.94899999998361	1.874999999774312E8 
46.04999999998338	1.8749999997780955E8 
46.15099999998314	1.8749999997818467E8 
46.25199999998291	1.8749999997854933E8 
46.35299999998267	1.8749999997891256E8 
46.453999999982436	1.8749999997926491E8 
46.5549999999822	1.8749999997961608E8 
46.655999999981965	1.874999999799564E8 
46.75699999998173	1.874999999802957E8 
46.857999999981494	1.8749999998062468E8 
46.95899999998126	1.874999999809522E8 
47.059999999981024	1.87499999981271E8 
47.16099999998079	1.8749999998158702E8 
47.26199999998055	1.8749999998189625E8 
47.36299999998032	1.87499999982201E8 
47.46399999998008	1.87499999982501E8 
47.56499999997985	1.8749999998279405E8 
47.66599999997961	1.8749999998308527E8 
47.766999999979376	1.8749999998336753E8 
47.86799999997914	1.8749999998364824E8 
47.968999999978905	1.874999999839232E8 
48.06999999997867	1.8749999998419285E8 
48.170999999978434	1.8749999998446026E8 
48.2719999999782	1.8749999998471987E8 
48.372999999977964	1.874999999849778E8 
48.47399999997773	1.874999999852312E8 
48.57499999997749	1.8749999998547742E8 
48.67599999997726	1.87499999985723E8 
48.77699999997702	1.8749999998596343E8 
48.87799999997679	1.8749999998619798E8 
48.97899999997655	1.8749999998643124E8 
49.079999999976316	1.8749999998665947E8 
49.18099999997608	1.8749999998688218E8 
49.281999999975845	1.8749999998710445E8 
49.38299999997561	1.8749999998732197E8 
49.483999999975374	1.8749999998753294E8 
49.58499999997514	1.8749999998774406E8 
49.685999999974904	1.8749999998795047E8 
49.78699999997467	1.8749999998815176E8 
49.88799999997443	1.8749999998835096E8 
49.9889999999742	1.8749999998854828E8 
50.08999999997396	1.8749823952969548E8 
50.19099999997373	1.8748530284242058E8 
50.29199999997349	1.87462016073485E8 
50.392999999973256	1.8742831772126648E8 
50.49399999997302	1.8738446348744226E8 
50.594999999972785	1.873306037386612E8 
50.69599999997255	1.872669147852219E8 
50.796999999972314	1.871935624936863E8 
50.89799999997208	1.8711071173724365E8 
50.99899999997184	1.8701852415433475E8 
51.09999999997161	1.8691715872650653E8 
51.20099999997137	1.8680677170849463E8 
51.30199999997114	1.8668751669868466E8 
51.4029999999709	1.8655954467963514E8 
51.50399999997067	1.8642300406345597E8 
51.60499999997043	1.862780407354414E8 
51.705999999970196	1.8612479809710607E8 
51.80699999996996	1.8596341710846993E8 
51.907999999969725	1.857940363296293E8 
52.00899999996949	1.8561679196161327E8 
52.109999999969254	1.8543181788655153E8 
52.21099999996902	1.8523924570715258E8 
52.31199999996878	1.8503920478551403E8 
52.41299999996855	1.8483182228126836E8 
52.51399999996831	1.8461722318908247E8 
52.61499999996808	1.8439553037551773E8 
52.71599999996784	1.8416686461526054E8 
52.81699999996761	1.839313446267411E8 
52.91799999996737	1.8368908710713652E8 
53.018999999967136	1.8344020676679E8 
53.1199999999669	1.8318481636303386E8 
53.220999999966665	1.829230267334428E8 
53.32199999996643	1.8265494682851827E8 
53.422999999966194	1.823806837438157E8 
53.52399999996596	1.8210034275152764E8 
53.62499999996572	1.8181402733152735E8 
53.72599999996549	1.8152183920188317E8 
53.82699999996525	1.8122387834885436E8 
53.92799999996502	1.8092024305637774E8 
54.02899999996478	1.8061102993504915E8 
54.12999999996455	1.8029633395061356E8 
54.23099999996431	1.7997624845196888E8 
54.331999999964076	1.796508651986947E8 
54.43299999996384	1.7932027438811174E8 
54.533999999963605	1.7898456468187824E8 
54.63499999996337	1.7864382323213738E8 
54.735999999963134	1.7829813570721647E8 
54.8369999999629	1.779475863168914E8 
54.93799999996266	1.7759225783721647E8 
55.03899999996243	1.77232231634938E8 
55.13999999996219	1.7686758769148412E8 
55.24099999996196	1.7649840462655613E8 
55.34199999996172	1.7612475972130784E8 
55.442999999961486	1.7574672894113666E8 
55.54399999996125	1.7536438695808712E8 
55.644999999961016	1.7497780717286697E8 
55.74599999996078	1.7458706173649666E8 
55.846999999960545	1.7419222157158312E8 
55.94799999996031	1.737933563932357E8 
56.048999999960074	1.7339053472962287E8 
56.14999999995984	1.729838239421822E8 
56.2509999999596	1.7257329024548456E8 
56.35199999995937	1.7215899872675797E8 
56.45299999995913	1.7174101336508575E8 
56.5539999999589	1.7131939705026773E8 
56.65499999995866	1.7089421160137063E8 
56.755999999958426	1.7046551778495452E8 
56.85699999995819	1.700333753329944E8 
56.957999999957956	1.695978429604951E8 
57.05899999995772	1.6915897838280365E8 
57.159999999957485	1.687168383326294E8 
57.26099999995725	1.6827147857677624E8 
57.361999999957014	1.6782295393258497E8 
57.46299999995678	1.673713182841011E8 
57.56399999995654	1.6691662459796152E8 
57.66499999995631	1.6645892493901637E8 
57.76599999995607	1.6599827048568204E8 
57.86699999995584	1.655347115450327E8 
57.9679999999556	1.6506829756763527E8 
58.068999999955366	1.645990771621336E8 
58.16999999995513	1.641270981095802E8 
58.270999999954896	1.636524073775274E8 
58.37199999995466	1.6317505113387862E8 
58.472999999954425	1.6269507476050273E8 
58.57399999995419	1.6221252286661524E8 
58.674999999953954	1.6172743930193457E8 
58.77599999995372	1.6123986716961214E8 
58.87699999995348	1.6074984883894312E8 
58.97799999995325	1.602574259578618E8 
59.07899999995301	1.597626394652223E8 
59.17999999995278	1.5926552960287142E8 
59.28099999995254	1.5876613592751423E8 
59.381999999952306	1.5826449732238096E8 
59.48299999995207	1.5776065200869307E8 
59.583999999951835	1.5725463755693224E8 
59.6849999999516	1.567464908979227E8 
59.785999999951365	1.5623624833371878E8 
59.88699999995113	1.557239455483128E8 
59.987999999950894	1.5520961761815494E8 
60.08899999995066	1.546949944031439E8 
60.18999999995042	1.5418954060323495E8 
60.29099999995019	1.5369252692111912E8 
60.39199999994995	1.5320403387019223E8 
60.49299999994972	1.5272384019367132E8 
60.59399999994948	1.522518268340746E8 
60.694999999949246	1.5178784857162666E8 
60.79599999994901	1.513317700942584E8 
60.896999999948775	1.5088345654954538E8 
60.99799999994854	1.5044277581508994E8 
61.098999999948305	1.5000959792070818E8 
61.19999999994807	1.4958379512971786E8 
61.300999999947834	1.4916524187608558E8 
61.4019999999476	1.4875381473237807E8 
61.50299999994736	1.4834939237245932E8 
61.60399999994713	1.479518555358576E8 
61.70499999994689	1.4756108699257705E8 
61.80599999994666	1.4717697150853106E8 
61.90699999994642	1.4679939581155872E8 
62.007999999946186	1.464282485580235E8 
62.10899999994595	1.4606342029997763E8 
62.209999999945715	1.4570480345288807E8 
62.31099999994548	1.4535229226391053E8 
62.411999999945245	1.450057827807028E8 
62.51299999994501	1.4466517282077247E8 
62.613999999944774	1.4433036194134146E8 
62.71499999994454	1.4400125140972888E8 
62.8159999999443	1.4367774417423442E8 
62.91699999994407	1.433597448355174E8 
63.01799999994383	1.4304715961846748E8 
63.1189999999436	1.427398963445484E8 
63.21999999994336	1.4243786440461808E8 
63.320999999943126	1.4214097473220497E8 
63.42199999994289	1.4184913977724728E8 
63.522999999942655	1.41562273480272E8 
63.62399999994242	1.4128029124701914E8 
63.724999999942185	1.4100310992349452E8 
63.82599999994195	1.407306477714477E8 
63.926999999941714	1.404628244442704E8 
64.02799999994167	1.4019956096330035E8 
64.12799999994215	1.3994332016504002E8 
64.22799999994263	1.396913991854147E8 
64.3279999999431	1.3944372519904625E8 
64.42799999994358	1.3920022660827833E8 
64.52799999994406	1.3896083302247867E8 
64.62799999994454	1.3872547523769158E8 
64.72799999994501	1.384940852166311E8 
64.82799999994549	1.382665960690133E8 
64.92799999994597	1.3804294203222054E8 
65.02799999994645	1.3782305845228904E8 
65.12799999994692	1.3760688176521987E8 
65.2279999999474	1.3739434947860363E8 
65.32799999994788	1.37185400153555E8 
65.42799999994836	1.3697997338695267E8 
65.52799999994883	1.367780097939762E8 
65.62799999994931	1.3657945099094144E8 
65.72799999994979	1.3638423957842103E8 
65.82799999995026	1.361923191246524E8 
65.92799999995074	1.3600363414922345E8 
66.02799999995122	1.3581813010703644E8 
66.1279999999517	1.356357533725368E8 
66.22799999995217	1.3545645122421497E8 
66.32799999995265	1.3528017182936025E8 
66.42799999995313	1.351068642290836E8 
66.52799999995361	1.3493647832358095E8 
66.62799999995408	1.3476896485765347E8 
66.72799999995456	1.3460427540646824E8 
66.82799999995504	1.3444236236155808E8 
66.92799999995552	1.3428317891706076E8 
67.027999999956	1.341266790561864E8 
67.12799999995647	1.3397281753791845E8 
67.22799999995695	1.3382154988393068E8 
67.32799999995743	1.3367283236573377E8 
67.4279999999579	1.3352662199202983E8 
67.52799999995838	1.3338287649628973E8 
67.62799999995886	1.3324155432452959E8 
67.72799999995934	1.3310261462330277E8 
67.82799999995981	1.329660172278856E8 
67.92799999996029	1.3283172265067005E8 
68.02799999996077	1.3269969206974712E8 
68.12799999996125	1.3256988731768396E8 
68.22799999996172	1.324422708704914E8 
68.3279999999622	1.3231680583677548E8 
68.42799999996268	1.3219345594707447E8 
68.52799999996316	1.320721855433715E8 
68.62799999996363	1.3195295956878842E8 
68.72799999996411	1.3183574355745202E8 
68.82799999996459	1.3172050362452957E8 
68.92799999996507	1.3160720645643273E8 
69.02799999996554	1.3149581930118814E8 
69.12799999996602	1.3138630995896998E8 
69.2279999999665	1.3127864677279146E8 
69.32799999996698	1.3117279861935225E8 
69.42799999996745	1.3106873490004176E8 
69.52799999996793	1.3096642553209561E8 
69.62799999996841	1.3086584093989596E8 
69.72799999996889	1.307669520464244E8 
69.82799999996936	1.3066973026485628E8 
69.92799999996984	1.3057414749029475E8 
70.02799999997032	1.3048017609164822E8 
70.1279999999708	1.3038778890364188E8 
70.22799999997127	1.3029695921896467E8 
70.32799999997175	1.302076607805495E8 
70.42799999997223	1.3011986777398203E8 
70.5279999999727	1.3003355482003811E8 
70.62799999997318	1.2994869696734847E8 
70.72799999997366	1.298652696851839E8 
70.82799999997414	1.2978324885636552E8 
70.92799999997462	1.297026107702927E8 
71.0279999999751	1.2962333211608711E8 
71.12799999997557	1.295453899758563E8 
71.22799999997605	1.294687618180675E8 
71.32799999997653	1.2939342549103378E8 
71.427999999977	1.2931935921651204E8 
71.52799999997748	1.2924654158340484E8 
71.62799999997796	1.291749515415738E8 
71.72799999997844	1.2910456839575149E8 
71.82799999997891	1.2903537179956149E8 
71.92799999997939	1.289673417496345E8 
72.02799999997987	1.289004585798279E8 
72.12799999998035	1.288347029555372E8 
72.22799999998082	1.2877005586811218E8 
72.3279999999813	1.2870649862935618E8 
72.42799999998178	1.2864401286612725E8 
72.52799999998226	1.2858258051502559E8 
72.62799999998273	1.2852218381717247E8 
72.72799999998321	1.2846280531307562E8 
72.82799999998369	1.2840442783758219E8 
72.92799999998417	1.2834703451491804E8 
73.02799999998464	1.2829060875380719E8 
73.12799999998512	1.2823513424267629E8 
73.2279999999856	1.2818059494494124E8 
73.32799999998608	1.2812697509436743E8 
73.42799999998655	1.2807425919051634E8 
73.52799999998703	1.2802243199426137E8 
73.62799999998751	1.2797147852338387E8 
73.72799999998799	1.2792138404824188E8 
73.82799999998846	1.2787213408751245E8 
73.92799999998894	1.2782371440400481E8 
74.02799999998942	1.277761110005457E8 
74.1279999999899	1.2772931011593114E8 
74.22799999999037	1.2768329822094929E8 
74.32799999999085	1.2763806201447211E8 
74.42799999999133	1.2759358841960403E8 
74.5279999999918	1.2754986457990915E8 
74.62799999999228	1.275068778556882E8 
74.72799999999276	1.2746461582032809E8 
74.82799999999324	1.2742306625671038E8 
74.92799999999372	1.2738221715367681E8 
75.0279999999942	1.2734205670255885E8 
75.12799999999467	1.2730257329376286E8 
75.22799999999515	1.2726375551341528E8 
75.32799999999563	1.272255921400637E8 
75.4279999999961	1.2718807214143021E8 
75.52799999999658	1.2715118467122477E8 
75.62799999999706	1.2711491906600864E8 
75.72799999999754	1.2707926484211098E8 
75.82799999999801	1.270442116926008E8 
75.92799999999849	1.2700974948430485E8 
76.02799999999897	1.2697586825487949E8 
76.12799999999945	1.2694255820993099E8 
76.22799999999992	1.2690980972018321E8 
76.3280000000004	1.2687761331869455E8 
76.42800000000088	1.2684595969812168E8 
76.52800000000136	1.268148397080284E8 
76.62800000000183	1.2678424435223994E8 
76.72800000000231	1.2675416478624393E8 
76.82800000000279	1.2672459231463173E8 
76.92800000000327	1.26695518388586E8 
77.02800000000374	1.2666693460340974E8 
77.12800000000422	1.266388326960944E8 
77.2280000000047	1.2661120454293403E8 
77.32800000000518	1.2658404215717578E8 
77.42800000000565	1.2655733768670976E8 
77.52800000000613	1.2653108341180232E8 
77.62800000000661	1.2650527174286069E8 
77.72800000000709	1.2647989521824102E8 
77.82800000000756	1.2645494650209197E8 
77.92800000000804	1.2643041838223231E8 
78.02800000000852	1.2640630376806714E8 
78.128000000009	1.2638259568853822E8 
78.22800000000947	1.2635928729010761E8 
78.32800000000995	1.2633637183477834E8 
78.42800000001043	1.2631384269814463E8 
78.5280000000109	1.2629169336747806E8 
78.62800000001138	1.2626991743984531E8 
78.72800000001186	1.2624850862025505E8 
78.82800000001234	1.2622746071984135E8 
78.92800000001282	1.2620676765407167E8 
79.0280000000133	1.2618642344098932E8 
79.12800000001377	1.2616642219948429E8 
79.22800000001425	1.2614675814759372E8 
79.32800000001473	1.2612742560082693E8 
79.4280000000152	1.2610841897052792E8 
79.52800000001568	1.2608973276225527E8 
79.62800000001616	1.2607136157419485E8 
79.72800000001664	1.2605330009559967E8 
79.82800000001711	1.2603554310525265E8 
79.92800000001759	1.2601808546995896E8 
80.02800000001807	1.2600092214306119E8 
80.12800000001855	1.2598404816297993E8 
80.22800000001902	1.2596745865178199E8 
80.3280000000195	1.2595114881376652E8 
80.42800000001998	1.2593511393408227E8 
80.52800000002046	1.2591934937736142E8 
80.62800000002093	1.2590385058638306E8 
80.72800000002141	1.2588861308075215E8 
80.82800000002189	1.2587363245560725E8 
80.92800000002237	1.2585890438034531E8 
81.02800000002284	1.2584442459737176E8 
81.12800000002332	1.2583018892086598E8 
81.2280000000238	1.2581619323557577E8 
81.32800000002428	1.258024334956251E8 
81.42800000002475	1.2578890572334489E8 
81.52800000002523	1.2577560600812349E8 
81.62800000002571	1.2576253050527614E8 
81.72800000002619	1.2574967543493265E8 
81.82800000002666	1.2573703708094668E8 
81.92800000002714	1.2572461178982009E8 
82.02800000002762	1.2571239596964586E8 
82.1280000000281	1.2570038608907251E8 
82.22800000002857	1.2568857867628022E8 
82.32800000002905	1.2567697031797945E8 
82.42800000002953	1.2566555765842296E8 
82.52800000003	1.2565433739843698E8 
82.62800000003048	1.2564330629446562E8 
82.72800000003096	1.2563246115763454E8 
82.82800000003144	1.2562179885282885E8 
82.92800000003191	1.2561131629778746E8 
83.02800000003239	1.256010104622102E8 
83.12800000003287	1.2559087836688383E8 
83.22800000003335	1.2558091708281983E8 
83.32800000003382	1.2557112373040742E8 
83.4280000000343	1.2556149547858235E8 
83.52800000003478	1.2555202954400706E8 
83.62800000003526	1.2554272319026704E8 
83.72800000003573	1.2553357372707899E8 
83.82800000003621	1.2552457850951396E8 
83.92800000003669	1.255157349372322E8 
84.02800000003717	1.2550704045373188E8 
84.12800000003764	1.2549849254560949E8 
84.22800000003812	1.2549008874183384E8 
84.3280000000386	1.2548182661303076E8 
84.42800000003908	1.2547370377078268E8 
84.52800000003955	1.25465717866936E8 
84.62800000004003	1.2545786659292424E8 
84.72800000004051	1.2545014767909804E8 
84.82800000004099	1.2544255889407298E8 
84.92800000004146	1.2543509804408054E8 
85.02800000004194	1.2542776297233666E8 
85.12800000004242	1.2542055155841747E8 
85.2280000000429	1.2541346171764526E8 
85.32800000004337	1.2540649140048662E8 
85.42800000004385	1.2539963859196179E8 
85.52800000004433	1.2539290131105813E8 
85.6280000000448	1.253862776101611E8 
85.72800000004528	1.2537976557449019E8 
85.82800000004576	1.2537336332154384E8 
85.92800000004624	1.2536706900055782E8 
86.02800000004672	1.2536088079196781E8 
86.1280000000472	1.2535479690688464E8 
86.22800000004767	1.2534881558657801E8 
86.32800000004815	1.2534293510196632E8 
86.42800000004863	1.2533715375311713E8 
86.5280000000491	1.253314698687571E8 
86.62800000004958	1.2532588180578828E8 
86.72800000005006	1.2532038794881073E8 
86.82800000005054	1.2531498670965916E8 
86.92800000005101	1.2530967652694272E8 
87.02800000005149	1.2530445586559233E8 
87.12800000005197	1.252993232164181E8 
87.22800000005245	1.2529427709567142E8 
87.32800000005292	1.2528931604461995E8 
87.4280000000534	1.2528443862912026E8 
87.52800000005388	1.2527964343920958E8 
87.62800000005436	1.2527492908869205E8 
87.72800000005483	1.2527029421474281E8 
87.82800000005531	1.2526573747751066E8 
87.92800000005579	1.2526125755973352E8 
88.02800000005627	1.2525685316635507E8 
88.12800000005674	1.2525252302415276E8 
88.22800000005722	1.2524826588136789E8 
88.3280000000577	1.2524408050734481E8 
88.42800000005818	1.2523996569217402E8 
88.52800000005865	1.2523592024634373E8 
88.62800000005913	1.2523194300039634E8 
88.72800000005961	1.2522803280458729E8 
88.82800000006009	1.2522418852855758E8 
88.92800000006056	1.2522040906100187E8 
89.02800000006104	1.2521669330935203E8 
89.12800000006152	1.252130401994563E8 
89.228000000062	1.2520944867527339E8 
89.32800000006247	1.2520591769856425E8 
89.42800000006295	1.2520244624859384E8 
89.52800000006343	1.2519903332183419E8 
89.6280000000639	1.2519567793167576E8 
89.72800000006438	1.2519237910814139E8 
89.82800000006486	1.2518913589760709E8 
89.92800000006534	1.2518594736252408E8 
90.02800000006582	1.2518281258114925E8 
90.1280000000663	1.251797306472812E8 
90.22800000006677	1.2517670066999131E8 
90.32800000006725	1.2517372177337435E8 
90.42800000006773	1.2517079309629057E8 
90.5280000000682	1.2516791379211576E8 
90.62800000006868	1.2516508302850184E8 
90.72800000006916	1.2516229998712981E8 
90.82800000006964	1.2515956386347707E8 
90.92800000007011	1.251568738665851E8 
91.02800000007059	1.2515422921882847E8 
91.12800000007107	1.2515162915569223E8 
91.22800000007155	1.2514907292554927E8 
91.32800000007202	1.2514655978944422E8 
91.4280000000725	1.2514408902087831E8 
91.52800000007298	1.251416599056019E8 
91.62800000007346	1.2513927174140562E8 
91.72800000007393	1.25136923837918E8 
91.82800000007441	1.2513461551640728E8 
91.92800000007489	1.2513234610958251E8 
92.02800000007537	1.2513011496140282E8 
92.12800000007584	1.2512792142688873E8 
92.22800000007632	1.251257648719317E8 
92.3280000000768	1.2512364467311457E8 
92.42800000007728	1.2512156021752945E8 
92.52800000007775	1.251195109026019E8 
92.62800000007823	1.2511749613591473E8 
92.72800000007871	1.2511551533503981E8 
92.82800000007919	1.2511356792736581E8 
92.92800000007966	1.2511165334993605E8 
93.02800000008014	1.2510977104928353E8 
93.12800000008062	1.2510792048127303E8 
93.2280000000811	1.2510610111094174E8 
93.32800000008157	1.2510431241234478E8 
93.42800000008205	1.2510255386840586E8 
93.52800000008253	1.2510082497076407E8 
93.628000000083	1.250991252196298E8 
93.72800000008348	1.2509745412363754E8 
93.82800000008396	1.2509581119970725E8 
93.92800000008444	1.2509419597290221E8 
94.02800000008492	1.2509260797629184E8 
94.1280000000854	1.250910467508179E8 
94.22800000008587	1.2508951184516108E8 
94.32800000008635	1.2508800281561016E8 
94.42800000008683	1.2508651922593454E8 
94.5280000000873	1.2508506064725764E8 
94.62800000008778	1.250836266579331E8 
94.72800000008826	1.2508221684342381E8 
94.82800000008874	1.2508083079617918E8 
94.92800000008921	1.2507946811552095E8 
95.02800000008969	1.2507812840752533E8 
95.12800000009017	1.2507681128490858E8 
95.22800000009065	1.2507551636691669E8 
95.32800000009112	1.2507424327921438E8 
95.4280000000916	1.2507299165377754E8 
95.52800000009208	1.2507176112878555E8 
95.62800000009256	1.2507055134851831E8 
95.72800000009303	1.2506936196325222E8 
95.82800000009351	1.2506819262915924E8 
95.92800000009399	1.2506704300820783E8 
96.02800000009447	1.2506591276806627E8 
96.12800000009494	1.2506480158200276E8 
96.22800000009542	1.2506370912879771E8 
96.3280000000959	1.250626350926421E8 
96.42800000009638	1.2506157916305457E8 
96.52800000009685	1.2506054103478646E8 
96.62800000009733	1.250595204077355E8 
96.72800000009781	1.250585169868582E8 
96.82800000009829	1.2505753048208642E8 
96.92800000009876	1.250565606082401E8 
97.02800000009924	1.2505560708494782E8 
97.12800000009972	1.2505466963656534E8 
97.2280000001002	1.2505374799209492E8 
97.32800000010067	1.250528418851073E8 
97.42800000010115	1.2505195105366477E8 
97.52800000010163	1.2505107524024554E8 
97.6280000001021	1.2505021419166875E8 
97.72800000010258	1.2504936765902299E8 
97.82800000010306	1.250485353975923E8 
97.92800000010354	1.250477171667861E8 
98.02800000010402	1.250469127300697E8 
98.12800000010449	1.2504612185489717E8 
98.22800000010497	1.2504534431264153E8 
98.32800000010545	1.2504457987853087E8 
98.42800000010592	1.250438283315823E8 
98.5280000001064	1.2504308945453843E8 
98.62800000010688	1.2504236303380474E8 
98.72800000010736	1.2504164885938686E8 
98.82800000010783	1.2504094672483163E8 
98.92800000010831	1.2504025642716551E8 
99.02800000010879	1.2503957776683763E8 
99.12800000010927	1.2503891054765981E8 
99.22800000010974	1.2503825457675241E8 
99.32800000011022	1.2503760966448765E8 
99.4280000001107	1.2503697562443407E8 
99.52800000011118	1.2503635227330256E8 
99.62800000011165	1.2503573943089569E8 
99.72800000011213	1.2503513692005152E8 
99.82800000011261	1.2503454456659704E8 
99.92800000011309	1.2503396219929439E8 
