0.001	1000.0000000000409 
0.10100000000000008	1000.0000006894958 
0.20100000000000015	1000.0000016021278 
0.3010000000000002	1000.0000024590635 
0.4010000000000003	1000.0000033072749 
0.5020000000000003	1000.0000041490204 
0.6020000000000004	1000.0000049681898 
0.7020000000000005	1000.0000057736314 
0.8020000000000006	1000.000006565465 
0.9020000000000007	1000.0000073439587 
1.0030000000000003	1000.0000081169137 
1.1039999999999892	1000.0000088767091 
1.204999999999978	1000.0000096235682 
1.305999999999967	1000.0000103577122 
1.4069999999999558	1000.0000110793569 
1.5079999999999447	1000.0000117887153 
1.6089999999999336	1000.000012485996 
1.7099999999999225	1000.000013171405 
1.8109999999999113	1000.0000138451448 
1.9119999999999002	1000.0000145074143 
2.0129999999998893	1000.000015158408 
2.113999999999878	1000.000015798318 
2.214999999999867	1000.0000164273329 
2.315999999999856	1000.0000170456386 
2.416999999999845	1000.0000176534177 
2.5179999999998337	1000.0000182508489 
2.6189999999998226	1000.0000188381081 
2.7199999999998115	1000.0000194153688 
2.8209999999998003	1000.0000199828019 
2.921999999999789	1000.0000205405738 
3.022999999999778	1000.000021088849 
3.123999999999767	1000.0000216277899 
3.224999999999756	1000.0000221575552 
3.3259999999997447	1000.000022678301 
3.4269999999997336	1000.0000231901806 
3.5279999999997225	1000.0000236933452 
3.6289999999997113	1000.0000241879426 
3.7299999999997	1000.0000246741196 
3.830999999999689	1000.0000251520185 
3.931999999999678	1000.000025621782 
4.031999999999681	1000.0000260790141 
4.131999999999715	1000.0000265285379 
4.231999999999748	1000.0000269704834 
4.331999999999781	1000.0000274049784 
4.431999999999815	1000.0000278321482 
4.531999999999848	1000.0000282521169 
4.6319999999998815	1000.0000286650053 
4.731999999999915	1000.0000290709328 
4.831999999999948	1000.0000294700174 
4.931999999999982	1000.0000298623743 
5.032000000000015	1000.0000302481163 
5.1320000000000485	1000.0000306273557 
5.232000000000082	1000.0000310002014 
5.332000000000115	1000.0000313667615 
5.432000000000149	1000.0000317271421 
5.532000000000182	1000.0000320814468 
5.6320000000002155	1000.000032429779 
5.732000000000249	1000.0000327722382 
5.832000000000282	1000.0000331089249 
5.932000000000316	1000.0000334399357 
6.032000000000349	1000.0000337653659 
6.1320000000003825	1000.00003408531 
6.232000000000416	1000.0000343998599 
6.332000000000449	1000.0000347091072 
6.432000000000483	1000.0000350131409 
6.532000000000516	1000.0000353120492 
6.6320000000005495	1000.0000356059184 
6.732000000000583	1000.0000358948333 
6.832000000000616	1000.0000361788777 
6.93200000000065	1000.0000364581332 
7.032000000000683	1000.0000367326808 
7.132000000000716	1000.0000370026002 
7.23200000000075	1000.0000372679699 
7.332000000000783	1000.0000375288656 
7.432000000000817	1000.0000377853631 
7.53200000000085	1000.0000380375358 
7.632000000000883	1000.0000382854575 
7.732000000000917	1000.0000385291996 
7.83200000000095	1000.0000387688325 
7.932000000000984	1000.0000390044258 
8.032000000000988	1000.0000392360472 
8.133000000000932	1000.0000394660213 
8.234000000000876	1000.0000396920802 
8.33500000000082	1000.0000399142904 
8.436000000000764	1000.0000401327171 
8.537000000000708	1000.000040347425 
8.638000000000652	1000.0000405584774 
8.739000000000596	1000.0000407659362 
8.84000000000054	1000.0000409698629 
8.941000000000484	1000.0000411703188 
9.042000000000428	1000.0000413673617 
9.143000000000372	1000.0000415610496 
9.244000000000316	1000.0000417514394 
9.34500000000026	1000.0000419385877 
9.446000000000204	1000.0000421225499 
9.547000000000148	1000.00004230338 
9.648000000000092	1000.0000424811315 
9.749000000000036	1000.0000426558564 
9.84999999999998	1000.0000428276061 
9.950999999999924	1000.000042996432 
10.051999999999868	1000.0000431623839 
10.152999999999812	1000.0000433255103 
10.253999999999756	1000.000043485859 
10.3549999999997	1000.0000436434781 
10.455999999999644	1000.000043798413 
10.556999999999588	1000.0000439507106 
10.657999999999532	1000.000044100415 
10.758999999999476	1000.0000442475706 
10.85999999999942	1000.0000443922202 
10.960999999999364	1000.0000445344077 
11.061999999999308	1000.0000446741739 
11.162999999999252	1000.00004481156 
11.263999999999196	1000.0000449466078 
11.36499999999914	1000.0000450793573 
11.465999999999084	1000.0000452098466 
11.566999999999029	1000.0000453381135 
11.667999999998973	1000.000045464197 
11.768999999998917	1000.0000455881337 
11.86999999999886	1000.0000457099603 
11.970999999998805	1000.0000458297127 
12.071999999998749	1000.0000459474261 
12.172999999998693	1000.0000460631354 
12.273999999998637	1000.0000461768745 
12.37499999999858	1000.0000462886777 
12.475999999998525	1000.0000463985768 
12.576999999998469	1000.0000465066051 
12.677999999998413	1000.0000466127939 
12.778999999998357	1000.000046717175 
12.8799999999983	1000.0000468197785 
12.980999999998245	1000.0000469206359 
13.081999999998189	1000.0000470197758 
13.182999999998133	1000.0000471172277 
13.283999999998077	1000.0000472130205 
13.384999999998021	1000.0000473071824 
13.485999999997965	1000.0000473997407 
13.586999999997909	1000.0000474907235 
13.687999999997853	1000.0000475801573 
13.788999999997797	1000.0000476680682 
13.889999999997741	1000.0000477544825 
13.990999999997685	1000.0000478394257 
14.091999999997629	1000.0000479229222 
14.192999999997573	1000.0000480049976 
14.293999999997517	1000.0000480856754 
14.394999999997461	1000.0000481649796 
14.495999999997405	1000.0000482429336 
14.59699999999735	1000.0000483195605 
14.697999999997293	1000.0000483948824 
14.798999999997237	1000.0000484689217 
14.899999999997181	1000.0000485417011 
15.000999999997125	1000.0000486132404 
15.10199999999707	1000.0000486835613 
15.202999999997013	1000.000048752685 
15.303999999996957	1000.0000488206333 
15.404999999996901	1000.0000488874252 
15.505999999996845	1000.00004895308 
15.60699999999679	1000.0000490176167 
15.707999999996733	1000.0000490810548 
15.808999999996677	1000.0000491434129 
15.909999999996622	1000.000049204709 
16.010999999996585	1000.0000492649613 
16.110999999996707	1000.0000493236063 
16.21099999999683	1000.0000493812628 
16.31099999999695	1000.0000494379474 
16.410999999997074	1000.0000494936759 
16.510999999997196	1000.0000495484651 
16.61099999999732	1000.0000496023305 
16.71099999999744	1000.0000496552879 
16.810999999997563	1000.0000497073528 
16.910999999997685	1000.0000497585397 
17.010999999997807	1000.0000498088633 
17.11099999999793	1000.0000498583391 
17.21099999999805	1000.0000499069806 
17.310999999998174	1000.0000499548022 
17.410999999998296	1000.0000500018173 
17.51099999999842	1000.0000500480402 
17.61099999999854	1000.0000500934831 
17.710999999998663	1000.0000501381605 
17.810999999998785	1000.0000501820848 
17.910999999998907	1000.0000502252685 
18.01099999999903	1000.0000502677243 
18.11099999999915	1000.0000503094642 
18.210999999999274	1000.0000503505003 
18.310999999999396	1000.0000503908445 
18.410999999999518	1000.0000504305087 
18.51099999999964	1000.0000504695045 
18.610999999999763	1000.0000505078426 
18.710999999999885	1000.0000505455342 
18.811000000000007	1000.0000505825906 
18.91100000000013	1000.0000506190221 
19.01100000000025	1000.0000506548398 
19.111000000000374	1000.000050690053 
19.211000000000496	1000.0000507246722 
19.311000000000618	1000.0000507587083 
19.41100000000074	1000.0000507921709 
19.511000000000863	1000.0000508250702 
19.611000000000985	1000.0000508574138 
19.711000000001107	1000.0000508892127 
19.81100000000123	1000.0000509204755 
19.91100000000135	1000.000050951211 
20.011000000001474	1000.0000509814288 
20.111000000001596	1000.0000510111366 
20.211000000001718	1000.0000510403437 
20.31100000000184	1000.0000510690584 
20.411000000001962	1000.0000510972891 
20.511000000002085	1000.0000511250436 
20.611000000002207	1000.0000511523307 
20.71100000000233	1000.0000511791571 
20.81100000000245	1000.0000512055318 
20.911000000002574	1000.000051231462 
21.011000000002696	1000.0000512569544 
21.111000000002818	1000.0000512820174 
21.21100000000294	1000.0000513066578 
21.311000000003062	1000.0000513308828 
21.411000000003185	1000.0000513546996 
21.511000000003307	1000.0000513781144 
21.61100000000343	1000.0000514011342 
21.71100000000355	1000.0000514237662 
21.811000000003673	1000.0000514460176 
21.911000000003796	1000.0000514678935 
22.011000000003918	1000.0000514894006 
22.11100000000404	1000.000051510545 
22.211000000004162	1000.0000515313329 
22.311000000004285	1000.0000515517702 
22.411000000004407	1000.0000515718632 
22.51100000000453	1000.0000515916172 
22.61100000000465	1000.0000516110381 
22.711000000004773	1000.0000516301318 
22.811000000004896	1000.0000516489036 
22.911000000005018	1000.0000516673588 
23.01100000000514	1000.000051685503 
23.111000000005262	1000.0000517033412 
23.211000000005384	1000.0000517208787 
23.311000000005507	1000.0000517381204 
23.41100000000563	1000.0000517550714 
23.51100000000575	1000.0000517717367 
23.611000000005873	1000.0000517881214 
23.711000000005996	1000.0000518042298 
23.811000000006118	1000.0000518200667 
23.91100000000624	1000.0000518356364 
24.011000000006362	1000.0000518509436 
24.111000000006484	1000.0000518659925 
24.211000000006607	1000.0000518807881 
24.31100000000673	1000.0000518953342 
24.41100000000685	1000.000051909635 
24.511000000006973	1000.0000519236945 
24.611000000007095	1000.0000519375168 
24.711000000007218	1000.0000519511065 
24.81100000000734	1000.0000519644672 
24.911000000007462	1000.0000519776028 
25.011000000007584	1000.0000519905167 
25.111000000007706	1000.0000520032128 
25.21100000000783	1000.0000520156955 
25.31100000000795	1000.000052027967 
25.411000000008073	1000.0000520400317 
25.511000000008195	1000.000052051893 
25.611000000008318	1000.0000520635543 
25.71100000000844	1000.0000520750189 
25.811000000008562	1000.0000520862906 
25.911000000008684	1000.0000520973722 
26.011000000008806	1000.0000521082669 
26.11100000000893	1000.0000521189777 
26.21100000000905	1000.0000521295078 
26.311000000009173	1000.0000521398608 
26.411000000009295	1000.0000521500391 
26.511000000009417	1000.0000521600459 
26.61100000000954	1000.0000521698839 
26.711000000009662	1000.000052179556 
26.811000000009784	1000.0000521890652 
26.911000000009906	1000.000052198414 
27.01100000001003	1000.0000522076052 
27.11100000001015	1000.0000522166416 
27.211000000010273	1000.0000522255259 
27.311000000010395	1000.00005223426 
27.411000000010517	1000.0000522428471 
27.51100000001064	1000.0000522512894 
27.611000000010762	1000.0000522595892 
27.711000000010884	1000.000052267749 
27.811000000011006	1000.0000522757715 
27.91100000001113	1000.0000522836588 
28.01100000001125	1000.0000522914129 
28.111000000011373	1000.0000522990363 
28.211000000011495	1000.000052306531 
28.311000000011617	1000.0000523138996 
28.41100000001174	1000.0000523211438 
28.51100000001186	1000.0000523282658 
28.611000000011984	1000.0000523352678 
28.711000000012106	1000.0000523421517 
28.81100000001223	1000.0000523489194 
28.91100000001235	1000.0000523555733 
29.011000000012473	1000.0000523621146 
29.111000000012595	1000.0000523685457 
29.211000000012717	1000.0000523748689 
29.31100000001284	1000.000052381085 
29.41100000001296	1000.0000523871961 
29.511000000013084	1000.0000523932044 
29.611000000013206	1000.0000523991114 
29.71100000001333	1000.000052404919 
29.81100000001345	1000.0000524106285 
29.911000000013573	1000.0000524162415 
30.011000000013695	1000.0000524217602 
30.111000000013817	1000.0000524271858 
30.21100000001394	1000.00005243252 
30.31100000001406	1000.0000524377643 
30.411000000014184	1000.0000524429204 
30.511000000014306	1000.0000524479893 
30.61100000001443	1000.0000524529728 
30.71100000001455	1000.0000524578724 
30.811000000014673	1000.0000524626893 
30.911000000014795	1000.0000524674253 
31.011000000014917	1000.0000524720812 
31.11100000001504	1000.0000524766588 
31.21100000001516	1000.0000524811588 
31.311000000015284	1000.0000524855838 
31.411000000015406	1000.0000524899335 
31.511000000015528	1000.00005249421 
31.61100000001565	1000.0000524984149 
31.711000000015773	1000.0000525025482 
31.811000000015895	1000.0000525066123 
31.911000000016017	1000.0000525106077 
32.0110000000161	1000.0000525145355 
32.11200000001586	1000.0000525184355 
32.213000000015626	1000.000052522269 
32.31400000001539	1000.0000525260374 
32.415000000015155	1000.0000525297412 
32.51600000001492	1000.0000525333825 
32.617000000014684	1000.0000525369611 
32.71800000001445	1000.0000525404789 
32.81900000001421	1000.0000525439367 
32.92000000001398	1000.0000525473356 
33.02100000001374	1000.0000525506769 
33.12200000001351	1000.0000525539606 
33.22300000001327	1000.0000525571891 
33.32400000001304	1000.0000525603624 
33.4250000000128	1000.0000525634814 
33.526000000012566	1000.0000525665475 
33.62700000001233	1000.0000525695611 
33.728000000012095	1000.0000525725235 
33.82900000001186	1000.0000525754353 
33.930000000011624	1000.0000525782975 
34.03100000001139	1000.0000525811108 
34.13200000001115	1000.0000525838765 
34.23300000001092	1000.0000525865948 
34.33400000001068	1000.0000525892672 
34.43500000001045	1000.0000525918939 
34.53600000001021	1000.0000525944755 
34.63700000000998	1000.0000525970133 
34.73800000000974	1000.0000525995077 
34.839000000009506	1000.0000526019599 
34.94000000000927	1000.00005260437 
35.041000000009035	1000.0000526067394 
35.1420000000088	1000.0000526090681 
35.243000000008564	1000.000052611357 
35.34400000000833	1000.0000526136072 
35.44500000000809	1000.0000526158191 
35.54600000000786	1000.0000526179929 
35.64700000000762	1000.0000526201301 
35.74800000000739	1000.0000526222311 
35.84900000000715	1000.0000526242956 
35.950000000006916	1000.0000526263254 
36.05100000000668	1000.0000526283204 
36.152000000006446	1000.0000526302816 
36.25300000000621	1000.0000526322092 
36.354000000005975	1000.0000526341041 
36.45500000000574	1000.0000526359663 
36.556000000005504	1000.0000526377971 
36.65700000000527	1000.0000526395964 
36.75800000000503	1000.0000526413654 
36.8590000000048	1000.0000526431039 
36.96000000000456	1000.0000526448131 
37.06100000000433	1000.000052646493 
37.16200000000409	1000.0000526481447 
37.263000000003856	1000.0000526497679 
37.36400000000362	1000.0000526513637 
37.465000000003386	1000.0000526529319 
37.56600000000315	1000.0000526544737 
37.667000000002915	1000.0000526559893 
37.76800000000268	1000.0000526574789 
37.869000000002444	1000.000052658943 
37.97000000000221	1000.0000526603822 
38.07100000000197	1000.0000526617966 
38.17200000000174	1000.0000526631871 
38.2730000000015	1000.0000526645541 
38.37400000000127	1000.0000526658973 
38.47500000000103	1000.0000526672178 
38.576000000000796	1000.0000526685158 
38.67700000000056	1000.0000526697919 
38.778000000000326	1000.0000526710463 
38.87900000000009	1000.000052672279 
38.979999999999855	1000.0000526734909 
39.08099999999962	1000.000052674682 
39.181999999999384	1000.0000526758529 
39.28299999999915	1000.000052677004 
39.38399999999891	1000.000052678135 
39.48499999999868	1000.0000526792475 
39.58599999999844	1000.0000526803409 
39.68699999999821	1000.0000526814155 
39.78799999999797	1000.0000526824721 
39.888999999997736	1000.0000526835104 
39.9899999999975	1000.0000526845312 
40.090999999997265	1000.0000526855343 
40.19199999999703	1000.0000526865203 
40.292999999996795	1000.0000526874896 
40.39399999999656	1000.0000526884425 
40.494999999996324	1000.0000526893785 
40.59599999999609	1000.000052690299 
40.69699999999585	1000.0000526912038 
40.79799999999562	1000.0000526920928 
40.89899999999538	1000.0000526929665 
40.99999999999515	1000.000052693826 
41.10099999999491	1000.0000526946706 
41.201999999994676	1000.0000526955001 
41.30299999999444	1000.0000526963163 
41.403999999994205	1000.0000526971185 
41.50499999999397	1000.0000526979068 
41.605999999993735	1000.0000526986817 
41.7069999999935	1000.0000526994431 
41.807999999993264	1000.0000527001918 
41.90899999999303	1000.0000527009277 
42.00999999999279	1000.0000527016508 
42.11099999999256	1000.0000527023619 
42.21199999999232	1000.0000527030613 
42.31299999999209	1000.0000527037483 
42.41399999999185	1000.0000527044238 
42.514999999991616	1000.0000527050878 
42.61599999999138	1000.0000527057408 
42.716999999991145	1000.0000527063825 
42.81799999999091	1000.0000527070138 
42.918999999990675	1000.0000527076338 
43.01999999999044	1000.0000527082434 
43.120999999990204	1000.0000527088428 
43.22199999998997	1000.0000527094319 
43.32299999998973	1000.000052710011 
43.4239999999895	1000.0000527105802 
43.52499999998926	1000.0000527111393 
43.62599999998903	1000.0000527116896 
43.72699999998879	1000.0000527122305 
43.827999999988556	1000.000052712762 
43.92899999998832	1000.0000527132839 
44.029999999988085	1000.000052713797 
44.13099999998785	1000.0000527143017 
44.231999999987615	1000.0000527147979 
44.33299999998738	1000.000052715285 
44.433999999987144	1000.0000527157641 
44.53499999998691	1000.0000527162349 
44.63599999998667	1000.0000527166974 
44.73699999998644	1000.000052717152 
44.8379999999862	1000.0000527175993 
44.93899999998597	1000.0000527180387 
45.03999999998573	1000.0000527184699 
45.140999999985496	1000.0000527188948 
45.24199999998526	1000.0000527193115 
45.342999999985025	1000.0000527197215 
45.44399999998479	1000.0000527201247 
45.544999999984555	1000.0000527205202 
45.64599999998432	1000.0000527209098 
45.746999999984084	1000.000052721292 
45.84799999998385	1000.0000527216683 
45.94899999998361	1000.0000527220375 
46.04999999998338	1000.0000527224007 
46.15099999998314	1000.0000527227577 
46.25199999998291	1000.0000527231084 
46.35299999998267	1000.0000527234541 
46.453999999982436	1000.0000527237933 
46.5549999999822	1000.0000527241269 
46.655999999981965	1000.0000527244546 
46.75699999998173	1000.0000527247772 
46.857999999981494	1000.0000527250938 
46.95899999998126	1000.0000527254055 
47.059999999981024	1000.0000527257121 
47.16099999998079	1000.0000527260135 
47.26199999998055	1000.00005272631 
47.36299999998032	1000.0000527266016 
47.46399999998008	1000.0000527268875 
47.56499999997985	1000.0000527271692 
47.66599999997961	1000.0000527274458 
47.766999999979376	1000.0000527277177 
47.86799999997914	1000.0000527279857 
47.968999999978905	1000.0000527282484 
48.06999999997867	1000.0000527285075 
48.170999999978434	1000.0000527287615 
48.2719999999782	1000.0000527290114 
48.372999999977964	1000.0000527292578 
48.47399999997773	1000.0000527294986 
48.57499999997749	1000.0000527297364 
48.67599999997726	1000.0000527299704 
48.77699999997702	1000.0000527301996 
48.87799999997679	1000.0000527304258 
48.97899999997655	1000.0000527306479 
49.079999999976316	1000.0000527308657 
49.18099999997608	1000.0000527310804 
49.281999999975845	1000.0000527312922 
49.38299999997561	1000.000052731499 
49.483999999975374	1000.0000527317026 
49.58499999997514	1000.0000527319045 
49.685999999974904	1000.0000527321004 
49.78699999997467	1000.000052732294 
49.88799999997443	1000.0000527324855 
49.9889999999742	1000.0000527326732 
50.08999999997396	999.9958951796993 
50.19099999997373	999.9815373103281 
50.29199999997349	999.95710839354 
50.392999999973256	999.9227774442638 
50.49399999997302	999.8787135922304 
50.594999999972785	999.8250824321507 
50.69599999997255	999.7620468752624 
50.796999999972314	999.689767032817 
50.89799999997208	999.6084002947172 
50.99899999997184	999.5181013705205 
51.09999999997161	999.419022335831 
51.20099999997137	999.3113126770845 
51.30199999997114	999.1951193356194 
51.4029999999709	999.0705867510139 
51.50399999997067	998.9378569036801 
51.60499999997043	998.7970693567302 
51.705999999970196	998.6483612971359 
51.80699999996996	998.4918675761819 
51.907999999969725	998.3277207492303 
52.00899999996949	998.1560511148136 
52.109999999969254	997.9769867530563 
52.21099999996902	997.7906535634448 
52.31199999996878	997.5971753019554 
52.41299999996855	997.3966736175458 
52.51399999996831	997.189268088032 
52.61499999996808	996.9750762553487 
52.71599999996784	996.7542136602101 
52.81699999996761	996.526793876185 
52.91799999996737	996.2929285431859 
53.018999999967136	996.052727400392 
53.1199999999669	995.806298318609 
53.220999999966665	995.5537473320812 
53.32199999996643	995.2951786697588 
53.422999999966194	995.0306947860333 
53.52399999996596	994.7603963909518 
53.62499999996572	994.4843824799152 
53.72599999996549	994.20275036287 
53.82699999996525	993.915595693006 
53.92799999996502	993.6230124949604 
54.02899999996478	993.3250931925494 
54.12999999996455	993.0219286360191 
54.23099999996431	992.713608128838 
54.331999999964076	992.4002194540313 
54.43299999996384	992.0818489000694 
54.533999999963605	991.7585812863099 
54.63499999996337	991.4304999880129 
54.735999999963134	991.0976869609268 
54.8369999999629	990.7602227654562 
54.93799999996266	990.418186590418 
55.03899999996243	990.0716562763948 
55.13999999996219	989.7207083386871 
55.24099999996196	989.3654179898803 
55.34199999996172	989.0058591620214 
55.442999999961486	988.6421045284205 
55.54399999996125	988.2742255250854 
55.644999999961016	987.902292371782 
55.74599999996078	987.5263740927458 
55.846999999960545	987.146538537036 
55.94799999996031	986.7628523985401 
56.048999999960074	986.3753812356454 
56.14999999995984	985.9841894905699 
56.2509999999596	985.5893405083654 
56.35199999995937	985.1908965555965 
56.45299999995913	984.7889188387071 
56.5539999999589	984.3834675220629 
56.65499999995866	983.9746017456982 
56.755999999958426	983.5623796427539 
56.85699999995819	983.1468583566199 
56.957999999957956	982.7280940577888 
57.05899999995772	982.3061419604172 
57.159999999957485	981.8810563386087 
57.26099999995725	981.452890542419 
57.361999999957014	981.0216970135892 
57.46299999995678	980.5875273010095 
57.56399999995654	980.1504320759198 
57.66499999995631	979.7104611468536 
57.76599999995607	979.2676634743252 
57.86699999995584	978.8220871852682 
57.9679999999556	978.3737795872271 
58.068999999955366	977.9227871823084 
58.16999999995513	977.4691556808949 
58.270999999954896	977.0129300151211 
58.37199999995466	976.554154352128 
58.472999999954425	976.0928721070846 
58.57399999995419	975.6291259559933 
58.674999999953954	975.1629578482715 
58.77599999995372	974.6944090191232 
58.87699999995348	974.2235200017009 
58.97799999995325	973.7503306390561 
59.07899999995301	973.2748800958892 
59.17999999995278	972.7972068700994 
59.28099999995254	972.3173488041369 
59.381999999952306	971.835343096163 
59.48299999995207	971.3512263110174 
59.583999999951835	970.8650343910039 
59.6849999999516	970.3768026664873 
59.785999999951365	969.8865658663121 
59.88699999995113	969.394358128046 
59.987999999950894	968.9002130080426 
60.08899999995066	968.4082298305623 
60.18999999995042	967.9245656308626 
60.29099999995019	967.4491340603681 
60.39199999994995	966.9817974429465 
60.49299999994972	966.5224174026738 
60.59399999994948	966.0708585914709 
60.694999999949246	965.6269878251303 
60.79599999994901	965.19067421452 
60.896999999948775	964.7617890940373 
60.99799999994854	964.340205989445 
61.098999999948305	963.9258005797219 
61.19999999994807	963.5184506604795 
61.300999999947834	963.1180361079358 
61.4019999999476	962.7244388434829 
61.50299999994736	962.3375427988692 
61.60399999994713	961.9572338819726 
61.70499999994689	961.5833999431541 
61.80599999994666	961.2159307421882 
61.90699999994642	960.8547179157504 
62.007999999946186	960.4996549454663 
62.10899999994595	960.1506371264973 
62.209999999945715	959.8075615366644 
62.31099999994548	959.4703270060987 
62.411999999945245	959.1388340874059 
62.51299999994501	958.812985026341 
62.613999999944774	958.4926837329817 
62.71499999994454	958.1778357533913 
62.8159999999443	957.8683482417663 
62.91699999994407	957.5641299330553 
63.01799999994383	957.2650911160483 
63.1189999999436	956.971143606919 
63.21999999994336	956.682200723223 
63.320999999943126	956.3981772583328 
63.42199999994289	956.1189894563132 
63.522999999942655	955.844554987223 
63.62399999994242	955.5747929228336 
63.724999999942185	955.3096237127683 
63.82599999994195	955.048969161039 
63.926999999941714	954.792752402992 
64.02799999994167	954.5408978826363 
64.12799999994215	954.29576170536 
64.22799999994263	954.0547581401964 
64.3279999999431	953.8178175177765 
64.42799999994358	953.5848713432472 
64.52799999994406	953.3558522764721 
64.62799999994454	953.1306941125627 
64.72799999994501	952.9093317627426 
64.82799999994549	952.6917012355296 
64.92799999994597	952.4777396182383 
65.02799999994645	952.2673850587918 
65.12799999994692	952.0605767478429 
65.2279999999474	951.8572549011948 
65.32799999994788	951.6573607425181 
65.42799999994836	951.4608364863611 
65.52799999994883	951.2676253214437 
65.62799999994931	951.0776713942357 
65.72799999994979	950.890919792809 
65.82799999995026	950.7073165309654 
65.92799999995074	950.5268085326288 
66.02799999995122	950.349343616504 
66.1279999999517	950.1748704809892 
66.22799999995217	950.003338689348 
66.32799999995265	949.8346986551278 
66.42799999995313	949.6689016278268 
66.52799999995361	949.5058996787999 
66.62799999995408	949.3456456874038 
66.72799999995456	949.1880933273761 
66.82799999995504	949.0331970534419 
66.92799999995552	948.8809120881485 
67.027999999956	948.7311944089212 
67.12799999995647	948.5840007353362 
67.22799999995695	948.4392885166117 
67.32799999995743	948.2970159193031 
67.4279999999579	948.1571418152134 
67.52799999995838	948.0196257695033 
67.62799999995886	947.8844280289998 
67.72799999995934	947.7515095107078 
67.82799999995981	947.6208317905092 
67.92799999996029	947.4923570920573 
68.02799999996077	947.3660482758548 
68.12799999996125	947.2418688285182 
68.22799999996172	947.1197828522226 
68.3279999999622	946.9997550543244 
68.42799999996268	946.8817507371581 
68.52799999996316	946.7657357880075 
68.62799999996363	946.6516766692422 
68.72799999996411	946.5395404086246 
68.82799999996459	946.4292945897774 
68.92799999996507	946.3209073428127 
69.02799999996554	946.214347335118 
69.12799999996602	946.1095837623005 
69.2279999999665	946.0065863392814 
69.32799999996698	945.90532529154 
69.42799999996745	945.8057713465081 
69.52799999996793	945.7078957251076 
69.62799999996841	945.6116701334291 
69.72799999996889	945.5170667545558 
69.82799999996936	945.4240582405198 
69.92799999996984	945.3326177043969 
70.02799999997032	945.2427187125348 
70.1279999999708	945.154335276911 
70.22799999997127	945.0674418476206 
70.32799999997175	944.9820133054895 
70.42799999997223	944.8980249548147 
70.5279999999727	944.8154525162222 
70.62799999997318	944.7342721196521 
70.72799999997366	944.6544602974553 
70.82799999997414	944.5759939776104 
70.92799999997462	944.4988504770553 
71.0279999999751	944.4230074951278 
71.12799999997557	944.3484431071198 
71.22799999997605	944.2751357579405 
71.32799999997653	944.2030642558829 
71.427999999977	944.1322077665 
71.52799999997748	944.0625458065806 
71.62799999997796	943.994058238228 
71.72799999997844	943.9267252630394 
71.82799999997891	943.8605274163823 
71.92799999997939	943.7954455617665 
72.02799999997987	943.7314608853142 
72.12799999998035	943.6685548903188 
72.22799999998082	943.6067093919008 
72.3279999999813	943.5459065117482 
72.42799999998178	943.4861286729491 
72.52799999998226	943.4273585949114 
72.62799999998273	943.3695792883672 
72.72799999998321	943.3127740504599 
72.82799999998369	943.2569264599176 
72.92799999998417	943.2020203723057 
73.02799999998464	943.1480399153583 
73.12799999998512	943.0949694843916 
73.2279999999856	943.0427937377937 
73.32799999998608	942.9914975925859 
73.42799999998655	942.9410662200661 
73.52799999998703	942.8914850415217 
73.62799999998751	942.8427397240133 
73.72799999998799	942.7948161762321 
73.82799999998846	942.7477005444268 
73.92799999998894	942.7013792084002 
74.02799999998942	942.655838777569 
74.1279999999899	942.6110660870938 
74.22799999999037	942.5670481940743 
74.32799999999085	942.5237723738085 
74.42799999999133	942.48122611611 
74.5279999999918	942.4393971216973 
74.62799999999228	942.3982732986343 
74.72799999999276	942.357842758836 
74.82799999999324	942.3180938146324 
74.92799999999372	942.2790149753889 
75.0279999999942	942.2405949441851 
75.12799999999467	942.2028226145495 
75.22799999999515	942.1656870672465 
75.32799999999563	942.1291775671244 
75.4279999999961	942.0932835600073 
75.52799999999658	942.0579946696473 
75.62799999999706	942.0233006947234 
75.72799999999754	941.9891916058925 
75.82799999999801	941.955657542891 
75.92799999999849	941.9226888116837 
76.02799999999897	941.8902758816615 
76.12799999999945	941.8584093828879 
76.22799999999992	941.8270801033866 
76.3280000000004	941.7962789864818 
76.42800000000088	941.7659971281795 
76.52800000000136	941.7362257745928 
76.62800000000183	941.7069563194113 
76.72800000000231	941.6781803014137 
76.82800000000279	941.6498894020219 
76.92800000000327	941.6220754428963 
77.02800000000374	941.5947303835698 
77.12800000000422	941.5678463191265 
77.2280000000047	941.5414154779141 
77.32800000000518	941.5154302192992 
77.42800000000565	941.4898830314564 
77.52800000000613	941.4647665291989 
77.62800000000661	941.4400734518413 
77.72800000000709	941.4157966611041 
77.82800000000756	941.3919291390458 
77.92800000000804	941.368463986037 
78.02800000000852	941.3453944187663 
78.128000000009	941.3227137682777 
78.22800000000947	941.3004154780426 
78.32800000000995	941.278493102066 
78.42800000001043	941.2569403030221 
78.5280000000109	941.2357508504228 
78.62800000001138	941.2149186188155 
78.72800000001186	941.1944375860138 
78.82800000001234	941.174301831356 
78.92800000001282	941.1545055339928 
79.0280000000133	941.135042971206 
79.12800000001377	941.1159085167528 
79.22800000001425	941.0970966392416 
79.32800000001473	941.0786019005291 
79.4280000000152	941.0604189541517 
79.52800000001568	941.0425425437796 
79.62800000001616	941.0249675016952 
79.72800000001664	941.0076887473016 
79.82800000001711	940.9907012856517 
79.92800000001759	940.974000206006 
80.02800000001807	940.957580680413 
80.12800000001855	940.9414379623109 
80.22800000001902	940.9255673851602 
80.3280000000195	940.9099643610897 
80.42800000001998	940.8946243795737 
80.52800000002046	940.8795430061268 
80.62800000002093	940.8647158810217 
80.72800000002141	940.8501387180291 
80.82800000002189	940.8358073031793 
80.92800000002237	940.8217174935442 
81.02800000002284	940.8078652160376 
81.12800000002332	940.7942464662397 
81.2280000000238	940.7808573072388 
81.32800000002428	940.7676938684939 
81.42800000002475	940.754752344715 
81.52800000002523	940.742028994763 
81.62800000002571	940.7295201405689 
81.72800000002619	940.71722216607 
81.82800000002666	940.7051315161649 
81.92800000002714	940.6932446956856 
82.02800000002762	940.6815582683873 
82.1280000000281	940.6700688559545 
82.22800000002857	940.658773137025 
82.32800000002905	940.6476678462298 
82.42800000002953	940.6367497732482 
82.52800000003	940.6260157618818 
82.62800000003048	940.61546270914 
82.72800000003096	940.6050875643433 
82.82800000003144	940.5948873282421 
82.92800000003191	940.5848590521503 
83.02800000003239	940.5749998370908 
83.12800000003287	940.5653068329597 
83.22800000003335	940.5557772377009 
83.32800000003382	940.5464082964965 
83.4280000000343	940.537197300971 
83.52800000003478	940.528141588407 
83.62800000003526	940.5192385409779 
83.72800000003573	940.5104855849878 
83.82800000003621	940.50188019013 
83.92800000003669	940.4934198687555 
84.02800000003717	940.4851021751517 
84.12800000003764	940.4769247048387 
84.22800000003812	940.4688850938702 
84.3280000000386	940.4609810181545 
84.42800000003908	940.4532101927792 
84.52800000003955	940.4455703713522 
84.62800000004003	940.4380593453519 
84.72800000004051	940.430674943489 
84.82800000004099	940.4234150310791 
84.92800000004146	940.4162775094246 
85.02800000004194	940.4092603152089 
85.12800000004242	940.4023614199006 
85.2280000000429	940.3955788291647 
85.32800000004337	940.3889105822884 
85.42800000004385	940.3823547516132 
85.52800000004433	940.375909441978 
85.6280000000448	940.3695727901713 
85.72800000004528	940.3633429643921 
85.82800000004576	940.3572181637209 
85.92800000004624	940.3511966175987 
86.02800000004672	940.3452765853158 
86.1280000000472	940.3394563555067 
86.22800000004767	940.3337342456596 
86.32800000004815	940.3281086016243 
86.42800000004863	940.3225777971392 
86.5280000000491	940.3171402333571 
86.62800000004958	940.3117943383868 
86.72800000005006	940.3065385668348 
86.82800000005054	940.3013713993611 
86.92800000005101	940.2962913422409 
87.02800000005149	940.2912969269289 
87.12800000005197	940.2863867096394 
87.22800000005245	940.2815592709245 
87.32800000005292	940.2768132152677 
87.4280000000534	940.2721471706775 
87.52800000005388	940.2675597882932 
87.62800000005436	940.263049741993 
87.72800000005483	940.2586157280117 
87.82800000005531	940.2542564645628 
87.92800000005579	940.2499706914704 
88.02800000005627	940.2457571698012 
88.12800000005674	940.2416146815099 
88.22800000005722	940.2375420290848 
88.3280000000577	940.2335380352031 
88.42800000005818	940.2296015423884 
88.52800000005865	940.2257314126788 
88.62800000005913	940.2219265272962 
88.72800000005961	940.2181857863237 
88.82800000006009	940.2145081083863 
88.92800000006056	940.2108924303407 
89.02800000006104	940.2073377069655 
89.12800000006152	940.2038429106602 
89.228000000062	940.2004070311484 
89.32800000006247	940.1970290751855 
89.42800000006295	940.1937080662707 
89.52800000006343	940.190443044366 
89.6280000000639	940.1872330656186 
89.72800000006438	940.1840772020863 
89.82800000006486	940.1809745414718 
89.92800000006534	940.1779241868575 
90.02800000006582	940.1749252564454 
90.1280000000663	940.1719768833045 
90.22800000006677	940.1690782151179 
90.32800000006725	940.1662284139383 
90.42800000006773	940.1634266559445 
90.5280000000682	940.1606721312031 
90.62800000006868	940.1579640434364 
90.72800000006916	940.1553016097886 
90.82800000006964	940.1526840606033 
90.92800000007011	940.1501106391986 
91.02800000007059	940.1475806016493 
91.12800000007107	940.1450932165715 
91.22800000007155	940.1426477649117 
91.32800000007202	940.1402435397374 
91.4280000000725	940.1378798460354 
91.52800000007298	940.1355560005073 
91.62800000007346	940.1332713313768 
91.72800000007393	940.1310251781902 
91.82800000007441	940.1288168916295 
91.92800000007489	940.1266458333226 
92.02800000007537	940.1245113756585 
92.12800000007584	940.1224129016092 
92.22800000007632	940.120349804546 
92.3280000000768	940.1183214880696 
92.42800000007728	940.1163273658327 
92.52800000007775	940.1143668613745 
92.62800000007823	940.1124394079512 
92.72800000007871	940.1105444483749 
92.82800000007919	940.10868143485 
92.92800000007966	940.106849828816 
93.02800000008014	940.1050491007916 
93.12800000008062	940.1032787302227 
93.2280000000811	940.1015382053291 
93.32800000008157	940.0998270229596 
93.42800000008205	940.0981446884456 
93.52800000008253	940.0964907154577 
93.628000000083	940.0948646258641 
93.72800000008348	940.0932659495951 
93.82800000008396	940.0916942245047 
93.92800000008444	940.0901489962384 
94.02800000008492	940.088629818101 
94.1280000000854	940.0871362509287 
94.22800000008587	940.0856678629601 
94.32800000008635	940.0842242297134 
94.42800000008683	940.0828049338628 
94.5280000000873	940.0814095651177 
94.62800000008778	940.0800377201044 
94.72800000008826	940.0786890022507 
94.82800000008874	940.0773630216676 
94.92800000008921	940.0760593950413 
95.02800000008969	940.074777745519 
95.12800000009017	940.0735177026002 
95.22800000009065	940.0722789020324 
95.32800000009112	940.0710609857022 
95.4280000000916	940.0698636015342 
95.52800000009208	940.0686864033888 
95.62800000009256	940.0675290509606 
95.72800000009303	940.0663912096823 
95.82800000009351	940.0652725506262 
95.92800000009399	940.0641727504102 
96.02800000009447	940.0630914911036 
96.12800000009494	940.062028460136 
96.22800000009542	940.060983350206 
96.3280000000959	940.0599558591931 
96.42800000009638	940.0589456900699 
96.52800000009685	940.0579525508159 
96.62800000009733	940.0569761543351 
96.72800000009781	940.05601621837 
96.82800000009829	940.055072465422 
96.92800000009876	940.0541446226711 
97.02800000009924	940.0532324218959 
97.12800000009972	940.052335599398 
97.2280000001002	940.0514538959229 
97.32800000010067	940.0505870565877 
97.42800000010115	940.0497348308069 
97.52800000010163	940.048896972218 
97.6280000001021	940.0480732386128 
97.72800000010258	940.0472633918667 
97.82800000010306	940.0464671978684 
97.92800000010354	940.0456844264547 
98.02800000010402	940.0449148513408 
98.12800000010449	940.0441582500587 
98.22800000010497	940.0434144038893 
98.32800000010545	940.0426830978016 
98.42800000010592	940.0419641203896 
98.5280000001064	940.0412572638107 
98.62800000010688	940.040562323727 
98.72800000010736	940.039879099245 
98.82800000010783	940.039207392858 
98.92800000010831	940.0385470103888 
99.02800000010879	940.0378977609344 
99.12800000010927	940.0372594568091 
99.22800000010974	940.0366319134914 
99.32800000011022	940.0360149495717 
99.4280000001107	940.0354083866979 
99.52800000011118	940.0348120495241 
99.62800000011165	940.0342257656616 
99.72800000011213	940.0336493656266 
99.82800000011261	940.0330826827939 
99.92800000011309	940.0325255533463 
