0.001	1001.6610258530171 
0.10100000000000008	1001.661126985728 
0.20100000000000015	1001.6611052433012 
0.3010000000000002	1001.661111023354 
0.4010000000000003	1001.6611108532214 
0.5020000000000003	1001.6611118977193 
0.6020000000000004	1001.661112686462 
0.7020000000000005	1001.6611135007614 
0.8020000000000006	1001.6611142955823 
0.9020000000000007	1001.6611150775298 
1.0030000000000003	1001.6611158539885 
1.1039999999999892	1001.6611166171646 
1.204999999999978	1001.6611173673718 
1.305999999999967	1001.6611181048 
1.4069999999999558	1001.6611188296748 
1.5079999999999447	1001.6611195422076 
1.6089999999999336	1001.6611202426087 
1.7099999999999225	1001.6611209310852 
1.8109999999999113	1001.6611216078409 
1.9119999999999002	1001.6611222730731 
2.0129999999998893	1001.6611229269803 
2.113999999999878	1001.6611235697541 
2.214999999999867	1001.6611242015841 
2.315999999999856	1001.6611248226567 
2.416999999999845	1001.6611254331561 
2.5179999999998337	1001.6611260332601 
2.6189999999998226	1001.661126623148 
2.7199999999998115	1001.661127202992 
2.8209999999998003	1001.6611277729642 
2.921999999999789	1001.6611283332322 
3.022999999999778	1001.661128883961 
3.123999999999767	1001.6611294253144 
3.224999999999756	1001.6611299574499 
3.3259999999997447	1001.6611304805261 
3.4269999999997336	1001.6611309946962 
3.5279999999997225	1001.6611315001127 
3.6289999999997113	1001.6611319969238 
3.7299999999997	1001.6611324852764 
3.830999999999689	1001.6611329653141 
3.931999999999678	1001.6611334371801 
4.031999999999681	1001.6611338964583 
4.131999999999715	1001.6611343479937 
4.231999999999748	1001.6611347919168 
4.331999999999781	1001.6611352283564 
4.431999999999815	1001.6611356574379 
4.531999999999848	1001.6611360792858 
4.6319999999998815	1001.661136494022 
4.731999999999915	1001.6611369017662 
4.831999999999948	1001.6611373026377 
4.931999999999982	1001.6611376967493 
5.032000000000015	1001.6611380842181 
5.1320000000000485	1001.6611384651544 
5.232000000000082	1001.6611388396685 
5.332000000000115	1001.6611392078692 
5.432000000000149	1001.6611395698623 
5.532000000000182	1001.6611399257531 
5.6320000000002155	1001.6611402756438 
5.732000000000249	1001.6611406196356 
5.832000000000282	1001.6611409578284 
5.932000000000316	1001.6611412903212 
6.032000000000349	1001.6611416172078 
6.1320000000003825	1001.6611419385835 
6.232000000000416	1001.6611422545413 
6.332000000000449	1001.6611425651728 
6.432000000000483	1001.6611428705667 
6.532000000000516	1001.6611431708129 
6.6320000000005495	1001.661143465997 
6.732000000000583	1001.661143756205 
6.832000000000616	1001.6611440415204 
6.93200000000065	1001.6611443220255 
7.032000000000683	1001.6611445978019 
7.132000000000716	1001.6611448689285 
7.23200000000075	1001.6611451354867 
7.332000000000783	1001.6611453975497 
7.432000000000817	1001.661145655195 
7.53200000000085	1001.6611459084962 
7.632000000000883	1001.6611461575277 
7.732000000000917	1001.6611464023605 
7.83200000000095	1001.6611466430659 
7.932000000000984	1001.6611468797132 
8.032000000000988	1001.6611471123714 
8.133000000000932	1001.6611473433749 
8.234000000000876	1001.6611475704451 
8.33500000000082	1001.6611477936497 
8.436000000000764	1001.661148013054 
8.537000000000708	1001.6611482287228 
8.638000000000652	1001.6611484407197 
8.739000000000596	1001.6611486491068 
8.84000000000054	1001.6611488539452 
8.941000000000484	1001.6611490552999 
9.042000000000428	1001.6611492532238 
9.143000000000372	1001.6611494477784 
9.244000000000316	1001.6611496390203 
9.34500000000026	1001.6611498270063 
9.446000000000204	1001.6611500117915 
9.547000000000148	1001.661150193431 
9.648000000000092	1001.6611503719779 
9.749000000000036	1001.6611505474846 
9.84999999999998	1001.6611507200031 
9.950999999999924	1001.661150889585 
10.051999999999868	1001.6611510562788 
10.152999999999812	1001.6611512201354 
10.253999999999756	1001.6611513812016 
10.3549999999997	1001.6611515395263 
10.455999999999644	1001.6611516951546 
10.556999999999588	1001.6611518481336 
10.657999999999532	1001.6611519985078 
10.758999999999476	1001.6611521463221 
10.85999999999942	1001.6611522916193 
10.960999999999364	1001.6611524344431 
11.061999999999308	1001.6611525748342 
11.162999999999252	1001.661152712836 
11.263999999999196	1001.6611528484881 
11.36499999999914	1001.6611529818312 
11.465999999999084	1001.6611531129042 
11.566999999999029	1001.6611532417456 
11.667999999998973	1001.6611533683932 
11.768999999998917	1001.6611534928846 
11.86999999999886	1001.6611536152562 
11.970999999998805	1001.6611537355444 
12.071999999998749	1001.661153853785 
12.172999999998693	1001.6611539700117 
12.273999999998637	1001.6611540842601 
12.37499999999858	1001.6611541965635 
12.475999999998525	1001.6611543069547 
12.576999999998469	1001.6611544154664 
12.677999999998413	1001.6611545221303 
12.778999999998357	1001.6611546269784 
12.8799999999983	1001.661154730041 
12.980999999998245	1001.6611548313502 
13.081999999998189	1001.6611549309334 
13.182999999998133	1001.6611550288218 
13.283999999998077	1001.6611551250433 
13.384999999998021	1001.6611552196263 
13.485999999997965	1001.6611553125989 
13.586999999997909	1001.6611554039885 
13.687999999997853	1001.6611554938229 
13.788999999997797	1001.6611555821273 
13.889999999997741	1001.6611556689284 
13.990999999997685	1001.6611557542515 
14.091999999997629	1001.6611558381219 
14.192999999997573	1001.6611559205644 
14.293999999997517	1001.6611560016032 
14.394999999997461	1001.6611560812622 
14.495999999997405	1001.6611561595653 
14.59699999999735	1001.6611562365347 
14.697999999997293	1001.6611563121938 
14.798999999997237	1001.6611563865648 
14.899999999997181	1001.6611564596695 
15.000999999997125	1001.6611565315288 
15.10199999999707	1001.661156602165 
15.202999999997013	1001.6611566715981 
15.303999999996957	1001.6611567398497 
15.404999999996901	1001.6611568069409 
15.505999999996845	1001.6611568728895 
15.60699999999679	1001.6611569377152 
15.707999999996733	1001.6611570014372 
15.808999999996677	1001.6611570640741 
15.909999999996622	1001.6611571256446 
16.010999999996585	1001.6611571861665 
16.110999999996707	1001.6611572450739 
16.21099999999683	1001.6611573029884 
16.31099999999695	1001.6611573599265 
16.410999999997074	1001.6611574159048 
16.510999999997196	1001.6611574709392 
16.61099999999732	1001.6611575250456 
16.71099999999744	1001.6611575782401 
16.810999999997563	1001.6611576305379 
16.910999999997685	1001.6611576819538 
17.010999999997807	1001.6611577325028 
17.11099999999793	1001.6611577822 
17.21099999999805	1001.6611578310591 
17.310999999998174	1001.6611578790947 
17.410999999998296	1001.6611579263205 
17.51099999999842	1001.6611579727497 
17.61099999999854	1001.6611580183963 
17.710999999998663	1001.6611580632733 
17.810999999998785	1001.6611581073944 
17.910999999998907	1001.6611581507715 
18.01099999999903	1001.6611581934172 
18.11099999999915	1001.6611582353439 
18.210999999999274	1001.6611582765637 
18.310999999999396	1001.6611583170883 
18.410999999999518	1001.6611583569303 
18.51099999999964	1001.6611583961005 
18.610999999999763	1001.6611584346099 
18.710999999999885	1001.6611584724703 
18.811000000000007	1001.6611585096925 
18.91100000000013	1001.6611585462873 
19.01100000000025	1001.6611585822648 
19.111000000000374	1001.6611586176357 
19.211000000000496	1001.6611586524102 
19.311000000000618	1001.6611586865989 
19.41100000000074	1001.6611587202104 
19.511000000000863	1001.661158753257 
19.611000000000985	1001.6611587857458 
19.711000000001107	1001.6611588176869 
19.81100000000123	1001.6611588490895 
19.91100000000135	1001.6611588799628 
20.011000000001474	1001.6611589103153 
20.111000000001596	1001.6611589401565 
20.211000000001718	1001.6611589694943 
20.31100000000184	1001.6611589983373 
20.411000000001962	1001.6611590266943 
20.511000000002085	1001.6611590545733 
20.611000000002207	1001.6611590819822 
20.71100000000233	1001.6611591089289 
20.81100000000245	1001.6611591354217 
20.911000000002574	1001.6611591614677 
21.011000000002696	1001.6611591870744 
21.111000000002818	1001.6611592122495 
21.21100000000294	1001.661159237 
21.311000000003062	1001.6611592613335 
21.411000000003185	1001.6611592852566 
21.511000000003307	1001.6611593087762 
21.61100000000343	1001.6611593318995 
21.71100000000355	1001.6611593546329 
21.811000000003673	1001.6611593769836 
21.911000000003796	1001.6611593989574 
22.011000000003918	1001.6611594205606 
22.11100000000404	1001.6611594417997 
22.211000000004162	1001.6611594626806 
22.311000000004285	1001.6611594832094 
22.411000000004407	1001.6611595033922 
22.51100000000453	1001.6611595232347 
22.61100000000465	1001.6611595427428 
22.711000000004773	1001.6611595619217 
22.811000000004896	1001.6611595807775 
22.911000000005018	1001.6611595993152 
23.01100000000514	1001.6611596175408 
23.111000000005262	1001.6611596354587 
23.211000000005384	1001.6611596530747 
23.311000000005507	1001.6611596703935 
23.41100000000563	1001.6611596874204 
23.51100000000575	1001.6611597041604 
23.611000000005873	1001.6611597206183 
23.711000000005996	1001.6611597367988 
23.811000000006118	1001.6611597527065 
23.91100000000624	1001.661159768346 
24.011000000006362	1001.6611597837216 
24.111000000006484	1001.6611597988381 
24.211000000006607	1001.6611598136997 
24.31100000000673	1001.6611598283108 
24.41100000000685	1001.6611598426755 
24.511000000006973	1001.661159856798 
24.611000000007095	1001.6611598706825 
24.711000000007218	1001.661159884333 
24.81100000000734	1001.6611598977534 
24.911000000007462	1001.6611599109476 
25.011000000007584	1001.6611599239194 
25.111000000007706	1001.6611599366723 
25.21100000000783	1001.6611599492105 
25.31100000000795	1001.661159961537 
25.411000000008073	1001.6611599736559 
25.511000000008195	1001.6611599855704 
25.611000000008318	1001.6611599972838 
25.71100000000844	1001.6611600087998 
25.811000000008562	1001.6611600201218 
25.911000000008684	1001.6611600312531 
26.011000000008806	1001.6611600421965 
26.11100000000893	1001.6611600529553 
26.21100000000905	1001.6611600635327 
26.311000000009173	1001.6611600739318 
26.411000000009295	1001.6611600841555 
26.511000000009417	1001.661160094207 
26.61100000000954	1001.6611601040892 
26.711000000009662	1001.6611601138045 
26.811000000009784	1001.6611601233562 
26.911000000009906	1001.661160132747 
27.01100000001003	1001.6611601419794 
27.11100000001015	1001.6611601510563 
27.211000000010273	1001.6611601599801 
27.311000000010395	1001.6611601687534 
27.411000000010517	1001.6611601773791 
27.51100000001064	1001.6611601858589 
27.611000000010762	1001.661160194196 
27.711000000010884	1001.6611602023926 
27.811000000011006	1001.6611602104508 
27.91100000001113	1001.6611602183732 
28.01100000001125	1001.6611602261622 
28.111000000011373	1001.6611602338195 
28.211000000011495	1001.6611602413479 
28.311000000011617	1001.6611602487494 
28.41100000001174	1001.661160256026 
28.51100000001186	1001.6611602631799 
28.611000000011984	1001.6611602702133 
28.711000000012106	1001.6611602771279 
28.81100000001223	1001.661160283926 
28.91100000001235	1001.6611602906095 
29.011000000012473	1001.6611602971802 
29.111000000012595	1001.6611603036403 
29.211000000012717	1001.6611603099913 
29.31100000001284	1001.6611603162354 
29.41100000001296	1001.661160322374 
29.511000000013084	1001.6611603284093 
29.611000000013206	1001.6611603343426 
29.71100000001333	1001.6611603401761 
29.81100000001345	1001.6611603459112 
29.911000000013573	1001.6611603515496 
30.011000000013695	1001.661160357093 
30.111000000013817	1001.6611603625428 
30.21100000001394	1001.6611603679008 
30.31100000001406	1001.6611603731685 
30.411000000014184	1001.6611603783476 
30.511000000014306	1001.6611603834392 
30.61100000001443	1001.6611603884452 
30.71100000001455	1001.6611603933665 
30.811000000014673	1001.661160398205 
30.911000000014795	1001.6611604029621 
31.011000000014917	1001.6611604076388 
31.11100000001504	1001.6611604122369 
31.21100000001516	1001.6611604167575 
31.311000000015284	1001.6611604212019 
31.411000000015406	1001.6611604255711 
31.511000000015528	1001.661160429867 
31.61100000001565	1001.6611604340903 
31.711000000015773	1001.6611604382425 
31.811000000015895	1001.6611604423246 
31.911000000016017	1001.6611604463376 
32.0110000000161	1001.661160450283 
32.11200000001586	1001.6611604542006 
32.213000000015626	1001.6611604580514 
32.31400000001539	1001.6611604618362 
32.415000000015155	1001.661160465557 
32.51600000001492	1001.6611604692142 
32.617000000014684	1001.6611604728091 
32.71800000001445	1001.6611604763426 
32.81900000001421	1001.6611604798162 
32.92000000001398	1001.6611604832301 
33.02100000001374	1001.6611604865863 
33.12200000001351	1001.661160489885 
33.22300000001327	1001.6611604931277 
33.32400000001304	1001.6611604963151 
33.4250000000128	1001.6611604994482 
33.526000000012566	1001.6611605025279 
33.62700000001233	1001.6611605055551 
33.728000000012095	1001.6611605085305 
33.82900000001186	1001.6611605114558 
33.930000000011624	1001.6611605143304 
34.03100000001139	1001.6611605171565 
34.13200000001115	1001.6611605199342 
34.23300000001092	1001.6611605226651 
34.33400000001068	1001.6611605253491 
34.43500000001045	1001.6611605279876 
34.53600000001021	1001.6611605305808 
34.63700000000998	1001.66116053313 
34.73800000000974	1001.6611605356358 
34.839000000009506	1001.6611605380987 
34.94000000000927	1001.6611605405195 
35.041000000009035	1001.6611605428997 
35.1420000000088	1001.6611605452383 
35.243000000008564	1001.6611605475382 
35.34400000000833	1001.661160549798 
35.44500000000809	1001.6611605520195 
35.54600000000786	1001.6611605542038 
35.64700000000762	1001.6611605563503 
35.74800000000739	1001.6611605584603 
35.84900000000715	1001.6611605605344 
35.950000000006916	1001.6611605625732 
36.05100000000668	1001.6611605645771 
36.152000000006446	1001.6611605665471 
36.25300000000621	1001.6611605684834 
36.354000000005975	1001.6611605703866 
36.45500000000574	1001.6611605722577 
36.556000000005504	1001.661160574096 
36.65700000000527	1001.6611605759035 
36.75800000000503	1001.6611605776807 
36.8590000000048	1001.6611605794267 
36.96000000000456	1001.6611605811436 
37.06100000000433	1001.6611605828313 
37.16200000000409	1001.66116058449 
37.263000000003856	1001.6611605861203 
37.36400000000362	1001.6611605877237 
37.465000000003386	1001.6611605892989 
37.56600000000315	1001.6611605908474 
37.667000000002915	1001.66116059237 
37.76800000000268	1001.6611605938659 
37.869000000002444	1001.6611605953365 
37.97000000000221	1001.6611605967822 
38.07100000000197	1001.6611605982034 
38.17200000000174	1001.6611605996001 
38.2730000000015	1001.6611606009733 
38.37400000000127	1001.6611606023226 
38.47500000000103	1001.6611606036491 
38.576000000000796	1001.6611606049528 
38.67700000000056	1001.6611606062343 
38.778000000000326	1001.6611606074941 
38.87900000000009	1001.661160608732 
38.979999999999855	1001.6611606099494 
39.08099999999962	1001.6611606111463 
39.181999999999384	1001.6611606123228 
39.28299999999915	1001.6611606134782 
39.38399999999891	1001.6611606146148 
39.48499999999868	1001.6611606157326 
39.58599999999844	1001.6611606168302 
39.68699999999821	1001.6611606179098 
39.78799999999797	1001.6611606189712 
39.888999999997736	1001.6611606200137 
39.9899999999975	1001.6611606210399 
40.090999999997265	1001.6611606220467 
40.19199999999703	1001.6611606230382 
40.292999999996795	1001.6611606240108 
40.39399999999656	1001.6611606249683 
40.494999999996324	1001.6611606259086 
40.59599999999609	1001.6611606268328 
40.69699999999585	1001.6611606277423 
40.79799999999562	1001.6611606286347 
40.89899999999538	1001.6611606295127 
40.99999999999515	1001.6611606303765 
41.10099999999491	1001.6611606312239 
41.201999999994676	1001.6611606320577 
41.30299999999444	1001.6611606328773 
41.403999999994205	1001.6611606336835 
41.50499999999397	1001.661160634475 
41.605999999993735	1001.661160635253 
41.7069999999935	1001.6611606360177 
41.807999999993264	1001.6611606367698 
41.90899999999303	1001.6611606375093 
42.00999999999279	1001.6611606382357 
42.11099999999256	1001.6611606389505 
42.21199999999232	1001.6611606396526 
42.31299999999209	1001.661160640343 
42.41399999999185	1001.6611606410218 
42.514999999991616	1001.6611606416886 
42.61599999999138	1001.6611606423445 
42.716999999991145	1001.6611606429889 
42.81799999999091	1001.6611606436225 
42.918999999990675	1001.6611606442453 
43.01999999999044	1001.6611606448573 
43.120999999990204	1001.6611606454593 
43.22199999998997	1001.6611606460508 
43.32299999998973	1001.6611606466329 
43.4239999999895	1001.6611606472052 
43.52499999998926	1001.6611606477678 
43.62599999998903	1001.6611606483194 
43.72699999998879	1001.6611606488619 
43.827999999988556	1001.6611606493955 
43.92899999998832	1001.6611606499207 
44.029999999988085	1001.6611606504374 
44.13099999998785	1001.661160650943 
44.231999999987615	1001.6611606514407 
44.33299999998738	1001.6611606519308 
44.433999999987144	1001.6611606524131 
44.53499999998691	1001.6611606528844 
44.63599999998667	1001.6611606533492 
44.73699999998644	1001.6611606538074 
44.8379999999862	1001.6611606542552 
44.93899999998597	1001.661160654696 
45.03999999998573	1001.6611606551314 
45.140999999985496	1001.6611606555563 
45.24199999998526	1001.661160655975 
45.342999999985025	1001.6611606563883 
45.44399999998479	1001.6611606567913 
45.544999999984555	1001.6611606571902 
45.64599999998432	1001.6611606575806 
45.746999999984084	1001.6611606579646 
45.84799999998385	1001.6611606583435 
45.94899999998361	1001.661160658713 
46.04999999998338	1001.6611606590803 
46.15099999998314	1001.6611606594363 
46.25199999998291	1001.6611606597909 
46.35299999998267	1001.6611606601356 
46.453999999982436	1001.6611606604781 
46.5549999999822	1001.6611606608114 
46.655999999981965	1001.6611606611426 
46.75699999998173	1001.6611606614647 
46.857999999981494	1001.6611606617853 
46.95899999998126	1001.6611606620962 
47.059999999981024	1001.6611606624062 
47.16099999998079	1001.6611606627071 
47.26199999998055	1001.6611606630056 
47.36299999998032	1001.6611606632979 
47.46399999998008	1001.6611606635851 
47.56499999997985	1001.6611606638689 
47.66599999997961	1001.6611606641454 
47.766999999979376	1001.661160664421 
47.86799999997914	1001.6611606646882 
47.968999999978905	1001.6611606649523 
48.06999999997867	1001.6611606652132 
48.170999999978434	1001.661160665467 
48.2719999999782	1001.6611606657196 
48.372999999977964	1001.6611606659663 
48.47399999997773	1001.6611606662076 
48.57499999997749	1001.6611606664487 
48.67599999997726	1001.6611606666821 
48.77699999997702	1001.6611606669118 
48.87799999997679	1001.661160667141 
48.97899999997655	1001.6611606673625 
49.079999999976316	1001.6611606675807 
49.18099999997608	1001.6611606677989 
49.281999999975845	1001.6611606680099 
49.38299999997561	1001.6611606682166 
49.483999999975374	1001.6611606684232 
49.58499999997514	1001.661160668625 
49.685999999974904	1001.6611606688211 
49.78699999997467	1001.6611606690163 
49.88799999997443	1001.6611606692095 
49.9889999999742	1001.6611606693968 
50.08999999997396	1001.652994515174 
50.19099999997373	1001.6360418490266 
50.29199999997349	1001.6085255187465 
50.392999999973256	1001.5711858797947 
50.49399999997302	1001.5240381776273 
50.594999999972785	1001.4672880209846 
50.69599999997255	1001.4010896118454 
50.796999999972314	1001.3256059356428 
50.89799999997208	1001.2409946175511 
50.99899999997184	1001.1474111559048 
51.09999999997161	1001.0450082883946 
51.20099999997137	1000.9339361736352 
51.30199999997114	1000.8143424100924 
51.4029999999709	1000.686372083777 
51.50399999997067	1000.5501678104957 
51.60499999997043	1000.4058697779263 
51.705999999970196	1000.2536157869788 
51.80699999996996	1000.0935412924213 
51.907999999969725	999.9257794428255 
52.00899999996949	999.7504611198339 
52.109999999969254	999.5677149767519 
52.21099999996902	999.3776674764897 
52.31199999996878	999.1804429288541 
52.41299999996855	998.9761635272035 
52.51399999996831	998.7649493844872 
52.61499999996808	998.5469185686603 
52.71599999996784	998.3221871375039 
52.81699999996761	998.0908691728481 
52.91799999996737	997.853076814215 
53.018999999967136	997.6089202918861 
53.1199999999669	997.3585079594094 
53.220999999966665	997.1019463255507 
53.32199999996643	996.8393400857043 
53.422999999966194	996.5707921527634 
53.52399999996596	996.2964036874712 
53.62499999996572	996.016274128251 
53.72599999996549	995.7305012205289 
53.82699999996525	995.4391810455597 
53.92799999996502	995.1424080487591 
54.02899999996478	994.8402750675555 
54.12999999996455	994.5328733587664 
54.23099999996431	994.2202926255102 
54.331999999964076	993.9026210436572 
54.43299999996384	993.5799452878332 
54.533999999963605	993.2523505569796 
54.63499999996337	992.9199205994747 
54.735999999963134	992.5827377378342 
54.8369999999629	992.2408828929848 
54.93799999996266	991.8944356081283 
55.03899999996243	991.5434740721972 
55.13999999996219	991.188075142913 
55.24099999996196	990.8283143694506 
55.34199999996172	990.464266014716 
55.442999999961486	990.0960030772465 
55.54399999996125	989.7235973127373 
55.644999999961016	989.3471192552023 
55.74599999996078	988.9666382377726 
55.846999999960545	988.5822224131433 
55.94799999996031	988.1939387736701 
56.048999999960074	987.801853171126 
56.14999999995984	987.4060303361193 
56.2509999999596	987.0065338971823 
56.35199999995937	986.6034263995348 
56.45299999995913	986.196769323529 
56.5539999999589	985.7866231027785 
56.65499999995866	985.3730471419791 
56.755999999958426	984.9560998344284 
56.85699999995819	984.535838579244 
56.957999999957956	984.1123197982907 
57.05899999995772	983.6855989528185 
57.159999999957485	983.2557305598183 
57.26099999995725	982.8227682080968 
57.361999999957014	982.3867645740808 
57.46299999995678	981.9477714373513 
57.56399999995654	981.5058396959117 
57.66499999995631	981.0610193811975 
57.76599999995607	980.6133596728303 
57.86699999995584	980.1629089131201 
57.9679999999556	979.7097146213218 
58.068999999955366	979.253823507647 
58.16999999995513	978.7952814870405 
58.270999999954896	978.3341336927166 
58.37199999995466	977.8704244894723 
58.472999999954425	977.4041974867675 
58.57399999995419	976.9354955515872 
58.674999999953954	976.4643608210797 
58.77599999995372	975.9908347149851 
58.87699999995348	975.5149579478483 
58.97799999995325	975.0367705410256 
59.07899999995301	974.5563118344875 
59.17999999995278	974.0736204984167 
59.28099999995254	973.588734544617 
59.381999999952306	973.1016913377172 
59.48299999995207	972.6125276061913 
59.583999999951835	972.1212794531921 
59.6849999999516	971.6279823671938 
59.785999999951365	971.1326712324588 
59.88699999995113	970.6353803393263 
59.987999999950894	970.1361433943212 
60.08899999995066	969.6430322253043 
60.18999999995042	969.156861925319 
60.29099999995019	968.6793993660664 
60.39199999994995	968.2099459562471 
60.49299999994972	967.7485163766834 
60.59399999994948	967.2949352869114 
60.694999999949246	966.8490784465492 
60.79599999994901	966.4108121836301 
60.896999999948775	965.9800077381241 
60.99799999994854	965.556537969946 
61.098999999948305	965.140278021082 
61.19999999994807	964.731105136842 
61.300999999947834	964.328898656378 
61.4019999999476	963.93353997261 
61.50299999994736	963.5449124978551 
61.60399999994713	963.1629016294125 
61.70499999994689	962.7873947157519 
61.80599999994666	962.4182810233029 
61.90699999994642	962.0554517037957 
62.007999999946186	961.6987997621661 
62.10899999994595	961.3482200250029 
62.209999999945715	961.0036091095319 
62.31099999994548	960.66486539313 
62.411999999945245	960.3318889833582 
62.51299999994501	960.0045816885032 
62.613999999944774	959.6828469886229 
62.71499999994454	959.366590007082 
62.8159999999443	959.0557174825752 
62.91699999994407	958.7501377416238 
63.01799999994383	958.449760671543 
63.1189999999436	958.1544976938685 
63.21999999994336	957.8642617382359 
63.320999999943126	957.5789672167025 
63.42199999994289	957.2985299985105 
63.522999999942655	957.0228673852769 
63.62399999994242	956.7518980866047 
63.724999999942185	956.4855421961141 
63.82599999994195	956.2237211678774 
63.926999999941714	955.9663577932554 
64.02799999994167	955.713376178132 
64.12799999994215	955.4671429718949 
64.22799999994263	955.2250608719607 
64.3279999999431	954.9870598971779 
64.42799999994358	954.7530712461663 
64.52799999994406	954.52302727743 
64.62799999994454	954.2968614898012 
64.72799999994501	954.0745085032206 
64.82799999994549	953.8559040398316 
64.92799999994597	953.6409849054028 
65.02799999994645	953.4296889710586 
65.12799999994692	953.2219551553189 
65.2279999999474	953.0177234064417 
65.32799999994788	952.8169346850626 
65.42799999994836	952.61953094713 
65.52799999994883	952.4254551271222 
65.62799999994931	952.2346511215544 
65.72799999994979	952.047063772759 
65.82799999995026	951.8626388529376 
65.92799999995074	951.6813230484911 
66.02799999995122	951.5030639446021 
66.1279999999517	951.3278100100852 
66.22799999995217	951.1555105824904 
66.32799999995265	950.9861158534572 
66.42799999995313	950.819576854316 
66.52799999995361	950.655845441932 
66.62799999995408	950.494874284789 
66.72799999995456	950.3366168493063 
66.82799999995504	950.1810273863847 
66.92799999995552	950.028060918185 
67.027999999956	949.8776732251233 
67.12799999995647	949.729820833088 
67.22799999995695	949.5844610008749 
67.32799999995743	949.441551707827 
67.4279999999579	949.3010516416915 
67.52799999995838	949.1629201866749 
67.62799999995886	949.0271174117032 
67.72799999995934	948.8936040588759 
67.82799999995981	948.7623415321214 
67.92799999996029	948.633291886036 
68.02799999996077	948.5064178149172 
68.12799999996125	948.3816826419772 
68.22799999996172	948.2590503087412 
68.3279999999622	948.1384853646256 
68.42799999996268	948.0199529566856 
68.52799999996316	947.9034188195453 
68.62799999996363	947.7888492654866 
68.72799999996411	947.6762111747158 
68.82799999996459	947.5654719857858 
68.92799999996507	947.4565996861851 
69.02799999996554	947.3495628030826 
69.12799999996602	947.2443303942299 
69.2279999999665	947.1408720390169 
69.32799999996698	947.0391578296768 
69.42799999996745	946.9391583626416 
69.52799999996793	946.8408447300403 
69.62799999996841	946.744188511345 
69.72799999996889	946.6491617651513 
69.82799999996936	946.5557370211053 
69.92799999996984	946.4638872719589 
70.02799999997032	946.3735859657635 
70.1279999999708	946.2848069981968 
70.22799999997127	946.1975247050123 
70.32799999997175	946.1117138546236 
70.42799999997223	946.0273496408097 
70.5279999999727	945.9444076755425 
70.62799999997318	945.8628639819384 
70.72799999997366	945.7826949873267 
70.82799999997414	945.7038775164352 
70.92799999997462	945.6263887846893 
71.0279999999751	945.550206391629 
71.12799999997557	945.4753083144284 
71.22799999997605	945.4016729015337 
71.32799999997653	945.3292788664014 
71.427999999977	945.2581052813459 
71.52799999997748	945.1881315714911 
71.62799999997796	945.1193375088184 
71.72799999997844	945.0517032063245 
71.82799999997891	944.9852091122681 
71.92799999997939	944.9198360045204 
72.02799999997987	944.8555649850078 
72.12799999998035	944.7923774742486 
72.22799999998082	944.7302552059809 
72.3279999999813	944.669180221885 
72.42799999998178	944.6091348663891 
72.52799999998226	944.5501017815676 
72.62799999998273	944.4920639021219 
72.72799999998321	944.4350044504473 
72.82799999998369	944.3789069317841 
72.92799999998417	944.3237551294474 
73.02799999998464	944.2695331001408 
73.12799999998512	944.2162251693476 
73.2279999999856	944.1638159267974 
73.32799999998608	944.1122902220139 
73.42799999998655	944.0616331599332 
73.52799999998703	944.0118300966005 
73.62799999998751	943.962866634934 
73.72799999998799	943.9147286205634 
73.82799999998846	943.8674021377403 
73.92799999998894	943.8208735053134 
74.02799999998942	943.7751292727744 
74.1279999999899	943.7301562163691 
74.22799999999037	943.6859413352762 
74.32799999999085	943.642471847846 
74.42799999999133	943.5997351879093 
74.5279999999918	943.5577190011419 
74.62799999999228	943.5164111414939 
74.72799999999276	943.4757996676797 
74.82799999999324	943.4358728397241 
74.92799999999372	943.39661911557 
75.0279999999942	943.3580271477417 
75.12799999999467	943.3200857800632 
75.22799999999515	943.2827840444346 
75.32799999999563	943.246111157662 
75.4279999999961	943.2100565183371 
75.52799999999658	943.1746097037773 
75.62799999999706	943.1397604670077 
75.72799999999754	943.1054987338028 
75.82799999999801	943.0718145997727 
75.92799999999849	943.0386983274993 
76.02799999999897	943.0061403437226 
76.12799999999945	942.9741312365733 
76.22799999999992	942.94266175285 
76.3280000000004	942.9117227953474 
76.42800000000088	942.8813054202236 
76.52800000000136	942.8514008344168 
76.62800000000183	942.8220003931023 
76.72800000000231	942.7930955971925 
76.82800000000279	942.7646780908825 
76.92800000000327	942.7367396592326 
77.02800000000374	942.7092722257942 
77.12800000000422	942.6822678502747 
77.2280000000047	942.6557187262426 
77.32800000000518	942.629617178871 
77.42800000000565	942.6039556627185 
77.52800000000613	942.5787267595465 
77.62800000000661	942.5539231761785 
77.72800000000709	942.529537742389 
77.82800000000756	942.50556340883 
77.92800000000804	942.4819932449956 
78.02800000000852	942.458820437217 
78.128000000009	942.436038286694 
78.22800000000947	942.4136402075562 
78.32800000000995	942.3916197249615 
78.42800000001043	942.3699704732235 
78.5280000000109	942.348686193971 
78.62800000001138	942.3277607343398 
78.72800000001186	942.3071880451932 
78.82800000001234	942.286962179372 
78.92800000001282	942.2670772899792 
79.0280000000133	942.2475276286852 
79.12800000001377	942.2283075440699 
79.22800000001425	942.2094114799864 
79.32800000001473	942.1908339739558 
79.4280000000152	942.1725696555878 
79.52800000001568	942.1546132450292 
79.62800000001616	942.1369595514362 
79.72800000001664	942.1196034714749 
79.82800000001711	942.1025399878458 
79.92800000001759	942.0857641678325 
80.02800000001807	942.0692711618768 
80.12800000001855	942.0530562021769 
80.22800000001902	942.0371146013078 
80.3280000000195	942.0214417508679 
80.42800000001998	942.0060331201454 
80.52800000002046	941.9908842548108 
80.62800000002093	941.9759907756247 
80.72800000002141	941.9613483771778 
80.82800000002189	941.9469528266412 
80.92800000002237	941.9327999625461 
81.02800000002284	941.9188856935791 
81.12800000002332	941.9052059974 
81.2280000000238	941.8917569194784 
81.32800000002428	941.8785345719518 
81.42800000002475	941.865535132501 
81.52800000002523	941.8527548432451 
81.62800000002571	941.840190009654 
81.72800000002619	941.8278369994833 
81.82800000002666	941.815692241722 
81.92800000002714	941.8037522255597 
82.02800000002762	941.7920134993749 
82.1280000000281	941.780472669732 
82.22800000002857	941.769126400407 
82.32800000002905	941.7579714114163 
82.42800000002953	941.7470044780736 
82.52800000003	941.7362224300545 
82.62800000003048	941.725622150483 
82.72800000003096	941.7152005750272 
82.82800000003144	941.7049546910149 
82.92800000003191	941.694881536564 
83.02800000003239	941.6849781997248 
83.12800000003287	941.6752418176378 
83.22800000003335	941.6656695757076 
83.32800000003382	941.6562587067881 
83.4280000000343	941.6470064903829 
83.52800000003478	941.637910251859 
83.62800000003526	941.628967361674 
83.72800000003573	941.6201752346142 
83.82800000003621	941.6115313290502 
83.92800000003669	941.603033146199 
84.02800000003717	941.5946782294046 
84.12800000003764	941.5864641634253 
84.22800000003812	941.5783885737359 
84.3280000000386	941.5704491258446 
84.42800000003908	941.5626435246124 
84.52800000003955	941.554969513596 
84.62800000004003	941.5474248743884 
84.72800000004051	941.5400074259851 
84.82800000004099	941.532715024147 
84.92800000004146	941.5255455607855 
85.02800000004194	941.5184969633499 
85.12800000004242	941.5115671942309 
85.2280000000429	941.5047542501683 
85.32800000004337	941.4980561616751 
85.42800000004385	941.4914709924653 
85.52800000004433	941.4849968388978 
85.6280000000448	941.4786318294224 
85.72800000004528	941.4723741240401 
85.82800000004576	941.4662219137721 
85.92800000004624	941.4601734201365 
86.02800000004672	941.4542268946326 
86.1280000000472	941.448380618237 
86.22800000004767	941.4426329009078 
86.32800000004815	941.436982081093 
86.42800000004863	941.4314265252519 
86.5280000000491	941.4259646273838 
86.62800000004958	941.4205948085611 
86.72800000005006	941.415315516476 
86.82800000005054	941.410125224989 
86.92800000005101	941.4050224336893 
87.02800000005149	941.4000056674608 
87.12800000005197	941.3950734760558 
87.22800000005245	941.3902244336755 
87.32800000005292	941.3854571385566 
87.4280000000534	941.3807702125687 
87.52800000005388	941.3761623008138 
87.62800000005436	941.3716320712368 
87.72800000005483	941.3671782142366 
87.82800000005531	941.3627994422914 
87.92800000005579	941.358494489585 
88.02800000005627	941.3542621116404 
88.12800000005674	941.3501010849607 
88.22800000005722	941.3460102066759 
88.3280000000577	941.3419882941936 
88.42800000005818	941.3380341848577 
88.52800000005865	941.334146735614 
88.62800000005913	941.3303248226774 
88.72800000005961	941.3265673412092 
88.82800000006009	941.3228732049942 
88.92800000006056	941.3192413461322 
89.02800000006104	941.3156707147234 
89.12800000006152	941.3121602785694 
89.228000000062	941.308709022872 
89.32800000006247	941.3053159499423 
89.42800000006295	941.3019800789086 
89.52800000006343	941.298700445437 
89.6280000000639	941.2954761014514 
89.72800000006438	941.292306114856 
89.82800000006486	941.289189569271 
89.92800000006534	941.2861255637653 
90.02800000006582	941.2831132125942 
90.1280000000663	941.2801516449473 
90.22800000006677	941.2772400046938 
90.32800000006725	941.2743774501361 
90.42800000006773	941.2715631537657 
90.5280000000682	941.2687963020256 
90.62800000006868	941.2660760950732 
90.72800000006916	941.263401746551 
90.82800000006964	941.2607724833574 
90.92800000007011	941.258187545424 
91.02800000007059	941.2556461854969 
91.12800000007107	941.2531476689185 
91.22800000007155	941.2506912734179 
91.32800000007202	941.2482762888988 
91.4280000000725	941.2459020172375 
91.52800000007298	941.2435677720786 
91.62800000007346	941.2412728786381 
91.72800000007393	941.2390166735076 
91.82800000007441	941.2367985044632 
91.92800000007489	941.2346177302753 
92.02800000007537	941.2324737205254 
92.12800000007584	941.2303658554229 
92.22800000007632	941.2282935256258 
92.3280000000768	941.2262561320639 
92.42800000007728	941.2242530857676 
92.52800000007775	941.2222838076954 
92.62800000007823	941.2203477285678 
92.72800000007871	941.2184442887028 
92.82800000007919	941.2165729378537 
92.92800000007966	941.2147331350499 
93.02800000008014	941.2129243484402 
93.12800000008062	941.2111460551411 
93.2280000000811	941.209397741082 
93.32800000008157	941.2076789008602 
93.42800000008205	941.2059890375936 
93.52800000008253	941.204327662776 
93.628000000083	941.2026942961355 
93.72800000008348	941.2010884654998 
93.82800000008396	941.1995097066539 
93.92800000008444	941.19795756321 
94.02800000008492	941.1964315864744 
94.1280000000854	941.1949313353173 
94.22800000008587	941.1934563760458 
94.32800000008635	941.1920062822775 
94.42800000008683	941.19058063482 
94.5280000000873	941.1891790215461 
94.62800000008778	941.1878010372773 
94.72800000008826	941.1864462836659 
94.82800000008874	941.1851143690785 
94.92800000008921	941.1838049084863 
95.02800000008969	941.1825175233488 
95.12800000009017	941.1812518415093 
95.22800000009065	941.1800074970835 
95.32800000009112	941.1787841303563 
95.4280000000916	941.1775813876769 
95.52800000009208	941.1763989213555 
95.62800000009256	941.1752363895647 
95.72800000009303	941.1740934562397 
95.82800000009351	941.172969790981 
95.92800000009399	941.1718650689593 
96.02800000009447	941.1707789708206 
96.12800000009494	941.1697111825963 
96.22800000009542	941.1686613956092 
96.3280000000959	941.1676293063872 
96.42800000009638	941.1666146165736 
96.52800000009685	941.1656170328406 
96.62800000009733	941.1646362668082 
96.72800000009781	941.1636720349552 
96.82800000009829	941.1627240585412 
96.92800000009876	941.1617920635251 
97.02800000009924	941.1608757804859 
97.12800000009972	941.1599749445443 
97.2280000001002	941.1590892952854 
97.32800000010067	941.158218576687 
97.42800000010115	941.1573625370405 
97.52800000010163	941.1565209288821 
97.6280000001021	941.1556935089196 
97.72800000010258	941.154880037962 
97.82800000010306	941.1540802808507 
97.92800000010354	941.1532940063925 
98.02800000010402	941.1525209872904 
98.12800000010449	941.1517610000799 
98.22800000010497	941.1510138250634 
98.32800000010545	941.1502792462481 
98.42800000010592	941.1495570512815 
98.5280000001064	941.1488470313909 
98.62800000010688	941.148148981324 
98.72800000010736	941.1474626992884 
98.82800000010783	941.1467879868931 
98.92800000010831	941.1461246490921 
99.02800000010879	941.1454724941282 
99.12800000010927	941.1448313334758 
99.22800000010974	941.1442009817881 
99.32800000011022	941.1435812568425 
99.4280000001107	941.1429719794895 
99.52800000011118	941.1423729735985 
99.62800000011165	941.141784066009 
99.72800000011213	941.1412050864793 
99.82800000011261	941.1406358676378 
99.92800000011309	941.1400762449348 
