0.001	997.9285775333635 
0.10100000000000008	997.9285190908255 
0.20100000000000015	997.928535408362 
0.3010000000000002	997.9285324174174 
0.4010000000000003	997.9285341821616 
0.5020000000000003	997.9285348058642 
0.6020000000000004	997.9285356661493 
0.7020000000000005	997.9285364564289 
0.8020000000000006	997.9285372451021 
0.9020000000000007	997.9285380181278 
1.0030000000000003	997.9285387861004 
1.1039999999999892	997.9285395409255 
1.204999999999978	997.9285402829073 
1.305999999999967	997.9285410122566 
1.4069999999999558	997.9285417291883 
1.5079999999999447	997.9285424339139 
1.6089999999999336	997.928543126641 
1.7099999999999225	997.9285438075735 
1.8109999999999113	997.9285444769132 
1.9119999999999002	997.9285451348577 
2.0129999999998893	997.9285457815993 
2.113999999999878	997.9285464173306 
2.214999999999867	997.9285470422375 
2.315999999999856	997.9285476565051 
2.416999999999845	997.9285482603146 
2.5179999999998337	997.9285488538441 
2.6189999999998226	997.928549437268 
2.7199999999998115	997.928550010759 
2.8209999999998003	997.9285505744859 
2.921999999999789	997.928551128615 
3.022999999999778	997.9285516733097 
3.123999999999767	997.9285522087304 
3.224999999999756	997.9285527350364 
3.3259999999997447	997.928553252381 
3.4269999999997336	997.9285537609177 
3.5279999999997225	997.9285542607957 
3.6289999999997113	997.9285547521636 
3.7299999999997	997.9285552351652 
3.830999999999689	997.928555709943 
3.931999999999678	997.9285561766382 
4.031999999999681	997.9285566308848 
4.131999999999715	997.9285570774725 
4.231999999999748	997.9285575165316 
4.331999999999781	997.9285579481888 
4.431999999999815	997.9285583725692 
4.531999999999848	997.9285587897949 
4.6319999999998815	997.9285591999868 
4.731999999999915	997.9285596032632 
4.831999999999948	997.9285599997412 
4.931999999999982	997.9285603895361 
5.032000000000015	997.9285607727588 
5.1320000000000485	997.9285611495212 
5.232000000000082	997.9285615199318 
5.332000000000115	997.928561884098 
5.432000000000149	997.928562242125 
5.532000000000182	997.9285625941162 
5.6320000000002155	997.928562940173 
5.732000000000249	997.9285632803959 
5.832000000000282	997.9285636148842 
5.932000000000316	997.928563943732 
6.032000000000349	997.9285642670376 
6.1320000000003825	997.928564584892 
6.232000000000416	997.9285648973878 
6.332000000000449	997.9285652046153 
6.432000000000483	997.9285655066635 
6.532000000000516	997.9285658036196 
6.6320000000005495	997.9285660955695 
6.732000000000583	997.9285663825975 
6.832000000000616	997.9285666647868 
6.93200000000065	997.9285669422186 
7.032000000000683	997.928567214973 
7.132000000000716	997.9285674831305 
7.23200000000075	997.9285677467657 
7.332000000000783	997.9285680059583 
7.432000000000817	997.9285682607803 
7.53200000000085	997.9285685113064 
7.632000000000883	997.9285687576087 
7.732000000000917	997.9285689997591 
7.83200000000095	997.9285692378271 
7.932000000000984	997.9285694718817 
8.032000000000988	997.9285697019901 
8.133000000000932	997.9285699304627 
8.234000000000876	997.9285701550451 
8.33500000000082	997.9285703758038 
8.436000000000764	997.9285705928042 
8.537000000000708	997.9285708061099 
8.638000000000652	997.928571015784 
8.739000000000596	997.9285712218875 
8.84000000000054	997.9285714244837 
8.941000000000484	997.9285716236292 
9.042000000000428	997.9285718193856 
9.143000000000372	997.9285720118083 
9.244000000000316	997.9285722009547 
9.34500000000026	997.9285723868809 
9.446000000000204	997.9285725696416 
9.547000000000148	997.9285727492908 
9.648000000000092	997.9285729258812 
9.749000000000036	997.928573099465 
9.84999999999998	997.928573270093 
9.950999999999924	997.9285734378166 
10.051999999999868	997.9285736026845 
10.152999999999812	997.9285737647454 
10.253999999999756	997.928573924047 
10.3549999999997	997.9285740806364 
10.455999999999644	997.9285742345598 
10.556999999999588	997.9285743858627 
10.657999999999532	997.9285745345895 
10.758999999999476	997.9285746807835 
10.85999999999942	997.9285748244891 
10.960999999999364	997.9285749657475 
11.061999999999308	997.9285751046011 
11.162999999999252	997.9285752410894 
11.263999999999196	997.9285753752558 
11.36499999999914	997.9285755071378 
11.465999999999084	997.9285756367752 
11.566999999999029	997.9285757642047 
11.667999999998973	997.9285758894647 
11.768999999998917	997.9285760125921 
11.86999999999886	997.9285761336229 
11.970999999998805	997.928576252593 
12.071999999998749	997.9285763695376 
12.172999999998693	997.9285764844915 
12.273999999998637	997.928576597488 
12.37499999999858	997.9285767085606 
12.475999999998525	997.9285768177423 
12.576999999998469	997.9285769250649 
12.677999999998413	997.9285770305603 
12.778999999998357	997.9285771342595 
12.8799999999983	997.9285772361935 
12.980999999998245	997.9285773363913 
13.081999999998189	997.9285774348843 
13.182999999998133	997.9285775316996 
13.283999999998077	997.928577626867 
13.384999999998021	997.9285777204137 
13.485999999997965	997.9285778123676 
13.586999999997909	997.928577902756 
13.687999999997853	997.9285779916058 
13.788999999997797	997.9285780789428 
13.889999999997741	997.9285781647927 
13.990999999997685	997.928578249181 
14.091999999997629	997.9285783321324 
14.192999999997573	997.9285784136716 
14.293999999997517	997.9285784938226 
14.394999999997461	997.9285785726088 
14.495999999997405	997.9285786500535 
14.59699999999735	997.92857872618 
14.697999999997293	997.9285788010102 
14.798999999997237	997.928578874566 
14.899999999997181	997.9285789468698 
15.000999999997125	997.9285790179421 
15.10199999999707	997.9285790878039 
15.202999999997013	997.9285791564753 
15.303999999996957	997.9285792239807 
15.404999999996901	997.9285792903361 
15.505999999996845	997.9285793555621 
15.60699999999679	997.9285794196774 
15.707999999996733	997.9285794827009 
15.808999999996677	997.9285795446517 
15.909999999996622	997.9285796055476 
16.010999999996585	997.9285796654066 
16.110999999996707	997.9285797236685 
16.21099999999683	997.9285797809484 
16.31099999999695	997.9285798372628 
16.410999999997074	997.9285798926276 
16.510999999997196	997.9285799470588 
16.61099999999732	997.9285800005725 
16.71099999999744	997.9285800531842 
16.810999999997563	997.9285801049089 
16.910999999997685	997.9285801557614 
17.010999999997807	997.9285802057566 
17.11099999999793	997.9285802549089 
17.21099999999805	997.9285803032332 
17.310999999998174	997.9285803507422 
17.410999999998296	997.9285803974504 
17.51099999999842	997.9285804433712 
17.61099999999854	997.9285804885172 
17.710999999998663	997.9285805329031 
17.810999999998785	997.9285805765402 
17.910999999998907	997.9285806194423 
18.01099999999903	997.9285806616207 
18.11099999999915	997.928580703088 
18.210999999999274	997.9285807438561 
18.310999999999396	997.9285807839369 
18.410999999999518	997.9285808233421 
18.51099999999964	997.928580862083 
18.610999999999763	997.9285809001708 
18.710999999999885	997.9285809376164 
18.811000000000007	997.9285809744307 
18.91100000000013	997.9285810106242 
19.01100000000025	997.9285810462078 
19.111000000000374	997.928581081191 
19.211000000000496	997.9285811155844 
19.311000000000618	997.9285811493976 
19.41100000000074	997.9285811826426 
19.511000000000863	997.9285812153263 
19.611000000000985	997.9285812474592 
19.711000000001107	997.9285812790501 
19.81100000000123	997.9285813101087 
19.91100000000135	997.9285813406436 
20.011000000001474	997.9285813706638 
20.111000000001596	997.9285814001779 
20.211000000001718	997.9285814291942 
20.31100000000184	997.9285814577214 
20.411000000001962	997.9285814857676 
20.511000000002085	997.9285815133411 
20.611000000002207	997.9285815404495 
20.71100000000233	997.9285815671012 
20.81100000000245	997.9285815933034 
20.911000000002574	997.9285816190641 
21.011000000002696	997.9285816443904 
21.111000000002818	997.9285816692897 
21.21100000000294	997.928581693769 
21.311000000003062	997.9285817178358 
21.411000000003185	997.9285817414968 
21.511000000003307	997.9285817647587 
21.61100000000343	997.9285817876284 
21.71100000000355	997.9285818101125 
21.811000000003673	997.9285818322187 
21.911000000003796	997.9285818539518 
22.011000000003918	997.9285818753183 
22.11100000000404	997.9285818963244 
22.211000000004162	997.9285819169767 
22.311000000004285	997.9285819372806 
22.411000000004407	997.9285819572423 
22.51100000000453	997.9285819768673 
22.61100000000465	997.9285819961614 
22.711000000004773	997.9285820151306 
22.811000000004896	997.9285820337797 
22.911000000005018	997.9285820521143 
23.01100000000514	997.9285820701399 
23.111000000005262	997.9285820878617 
23.211000000005384	997.9285821052847 
23.311000000005507	997.9285821224138 
23.41100000000563	997.9285821392539 
23.51100000000575	997.9285821558108 
23.611000000005873	997.9285821720882 
23.711000000005996	997.9285821880914 
23.811000000006118	997.9285822038247 
23.91100000000624	997.9285822192929 
24.011000000006362	997.9285822345 
24.111000000006484	997.9285822494509 
24.211000000006607	997.9285822641497 
24.31100000000673	997.9285822786007 
24.41100000000685	997.9285822928082 
24.511000000006973	997.928582306776 
24.611000000007095	997.9285823205081 
24.711000000007218	997.9285823340089 
24.81100000000734	997.9285823472823 
24.911000000007462	997.928582360332 
25.011000000007584	997.9285823731617 
25.111000000007706	997.928582385775 
25.21100000000783	997.9285823981758 
25.31100000000795	997.9285824103672 
25.411000000008073	997.9285824223533 
25.511000000008195	997.9285824341372 
25.611000000008318	997.9285824457223 
25.71100000000844	997.928582457112 
25.811000000008562	997.9285824683102 
25.911000000008684	997.9285824793192 
26.011000000008806	997.9285824901427 
26.11100000000893	997.9285825007837 
26.21100000000905	997.9285825112453 
26.311000000009173	997.9285825215305 
26.411000000009295	997.9285825316423 
26.511000000009417	997.9285825415835 
26.61100000000954	997.9285825513572 
26.711000000009662	997.9285825609662 
26.811000000009784	997.9285825704134 
26.911000000009906	997.9285825797011 
27.01100000001003	997.9285825888325 
27.11100000001015	997.9285825978096 
27.211000000010273	997.9285826066359 
27.311000000010395	997.928582615313 
27.411000000010517	997.9285826238438 
27.51100000001064	997.9285826322313 
27.611000000010762	997.9285826404769 
27.711000000010884	997.9285826485836 
27.811000000011006	997.9285826565537 
27.91100000001113	997.9285826643893 
28.01100000001125	997.9285826720927 
28.111000000011373	997.9285826796663 
28.211000000011495	997.9285826871122 
28.311000000011617	997.9285826944327 
28.41100000001174	997.9285827016296 
28.51100000001186	997.928582708705 
28.611000000011984	997.9285827156613 
28.711000000012106	997.9285827225003 
28.81100000001223	997.9285827292239 
28.91100000001235	997.9285827358343 
29.011000000012473	997.9285827423328 
29.111000000012595	997.9285827487221 
29.211000000012717	997.9285827550035 
29.31100000001284	997.9285827611791 
29.41100000001296	997.9285827672505 
29.511000000013084	997.9285827732197 
29.611000000013206	997.928582779088 
29.71100000001333	997.9285827848574 
29.81100000001345	997.9285827905298 
29.911000000013573	997.9285827961063 
30.011000000013695	997.928582801589 
30.111000000013817	997.9285828069791 
30.21100000001394	997.9285828122784 
30.31100000001406	997.9285828174885 
30.411000000014184	997.9285828226107 
30.511000000014306	997.9285828276466 
30.61100000001443	997.9285828325975 
30.71100000001455	997.9285828374652 
30.811000000014673	997.9285828422505 
30.911000000014795	997.9285828469556 
31.011000000014917	997.9285828515812 
31.11100000001504	997.9285828561286 
31.21100000001516	997.9285828605995 
31.311000000015284	997.9285828649953 
31.411000000015406	997.9285828693166 
31.511000000015528	997.9285828735656 
31.61100000001565	997.9285828777427 
31.711000000015773	997.9285828818491 
31.811000000015895	997.9285828858865 
31.911000000016017	997.9285828898556 
32.0110000000161	997.928582893758 
32.11200000001586	997.9285828976326 
32.213000000015626	997.9285829014409 
32.31400000001539	997.9285829051846 
32.415000000015155	997.9285829088645 
32.51600000001492	997.9285829124818 
32.617000000014684	997.9285829160372 
32.71800000001445	997.928582919532 
32.81900000001421	997.9285829229675 
32.92000000001398	997.9285829263442 
33.02100000001374	997.9285829296634 
33.12200000001351	997.9285829329261 
33.22300000001327	997.9285829361331 
33.32400000001304	997.9285829392857 
33.4250000000128	997.9285829423847 
33.526000000012566	997.9285829454304 
33.62700000001233	997.9285829484248 
33.728000000012095	997.9285829513674 
33.82900000001186	997.9285829542603 
33.930000000011624	997.928582957104 
34.03100000001139	997.9285829598989 
34.13200000001115	997.9285829626465 
34.23300000001092	997.9285829653471 
34.33400000001068	997.9285829680018 
34.43500000001045	997.9285829706114 
34.53600000001021	997.9285829731765 
34.63700000000998	997.9285829756975 
34.73800000000974	997.9285829781757 
34.839000000009506	997.9285829806117 
34.94000000000927	997.928582983006 
35.041000000009035	997.9285829853598 
35.1420000000088	997.9285829876734 
35.243000000008564	997.9285829899477 
35.34400000000833	997.9285829921828 
35.44500000000809	997.9285829943802 
35.54600000000786	997.9285829965405 
35.64700000000762	997.9285829986635 
35.74800000000739	997.9285830007505 
35.84900000000715	997.9285830028018 
35.950000000006916	997.9285830048182 
36.05100000000668	997.9285830068002 
36.152000000006446	997.9285830087485 
36.25300000000621	997.9285830106638 
36.354000000005975	997.9285830125463 
36.45500000000574	997.928583014396 
36.556000000005504	997.9285830162147 
36.65700000000527	997.9285830180027 
36.75800000000503	997.9285830197598 
36.8590000000048	997.9285830214872 
36.96000000000456	997.9285830231853 
37.06100000000433	997.9285830248541 
37.16200000000409	997.9285830264951 
37.263000000003856	997.9285830281077 
37.36400000000362	997.9285830296927 
37.465000000003386	997.9285830312516 
37.56600000000315	997.9285830327829 
37.667000000002915	997.9285830342882 
37.76800000000268	997.9285830357682 
37.869000000002444	997.9285830372231 
37.97000000000221	997.928583038653 
38.07100000000197	997.9285830400579 
38.17200000000174	997.9285830414393 
38.2730000000015	997.9285830427971 
38.37400000000127	997.9285830441316 
38.47500000000103	997.9285830454436 
38.576000000000796	997.9285830467334 
38.67700000000056	997.9285830480014 
38.778000000000326	997.9285830492472 
38.87900000000009	997.9285830504717 
38.979999999999855	997.9285830516752 
39.08099999999962	997.9285830528589 
39.181999999999384	997.9285830540227 
39.28299999999915	997.9285830551659 
39.38399999999891	997.9285830562894 
39.48499999999868	997.9285830573953 
39.58599999999844	997.9285830584806 
39.68699999999821	997.9285830595486 
39.78799999999797	997.9285830605984 
39.888999999997736	997.9285830616298 
39.9899999999975	997.9285830626444 
40.090999999997265	997.9285830636404 
40.19199999999703	997.9285830646206 
40.292999999996795	997.9285830655829 
40.39399999999656	997.9285830665295 
40.494999999996324	997.9285830674598 
40.59599999999609	997.9285830683739 
40.69699999999585	997.9285830692731 
40.79799999999562	997.9285830701562 
40.89899999999538	997.928583071024 
40.99999999999515	997.928583071878 
41.10099999999491	997.9285830727176 
41.201999999994676	997.9285830735413 
41.30299999999444	997.9285830743518 
41.403999999994205	997.9285830751488 
41.50499999999397	997.9285830759322 
41.605999999993735	997.9285830767024 
41.7069999999935	997.9285830774586 
41.807999999993264	997.9285830782021 
41.90899999999303	997.9285830789329 
42.00999999999279	997.9285830796517 
42.11099999999256	997.9285830803578 
42.21199999999232	997.9285830810526 
42.31299999999209	997.9285830817353 
42.41399999999185	997.9285830824064 
42.514999999991616	997.9285830830662 
42.61599999999138	997.9285830837148 
42.716999999991145	997.9285830843526 
42.81799999999091	997.9285830849794 
42.918999999990675	997.9285830855957 
43.01999999999044	997.9285830862018 
43.120999999990204	997.9285830867974 
43.22199999998997	997.928583087383 
43.32299999998973	997.9285830879576 
43.4239999999895	997.9285830885226 
43.52499999998926	997.9285830890784 
43.62599999998903	997.9285830896249 
43.72699999998879	997.9285830901628 
43.827999999988556	997.928583090691 
43.92899999998832	997.9285830912088 
44.029999999988085	997.9285830917183 
44.13099999998785	997.9285830922203 
44.231999999987615	997.928583092714 
44.33299999998738	997.9285830931967 
44.433999999987144	997.9285830936723 
44.53499999998691	997.928583094141 
44.63599999998667	997.9285830946003 
44.73699999998644	997.9285830950513 
44.8379999999862	997.9285830954963 
44.93899999998597	997.9285830959326 
45.03999999998573	997.9285830963605 
45.140999999985496	997.9285830967835 
45.24199999998526	997.9285830971969 
45.342999999985025	997.9285830976038 
45.44399999998479	997.9285830980057 
45.544999999984555	997.9285830983972 
45.64599999998432	997.9285830987853 
45.746999999984084	997.9285830991643 
45.84799999998385	997.928583099538 
45.94899999998361	997.9285830999054 
46.04999999998338	997.9285831002654 
46.15099999998314	997.9285831006214 
46.25199999998291	997.9285831009685 
46.35299999998267	997.9285831013132 
46.453999999982436	997.9285831016485 
46.5549999999822	997.9285831019818 
46.655999999981965	997.9285831023058 
46.75699999998173	997.9285831026277 
46.857999999981494	997.9285831029409 
46.95899999998126	997.9285831032518 
47.059999999981024	997.9285831035553 
47.16099999998079	997.9285831038552 
47.26199999998055	997.9285831041497 
47.36299999998032	997.9285831044389 
47.46399999998008	997.9285831047246 
47.56499999997985	997.9285831050026 
47.66599999997961	997.928583105279 
47.766999999979376	997.9285831055479 
47.86799999997914	997.9285831058143 
47.968999999978905	997.9285831060762 
48.06999999997867	997.9285831063321 
48.170999999978434	997.9285831065858 
48.2719999999782	997.9285831068332 
48.372999999977964	997.928583107078 
48.47399999997773	997.9285831073191 
48.57499999997749	997.9285831075531 
48.67599999997726	997.9285831077862 
48.77699999997702	997.9285831080153 
48.87799999997679	997.928583108238 
48.97899999997655	997.9285831084593 
49.079999999976316	997.928583108677 
49.18099999997608	997.9285831088883 
49.281999999975845	997.9285831090992 
49.38299999997561	997.9285831093059 
49.483999999975374	997.9285831095069 
49.58499999997514	997.9285831097072 
49.685999999974904	997.9285831099031 
49.78699999997467	997.9285831100951 
49.88799999997443	997.9285831102842 
49.9889999999742	997.9285831104714 
50.08999999997396	997.927366061267 
50.19099999997373	997.9161105067546 
50.29199999997349	997.8948785510771 
50.392999999973256	997.8637790013084 
50.49399999997302	997.8230220755639 
50.594999999972785	997.7727565637034 
50.69599999997255	997.7131491277199 
50.796999999972314	997.6443575061126 
50.89799999997208	997.5665384014138 
50.99899999997184	997.4798454302243 
51.09999999997161	997.3844296939908 
51.20099999997137	997.2804396986947 
51.30199999997114	997.168021426883 
51.4029999999709	997.0473183746443 
51.50399999997067	996.9184715951615 
51.60499999997043	996.7816197400703 
51.705999999970196	996.6368991003886 
51.80699999996996	996.4844436467006 
51.907999999969725	996.3243850686646 
52.00899999996949	996.1568528138451 
52.109999999969254	995.9819741258895 
52.21099999996902	995.799874082047 
52.31199999996878	995.6106756300564 
52.41299999996855	995.4144996243992 
52.51399999996831	995.2114648619403 
52.61499999996808	995.0016881169602 
52.71599999996784	994.7852841755882 
52.81699999996761	994.5623658696574 
52.91799999996737	994.3330441099697 
53.018999999967136	994.0974279190096 
53.1199999999669	993.8556244630901 
53.220999999966665	993.6077390839562 
53.32199999996643	993.3538753298498 
53.422999999966194	993.0941349860433 
53.52399999996596	992.8286181048567 
53.62499999996572	992.5574230351621 
53.72599999996549	992.2806464513853 
53.82699999996525	991.9983833820136 
53.92799999996502	991.7107272376206 
54.02899999996478	991.4177698384108 
54.12999999996455	991.1196014412975 
54.23099999996431	990.8163107665167 
54.331999999964076	990.5079850237927 
54.43299999996384	990.1947099380536 
54.533999999963605	989.8765697747112 
54.63499999996337	989.5536473645104 
54.735999999963134	989.2260241279546 
54.8369999999629	988.8937800993172 
54.93799999996266	988.5569939502404 
55.03899999996243	988.2157430129387 
55.13999999996219	987.8701033029985 
55.24099999996196	987.5201495417998 
55.34199999996172	987.1659551785465 
55.442999999961486	986.8075924119278 
55.54399999996125	986.4451322114094 
55.644999999961016	986.0786443381593 
55.74599999996078	985.7081973656233 
55.846999999960545	985.3338586997444 
55.94799999996031	984.9556945988405 
56.048999999960074	984.5737701931425 
56.14999999995984	984.1881495040037 
56.2509999999596	983.7988954627751 
56.35199999995937	983.4060699293664 
56.45299999995913	983.0097337104867 
56.5539999999589	982.6099465775752 
56.65499999995866	982.2067672844288 
56.755999999958426	981.8002535845264 
56.85699999995819	981.3904622480609 
56.957999999957956	980.9774490786808 
57.05899999995772	980.561268929945 
57.159999999957485	980.1419757214974 
57.26099999995725	979.7196224549717 
57.361999999957014	979.2942612296162 
57.46299999995678	978.865943257661 
57.56399999995654	978.4347188794175 
57.66499999995631	978.0006375781244 
57.76599999995607	977.5637479945398 
57.86699999995584	977.1240979412859 
57.9679999999556	976.681734416946 
58.068999999955366	976.2367036199267 
58.16999999995513	975.7890509620797 
58.270999999954896	975.3388210820938 
58.37199999995466	974.8860578586578 
58.472999999954425	974.4308044234017 
58.57399999995419	973.9731031736145 
58.674999999953954	973.5129957847465 
58.77599999995372	973.0505232226992 
58.87699999995348	972.5857257559069 
58.97799999995325	972.1186429672099 
59.07899999995301	971.649313765529 
59.17999999995278	971.1777763973366 
59.28099999995254	970.7040684579383 
59.381999999952306	970.2282269025571 
59.48299999995207	969.7502880572331 
59.583999999951835	969.2702876295332 
59.6849999999516	968.7882607190836 
59.785999999951365	968.3042418279192 
59.88699999995113	967.8182648706572 
59.987999999950894	967.3303631844991 
60.08899999995066	966.8417364903959 
60.18999999995042	966.3612259009803 
60.29099999995019	965.8888807127224 
60.39199999994995	965.4246047773198 
60.49299999994972	964.9682220532052 
60.59399999994948	964.5196131502136 
60.694999999949246	964.078641039319 
60.79599999994901	963.6451770026517 
60.896999999948775	963.2190928738856 
60.99799999994854	962.8002630881222 
61.098999999948305	962.3885641169094 
61.19999999994807	961.9838745582422 
61.300999999947834	961.5860750719577 
61.4019999999476	961.1950483507836 
61.50299999994736	960.8106790844662 
61.60399999994713	960.432853926013 
61.70499999994689	960.0614614582211 
61.80599999994666	959.6963921608328 
61.90699999994642	959.3375383782343 
62.007999999946186	958.984794287711 
62.10899999994595	958.6380558682407 
62.209999999945715	958.2972208698191 
62.31099999994548	957.9621887833068 
62.411999999945245	957.6328608107906 
62.51299999994501	957.3091398364487 
62.613999999944774	956.990930397911 
62.71499999994454	956.678138658111 
62.8159999999443	956.3706723776112 
62.91699999994407	956.0684408874027 
63.01799999994383	955.7713550621704 
63.1189999999436	955.4793272940071 
63.21999999994336	955.1922714665833 
63.320999999943126	954.9101029297464 
63.42199999994289	954.6327384745633 
63.522999999942655	954.3600963087803 
63.62399999994242	954.0920960327037 
63.724999999942185	953.8286586154915 
63.82599999994195	953.5697063718461 
63.926999999941714	953.3151629391084 
64.02799999994167	953.0649532547359 
64.12799999994215	952.8214180366348 
64.22799999994263	952.5819884409818 
64.3279999999431	952.3465952534111 
64.42799999994358	952.1151704264025 
64.52799999994406	951.8876470596102 
64.62799999994454	951.6639593805246 
64.72799999994501	951.4440427254569 
64.82799999994549	951.227833520846 
64.92799999994597	951.0152692648834 
65.02799999994645	950.8062885094416 
65.12799999994692	950.6008308423129 
65.2279999999474	950.398836869745 
65.32799999994788	950.2002481992708 
65.42799999994836	950.0050074228293 
65.52799999994883	949.8130581001693 
65.62799999994931	949.6243447425338 
65.72799999994979	949.4388127966189 
65.82799999995026	949.2564086288053 
65.92799999995074	949.0770795096508 
66.02799999995122	948.900773598651 
66.1279999999517	948.7274399292492 
66.22799999995217	948.5570283941072 
66.32799999995265	948.3894897306153 
66.42799999995313	948.2247755066568 
66.52799999995361	948.0628381066033 
66.62799999995408	947.9036307175518 
66.72799999995456	947.747107315792 
66.82799999995504	947.5932226535006 
66.92799999995552	947.4419322456617 
67.027999999956	947.2931923572071 
67.12799999995647	947.1469599903741 
67.22799999995695	947.0031928722744 
67.32799999995743	946.8618494426743 
67.4279999999579	946.7228888419803 
67.52799999995838	946.5862708994288 
67.62799999995886	946.4519561214706 
67.72799999995934	946.3199056803587 
67.82799999995981	946.1900814029179 
67.92799999996029	946.0624457595154 
68.02799999996077	945.9369618532078 
68.12799999996125	945.8135934090769 
68.22799999996172	945.6923047637426 
68.3279999999622	945.5730608550545 
68.42799999996268	945.4558272119538 
68.52799999996316	945.3405699445102 
68.62799999996363	945.2272557341248 
68.72799999996411	945.1158518238985 
68.82799999996459	945.006326009162 
68.92799999996507	944.8986466281655 
69.02799999996554	944.7927825529272 
69.12799999996602	944.6887031802346 
69.2279999999665	944.5863784227978 
69.32799999996698	944.4857787005504 
69.42799999996745	944.3868749321002 
69.52799999996793	944.2896385263218 
69.62799999996841	944.1940413740915 
69.72799999996889	944.1000558401607 
69.82799999996936	944.0076547551694 
69.92799999996984	943.9168114077883 
70.02799999997032	943.827499537001 
70.1279999999708	943.7396933245101 
70.22799999997127	943.6533673872742 
70.32799999997175	943.5684967701704 
70.42799999997223	943.4850569387801 
70.5279999999727	943.4030237722961 
70.62799999997318	943.3223735565513 
70.72799999997366	943.243082977161 
70.82799999997414	943.1651291127852 
70.92799999997462	943.0884894285026 
71.0279999999751	943.0131417692937 
71.12799999997557	942.9390643536392 
71.22799999997605	942.866235767222 
71.32799999997653	942.7946349567358 
71.427999999977	942.7242412238014 
71.52799999997748	942.6550342189813 
71.62799999997796	942.5869939358975 
71.72799999997844	942.5201007054488 
71.82799999997891	942.4543351901231 
71.92799999997939	942.3896783784098 
72.02799999997987	942.3261115793024 
72.12799999998035	942.2636164168938 
72.22799999998082	942.2021748250687 
72.3279999999813	942.1417690422761 
72.42799999998178	942.0823816063976 
72.52799999998226	942.0239953496985 
72.62799999998273	941.9665933938659 
72.72799999998321	941.9101591451284 
72.82799999998369	941.854676289459 
72.92799999998417	941.800128787861 
73.02799999998464	941.7465008717293 
73.12799999998512	941.6937770382921 
73.2279999999856	941.6419420461316 
73.32799999998608	941.5909809107752 
73.42799999998655	941.5408789003657 
73.52799999998703	941.4916215314016 
73.62799999998751	941.4431945645509 
73.72799999998799	941.3955840005339 
73.82799999998846	941.3487760760771 
73.92799999998894	941.3027572599344 
74.02799999998942	941.2575142489758 
74.1279999999899	941.2130339643398 
74.22799999999037	941.1693035476546 
74.32799999999085	941.1263103573225 
74.42799999999133	941.0840419648594 
74.5279999999918	941.0424861513098 
74.62799999999228	941.0016309037079 
74.72799999999276	940.9614644116089 
74.82799999999324	940.9219750636739 
74.92799999999372	940.8831514443125 
75.0279999999942	940.8449823303833 
75.12799999999467	940.8074566879498 
75.22799999999515	940.7705636690889 
75.32799999999563	940.7342926087591 
75.4279999999961	940.6986330217129 
75.52799999999658	940.6635745994682 
75.62799999999706	940.6291072073285 
75.72799999999754	940.5952208814502 
75.82799999999801	940.5619058259671 
75.92799999999849	940.5291524101546 
76.02799999999897	940.4969511656467 
76.12799999999945	940.4652927837006 
76.22799999999992	940.4341681125032 
76.3280000000004	940.4035681545269 
76.42800000000088	940.3734840639283 
76.52800000000136	940.3439071439916 
76.62800000000183	940.3148288446131 
76.72800000000231	940.2862407598312 
76.82800000000279	940.2581346253954 
76.92800000000327	940.230502316377 
77.02800000000374	940.2033358448225 
77.12800000000422	940.1766273574406 
77.2280000000047	940.1503691333353 
77.32800000000518	940.1245535817734 
77.42800000000565	940.0991732399881 
77.52800000000613	940.0742207710249 
77.62800000000661	940.0496889616176 
77.72800000000709	940.0255707201048 
77.82800000000756	940.0018590743796 
77.92800000000804	939.9785471698733 
78.02800000000852	939.9556282675753 
78.128000000009	939.9330957420835 
78.22800000000947	939.9109430796894 
78.32800000000995	939.8891638764973 
78.42800000001043	939.8677518365685 
78.5280000000109	939.8467007701057 
78.62800000001138	939.8260045916618 
78.72800000001186	939.8056573183799 
78.82800000001234	939.7856530682659 
78.92800000001282	939.7659860584859 
79.0280000000133	939.7466506036959 
79.12800000001377	939.7276411143981 
79.22800000001425	939.7089520953251 
79.32800000001473	939.6905781438498 
79.4280000000152	939.6725139484262 
79.52800000001568	939.6547542870528 
79.62800000001616	939.6372940257618 
79.72800000001664	939.6201281171367 
79.82800000001711	939.6032515988526 
79.92800000001759	939.5866595922415 
80.02800000001807	939.5703473008822 
80.12800000001855	939.5543100092126 
80.22800000001902	939.53854308117 
80.3280000000195	939.5230419588457 
80.42800000001998	939.5078021611723 
80.52800000002046	939.4928192826249 
80.62800000002093	939.4780889919496 
80.72800000002141	939.4636070309102 
80.82800000002189	939.4493692130577 
80.92800000002237	939.4353714225208 
81.02800000002284	939.4216096128148 
81.12800000002332	939.4080798056718 
81.2280000000238	939.3947780898919 
81.32800000002428	939.3817006202125 
81.42800000002475	939.3688436161951 
81.52800000002523	939.3562033611338 
81.62800000002571	939.3437762009806 
81.72800000002619	939.331558543289 
81.82800000002666	939.3195468561756 
81.92800000002714	939.3077376672992 
82.02800000002762	939.296127562856 
82.1280000000281	939.2847131865949 
82.22800000002857	939.2734912388445 
82.32800000002905	939.262458475562 
82.42800000002953	939.2516117073928 
82.52800000003	939.2409477987514 
82.62800000003048	939.230463666912 
82.72800000003096	939.2201562811194 
82.82800000003144	939.2100226617116 
82.92800000003191	939.2000598792603 
83.02800000003239	939.1902650537209 
83.12800000003287	939.1806353536033 
83.22800000003335	939.1711679951516 
83.32800000003382	939.161860241539 
83.4280000000343	939.1527094020784 
83.52800000003478	939.1437128314425 
83.62800000003526	939.1348679289009 
83.72800000003573	939.1261721375665 
83.82800000003621	939.1176229436581 
83.92800000003669	939.1092178757727 
84.02800000003717	939.1009545041711 
84.12800000003764	939.0928304400755 
84.22800000003812	939.0848433349805 
84.3280000000386	939.0769908799706 
84.42800000003908	939.069270805057 
84.52800000003955	939.0616808785182 
84.62800000004003	939.0542189062571 
84.72800000004051	939.0468827311634 
84.82800000004099	939.0396702324952 
84.92800000004146	939.0325793252608 
85.02800000004194	939.0256079596194 
85.12800000004242	939.0187541202873 
85.2280000000429	939.0120158259542 
85.32800000004337	939.0053911287127 
85.42800000004385	938.9988781134939 
85.52800000004433	938.9924748975134 
85.6280000000448	938.9861796297281 
85.72800000004528	938.9799904903008 
85.82800000004576	938.973905690073 
85.92800000004624	938.9679234700496 
86.02800000004672	938.962042100889 
86.1280000000472	938.9562598824026 
86.22800000004767	938.9505751430665 
86.32800000004815	938.9449862395345 
86.42800000004863	938.9394915561646 
86.5280000000491	938.9340895045526 
86.62800000004958	938.9287785230731 
86.72800000005006	938.9235570764246 
86.82800000005054	938.9184236551906 
86.92800000005101	938.9133767754012 
87.02800000005149	938.9084149781024 
87.12800000005197	938.9035368289374 
87.22800000005245	938.8987409177284 
87.32800000005292	938.8940258580732 
87.4280000000534	938.8893902869406 
87.52800000005388	938.8848328642792 
87.62800000005436	938.8803522726278 
87.72800000005483	938.8759472167359 
87.82800000005531	938.8716164231885 
87.92800000005579	938.8673586400397 
88.02800000005627	938.863172636447 
88.12800000005674	938.859057202321 
88.22800000005722	938.8550111479706 
88.3280000000577	938.8510333037611 
88.42800000005818	938.8471225197765 
88.52800000005865	938.8432776654861 
88.62800000005913	938.839497629419 
88.72800000005961	938.8357813188409 
88.82800000006009	938.8321276594404 
88.92800000006056	938.828535595016 
89.02800000006104	938.8250040871741 
89.12800000006152	938.8215321150242 
89.228000000062	938.8181186748884 
89.32800000006247	938.8147627800087 
89.42800000006295	938.8114634602615 
89.52800000006343	938.8082197618793 
89.6280000000639	938.8050307471727 
89.72800000006438	938.8018954942609 
89.82800000006486	938.7988130968042 
89.92800000006534	938.7957826637424 
90.02800000006582	938.7928033190361 
90.1280000000663	938.7898742014177 
90.22800000006677	938.7869944641351 
90.32800000006725	938.7841632747137 
90.42800000006773	938.7813798147134 
90.5280000000682	938.77864327949 
90.62800000006868	938.7759528779661 
90.72800000006916	938.773307832399 
90.82800000006964	938.7707073781584 
90.92800000007011	938.7681507635042 
91.02800000007059	938.7656372493699 
91.12800000007107	938.7631661091485 
91.22800000007155	938.7607366284819 
91.32800000007202	938.7583481050555 
91.4280000000725	938.7559998483935 
91.52800000007298	938.7536911796622 
91.62800000007346	938.7514214314708 
91.72800000007393	938.7491899476795 
91.82800000007441	938.7469960832115 
91.92800000007489	938.7448392038631 
92.02800000007537	938.7427186861228 
92.12800000007584	938.7406339169917 
92.22800000007632	938.7385842938036 
92.3280000000768	938.7365692240534 
92.42800000007728	938.7345881252238 
92.52800000007775	938.7326404246187 
92.62800000007823	938.7307255591955 
92.72800000007871	938.7288429754057 
92.82800000007919	938.7269921290307 
92.92800000007966	938.7251724850273 
93.02800000008014	938.7233835173726 
93.12800000008062	938.7216247089115 
93.2280000000811	938.7198955512073 
93.32800000008157	938.7181955443938 
93.42800000008205	938.7165241970339 
93.52800000008253	938.7148810259733 
93.628000000083	938.7132655562041 
93.72800000008348	938.7116773207251 
93.82800000008396	938.7101158604098 
93.92800000008444	938.7085807238705 
94.02800000008492	938.7070714673295 
94.1280000000854	938.7055876544906 
94.22800000008587	938.704128856413 
94.32800000008635	938.7026946513869 
94.42800000008683	938.7012846248114 
94.5280000000873	938.6998983690762 
94.62800000008778	938.6985354834416 
94.72800000008826	938.6971955739257 
94.82800000008874	938.6958782531854 
94.92800000008921	938.6945831404105 
95.02800000008969	938.6933098612094 
95.12800000009017	938.6920580475015 
95.22800000009065	938.6908273374128 
95.32800000009112	938.6896173751688 
95.4280000000916	938.6884278109941 
95.52800000009208	938.6872583010083 
95.62800000009256	938.68610850713 
95.72800000009303	938.6849780969761 
95.82800000009351	938.6838667437672 
95.92800000009399	938.6827741262332 
96.02800000009447	938.6816999285205 
96.12800000009494	938.6806438400986 
96.22800000009542	938.6796055556746 
96.3280000000959	938.6785847750997 
96.42800000009638	938.6775812032871 
96.52800000009685	938.6765945501235 
96.62800000009733	938.6756245303877 
96.72800000009781	938.6746708636654 
96.82800000009829	938.6737332742714 
96.92800000009876	938.6728114911663 
97.02800000009924	938.6719052478804 
97.12800000009972	938.6710142824377 
97.2280000001002	938.6701383372774 
97.32800000010067	938.6692771591809 
97.42800000010115	938.6684304991991 
97.52800000010163	938.6675981125786 
97.6280000001021	938.666779758693 
97.72800000010258	938.6659752009724 
97.82800000010306	938.6651842068356 
97.92800000010354	938.6644065476214 
98.02800000010402	938.6636419985234 
98.12800000010449	938.6628903385265 
98.22800000010497	938.6621513503399 
98.32800000010545	938.6614248203373 
98.42800000010592	938.6607105384927 
98.5280000001064	938.6600082983215 
98.62800000010688	938.6593178968202 
98.72800000010736	938.6586391344069 
98.82800000010783	938.6579718148654 
98.92800000010831	938.6573157452862 
99.02800000010879	938.6566707360131 
99.12800000010927	938.6560366005865 
99.22800000010974	938.6554131556896 
99.32800000011022	938.6548002210981 
99.4280000001107	938.654197619624 
99.52800000011118	938.6536051770667 
99.62800000011165	938.6530227221641 
99.72800000011213	938.6524500865382 
99.82800000011261	938.651887104653 
99.92800000011309	938.6513336137606 
