0.001	1003.0867501840164 
0.10100000000000008	1003.086845228542 
0.20100000000000015	1003.0868222176242 
0.3010000000000002	1003.0868289134075 
0.4010000000000003	1003.086828396985 
0.5020000000000003	1003.0868295540101 
0.6020000000000004	1003.0868303131674 
0.7020000000000005	1003.0868311380503 
0.8020000000000006	1003.086831932874 
0.9020000000000007	1003.0868327174321 
1.0030000000000003	1003.0868334958493 
1.1039999999999892	1003.0868342610955 
1.204999999999978	1003.0868350133062 
1.305999999999967	1003.0868357527099 
1.4069999999999558	1003.0868364795252 
1.5079999999999447	1003.0868371939657 
1.6089999999999336	1003.0868378962425 
1.7099999999999225	1003.0868385865625 
1.8109999999999113	1003.08683926513 
1.9119999999999002	1003.0868399321437 
2.0129999999998893	1003.0868405878017 
2.113999999999878	1003.0868412322966 
2.214999999999867	1003.0868418658185 
2.315999999999856	1003.086842488554 
2.416999999999845	1003.0868431006878 
2.5179999999998337	1003.086843702399 
2.6189999999998226	1003.0868442938663 
2.7199999999998115	1003.086844875263 
2.8209999999998003	1003.0868454467613 
2.921999999999789	1003.0868460085295 
3.022999999999778	1003.0868465607331 
3.123999999999767	1003.0868471035359 
3.224999999999756	1003.0868476370964 
3.3259999999997447	1003.086848161573 
3.4269999999997336	1003.08684867712 
3.5279999999997225	1003.0868491838899 
3.6289999999997113	1003.0868496820311 
3.7299999999997	1003.0868501716914 
3.830999999999689	1003.0868506530145 
3.931999999999678	1003.0868511261446 
4.031999999999681	1003.0868515866517 
4.131999999999715	1003.0868520393964 
4.231999999999748	1003.086852484508 
4.331999999999781	1003.0868529221161 
4.431999999999815	1003.0868533523466 
4.531999999999848	1003.0868537753241 
4.6319999999998815	1003.0868541911708 
4.731999999999915	1003.0868546000065 
4.831999999999948	1003.0868550019516 
4.931999999999982	1003.0868553971186 
5.032000000000015	1003.0868557856248 
5.1320000000000485	1003.0868561675811 
5.232000000000082	1003.0868565430982 
5.332000000000115	1003.0868569122846 
5.432000000000149	1003.086857275247 
5.532000000000182	1003.0868576320906 
5.6320000000002155	1003.0868579829183 
5.732000000000249	1003.0868583278312 
5.832000000000282	1003.0868586669294 
5.932000000000316	1003.0868590003128 
6.032000000000349	1003.0868593280744 
6.1320000000003825	1003.0868596503108 
6.232000000000416	1003.0868599671145 
6.332000000000449	1003.0868602785778 
6.432000000000483	1003.0868605847896 
6.532000000000516	1003.0868608858398 
6.6320000000005495	1003.086861181814 
6.732000000000583	1003.0868614727991 
6.832000000000616	1003.0868617588785 
6.93200000000065	1003.0868620401346 
7.032000000000683	1003.0868623166494 
7.132000000000716	1003.0868625885014 
7.23200000000075	1003.0868628557748 
7.332000000000783	1003.0868631185388 
7.432000000000817	1003.086863376874 
7.53200000000085	1003.0868636308535 
7.632000000000883	1003.0868638805516 
7.732000000000917	1003.08686412604 
7.83200000000095	1003.0868643673899 
7.932000000000984	1003.0868646046707 
8.032000000000988	1003.0868648379522 
8.133000000000932	1003.0868650695738 
8.234000000000876	1003.0868652972522 
8.33500000000082	1003.0868655210546 
8.436000000000764	1003.0868657410465 
8.537000000000708	1003.0868659572927 
8.638000000000652	1003.0868661698571 
8.739000000000596	1003.0868663788021 
8.84000000000054	1003.0868665841894 
8.941000000000484	1003.0868667860832 
9.042000000000428	1003.0868669845368 
9.143000000000372	1003.0868671796125 
9.244000000000316	1003.0868673713666 
9.34500000000026	1003.0868675598557 
9.446000000000204	1003.0868677451357 
9.547000000000148	1003.0868679272614 
9.648000000000092	1003.0868681062866 
9.749000000000036	1003.0868682822631 
9.84999999999998	1003.0868684552438 
9.950999999999924	1003.0868686252793 
10.051999999999868	1003.0868687924199 
10.152999999999812	1003.086868956715 
10.253999999999756	1003.0868691182127 
10.3549999999997	1003.0868692769611 
10.455999999999644	1003.0868694330063 
10.556999999999588	1003.0868695863946 
10.657999999999532	1003.0868697371718 
10.758999999999476	1003.0868698853818 
10.85999999999942	1003.0868700310679 
10.960999999999364	1003.0868701742743 
11.061999999999308	1003.0868703150414 
11.162999999999252	1003.0868704534126 
11.263999999999196	1003.0868705894273 
11.36499999999914	1003.0868707231282 
11.465999999999084	1003.0868708545522 
11.566999999999029	1003.0868709837383 
11.667999999998973	1003.0868711107252 
11.768999999998917	1003.0868712355499 
11.86999999999886	1003.0868713582491 
11.970999999998805	1003.0868714788594 
12.071999999998749	1003.0868715974168 
12.172999999998693	1003.0868717139545 
12.273999999998637	1003.0868718285087 
12.37499999999858	1003.0868719411129 
12.475999999998525	1003.0868720517997 
12.576999999998469	1003.0868721606018 
12.677999999998413	1003.0868722675514 
12.778999999998357	1003.0868723726802 
12.8799999999983	1003.0868724760188 
12.980999999998245	1003.0868725775994 
13.081999999998189	1003.0868726774493 
13.182999999998133	1003.0868727755995 
13.283999999998077	1003.0868728720787 
13.384999999998021	1003.086872966915 
13.485999999997965	1003.0868730601368 
13.586999999997909	1003.086873151771 
13.687999999997853	1003.0868732418459 
13.788999999997797	1003.0868733303868 
13.889999999997741	1003.0868734174203 
13.990999999997685	1003.0868735029717 
14.091999999997629	1003.0868735870667 
14.192999999997573	1003.08687366973 
14.293999999997517	1003.0868737509859 
14.394999999997461	1003.086873830858 
14.495999999997405	1003.0868739093709 
14.59699999999735	1003.0868739865463 
14.697999999997293	1003.086874062408 
14.798999999997237	1003.0868741369782 
14.899999999997181	1003.0868742102788 
15.000999999997125	1003.0868742823303 
15.10199999999707	1003.0868743531552 
15.202999999997013	1003.0868744227745 
15.303999999996957	1003.0868744912091 
15.404999999996901	1003.0868745584801 
15.505999999996845	1003.0868746246052 
15.60699999999679	1003.0868746896042 
15.707999999996733	1003.0868747534971 
15.808999999996677	1003.0868748163017 
15.909999999996622	1003.0868748780371 
16.010999999996585	1003.0868749387209 
16.110999999996707	1003.086874997786 
16.21099999999683	1003.0868750558558 
16.31099999999695	1003.0868751129464 
16.410999999997074	1003.0868751690743 
16.510999999997196	1003.0868752242561 
16.61099999999732	1003.0868752785074 
16.71099999999744	1003.0868753318445 
16.810999999997563	1003.0868753842822 
16.910999999997685	1003.0868754358359 
17.010999999997807	1003.0868754865201 
17.11099999999793	1003.0868755363505 
17.21099999999805	1003.0868755853403 
17.310999999998174	1003.0868756335045 
17.410999999998296	1003.0868756808568 
17.51099999999842	1003.0868757274103 
17.61099999999854	1003.0868757731793 
17.710999999998663	1003.0868758181763 
17.810999999998785	1003.0868758624156 
17.910999999998907	1003.0868759059089 
18.01099999999903	1003.0868759486686 
18.11099999999915	1003.0868759907077 
18.210999999999274	1003.0868760320378 
18.310999999999396	1003.0868760726709 
18.410999999999518	1003.0868761126196 
18.51099999999964	1003.0868761518946 
18.610999999999763	1003.0868761905073 
18.710999999999885	1003.086876228469 
18.811000000000007	1003.0868762657908 
18.91100000000013	1003.0868763024836 
19.01100000000025	1003.0868763385574 
19.111000000000374	1003.0868763740231 
19.211000000000496	1003.0868764088906 
19.311000000000618	1003.0868764431709 
19.41100000000074	1003.0868764768726 
19.511000000000863	1003.0868765100076 
19.611000000000985	1003.0868765425832 
19.711000000001107	1003.0868765746098 
19.81100000000123	1003.0868766060967 
19.91100000000135	1003.0868766370526 
20.011000000001474	1003.0868766674864 
20.111000000001596	1003.0868766974074 
20.211000000001718	1003.0868767268238 
20.31100000000184	1003.086876755744 
20.411000000001962	1003.0868767841771 
20.511000000002085	1003.0868768121306 
20.611000000002207	1003.0868768396128 
20.71100000000233	1003.0868768666318 
20.81100000000245	1003.0868768931954 
20.911000000002574	1003.0868769193112 
21.011000000002696	1003.0868769449866 
21.111000000002818	1003.0868769702289 
21.21100000000294	1003.0868769950458 
21.311000000003062	1003.0868770194445 
21.411000000003185	1003.0868770434316 
21.511000000003307	1003.0868770670141 
21.61100000000343	1003.0868770901992 
21.71100000000355	1003.0868771129936 
21.811000000003673	1003.0868771354039 
21.911000000003796	1003.0868771574369 
22.011000000003918	1003.0868771790978 
22.11100000000404	1003.0868772003937 
22.211000000004162	1003.0868772213306 
22.311000000004285	1003.0868772419145 
22.411000000004407	1003.0868772621512 
22.51100000000453	1003.0868772820469 
22.61100000000465	1003.0868773016072 
22.711000000004773	1003.0868773208375 
22.811000000004896	1003.0868773397438 
22.911000000005018	1003.0868773583312 
23.01100000000514	1003.0868773766053 
23.111000000005262	1003.0868773945714 
23.211000000005384	1003.0868774122346 
23.311000000005507	1003.0868774295998 
23.41100000000563	1003.0868774466724 
23.51100000000575	1003.086877463457 
23.611000000005873	1003.0868774799591 
23.711000000005996	1003.0868774961829 
23.811000000006118	1003.0868775121329 
23.91100000000624	1003.0868775278144 
24.011000000006362	1003.0868775432314 
24.111000000006484	1003.0868775583882 
24.211000000006607	1003.0868775732897 
24.31100000000673	1003.08687758794 
24.41100000000685	1003.0868776023431 
24.511000000006973	1003.0868776165034 
24.611000000007095	1003.086877630425 
24.711000000007218	1003.086877644112 
24.81100000000734	1003.0868776575684 
24.911000000007462	1003.086877670798 
25.011000000007584	1003.0868776838045 
25.111000000007706	1003.0868776965916 
25.21100000000783	1003.0868777091633 
25.31100000000795	1003.0868777215229 
25.411000000008073	1003.0868777336741 
25.511000000008195	1003.0868777456205 
25.611000000008318	1003.0868777573653 
25.71100000000844	1003.0868777689121 
25.811000000008562	1003.0868777802643 
25.911000000008684	1003.0868777914255 
26.011000000008806	1003.0868778023981 
26.11100000000893	1003.0868778131859 
26.21100000000905	1003.0868778237915 
26.311000000009173	1003.0868778342186 
26.411000000009295	1003.0868778444698 
26.511000000009417	1003.0868778545481 
26.61100000000954	1003.0868778644566 
26.711000000009662	1003.0868778741981 
26.811000000009784	1003.0868778837754 
26.911000000009906	1003.0868778931913 
27.01100000001003	1003.0868779024485 
27.11100000001015	1003.0868779115495 
27.211000000010273	1003.0868779204973 
27.311000000010395	1003.0868779292942 
27.411000000010517	1003.0868779379429 
27.51100000001064	1003.0868779464454 
27.611000000010762	1003.0868779548049 
27.711000000010884	1003.0868779630233 
27.811000000011006	1003.0868779711031 
27.91100000001113	1003.0868779790468 
28.01100000001125	1003.0868779868565 
28.111000000011373	1003.0868779945345 
28.211000000011495	1003.0868780020829 
28.311000000011617	1003.0868780095042 
28.41100000001174	1003.0868780168004 
28.51100000001186	1003.0868780239736 
28.611000000011984	1003.0868780310255 
28.711000000012106	1003.0868780379587 
28.81100000001223	1003.0868780447752 
28.91100000001235	1003.0868780514764 
29.011000000012473	1003.0868780580648 
29.111000000012595	1003.0868780645419 
29.211000000012717	1003.0868780709102 
29.31100000001284	1003.0868780771708 
29.41100000001296	1003.0868780833259 
29.511000000013084	1003.0868780893773 
29.611000000013206	1003.0868780953265 
29.71100000001333	1003.0868781011757 
29.81100000001345	1003.0868781069263 
29.911000000013573	1003.0868781125796 
30.011000000013695	1003.0868781181377 
30.111000000013817	1003.0868781236023 
30.21100000001394	1003.0868781289748 
30.31100000001406	1003.0868781342565 
30.411000000014184	1003.0868781394494 
30.511000000014306	1003.0868781445547 
30.61100000001443	1003.086878149574 
30.71100000001455	1003.0868781545087 
30.811000000014673	1003.08687815936 
30.911000000014795	1003.0868781641299 
31.011000000014917	1003.0868781688192 
31.11100000001504	1003.0868781734296 
31.21100000001516	1003.0868781779623 
31.311000000015284	1003.0868781824186 
31.411000000015406	1003.0868781867995 
31.511000000015528	1003.0868781911068 
31.61100000001565	1003.0868781953416 
31.711000000015773	1003.0868781995047 
31.811000000015895	1003.0868782035977 
31.911000000016017	1003.0868782076215 
32.0110000000161	1003.0868782115776 
32.11200000001586	1003.0868782155054 
32.213000000015626	1003.0868782193666 
32.31400000001539	1003.0868782231618 
32.415000000015155	1003.0868782268923 
32.51600000001492	1003.0868782305597 
32.617000000014684	1003.0868782341639 
32.71800000001445	1003.0868782377067 
32.81900000001421	1003.0868782411895 
32.92000000001398	1003.0868782446129 
33.02100000001374	1003.0868782479779 
33.12200000001351	1003.0868782512854 
33.22300000001327	1003.0868782545367 
33.32400000001304	1003.0868782577329 
33.4250000000128	1003.0868782608741 
33.526000000012566	1003.0868782639623 
33.62700000001233	1003.0868782669972 
33.728000000012095	1003.0868782699812 
33.82900000001186	1003.0868782729139 
33.930000000011624	1003.0868782757964 
34.03100000001139	1003.08687827863 
34.13200000001115	1003.0868782814155 
34.23300000001092	1003.0868782841535 
34.33400000001068	1003.0868782868447 
34.43500000001045	1003.0868782894903 
34.53600000001021	1003.0868782920905 
34.63700000000998	1003.0868782946462 
34.73800000000974	1003.0868782971585 
34.839000000009506	1003.0868782996281 
34.94000000000927	1003.0868783020558 
35.041000000009035	1003.0868783044417 
35.1420000000088	1003.0868783067874 
35.243000000008564	1003.0868783090926 
35.34400000000833	1003.086878311359 
35.44500000000809	1003.0868783135865 
35.54600000000786	1003.0868783157761 
35.64700000000762	1003.0868783179285 
35.74800000000739	1003.0868783200443 
35.84900000000715	1003.0868783221244 
35.950000000006916	1003.0868783241687 
36.05100000000668	1003.086878326178 
36.152000000006446	1003.086878328153 
36.25300000000621	1003.0868783300944 
36.354000000005975	1003.0868783320026 
36.45500000000574	1003.0868783338782 
36.556000000005504	1003.0868783357218 
36.65700000000527	1003.0868783375347 
36.75800000000503	1003.0868783393157 
36.8590000000048	1003.0868783410668 
36.96000000000456	1003.0868783427884 
37.06100000000433	1003.0868783444804 
37.16200000000409	1003.0868783461437 
37.263000000003856	1003.0868783477783 
37.36400000000362	1003.0868783493859 
37.465000000003386	1003.0868783509659 
37.56600000000315	1003.0868783525179 
37.667000000002915	1003.0868783540444 
37.76800000000268	1003.0868783555452 
37.869000000002444	1003.0868783570195 
37.97000000000221	1003.0868783584688 
38.07100000000197	1003.0868783598936 
38.17200000000174	1003.0868783612938 
38.2730000000015	1003.0868783626706 
38.37400000000127	1003.0868783640235 
38.47500000000103	1003.0868783653538 
38.576000000000796	1003.0868783666608 
38.67700000000056	1003.0868783679458 
38.778000000000326	1003.0868783692093 
38.87900000000009	1003.0868783704507 
38.979999999999855	1003.0868783716718 
39.08099999999962	1003.0868783728713 
39.181999999999384	1003.0868783740505 
39.28299999999915	1003.0868783752094 
39.38399999999891	1003.0868783763497 
39.48499999999868	1003.0868783774691 
39.58599999999844	1003.0868783785704 
39.68699999999821	1003.0868783796533 
39.78799999999797	1003.0868783807167 
39.888999999997736	1003.0868783817627 
39.9899999999975	1003.0868783827908 
40.090999999997265	1003.0868783838011 
40.19199999999703	1003.0868783847944 
40.292999999996795	1003.0868783857705 
40.39399999999656	1003.0868783867298 
40.494999999996324	1003.0868783876738 
40.59599999999609	1003.0868783885998 
40.69699999999585	1003.0868783895115 
40.79799999999562	1003.0868783904069 
40.89899999999538	1003.0868783912867 
40.99999999999515	1003.0868783921524 
41.10099999999491	1003.0868783930033 
41.201999999994676	1003.0868783938389 
41.30299999999444	1003.0868783946604 
41.403999999994205	1003.0868783954683 
41.50499999999397	1003.086878396263 
41.605999999993735	1003.0868783970432 
41.7069999999935	1003.0868783978096 
41.807999999993264	1003.0868783985635 
41.90899999999303	1003.0868783993049 
42.00999999999279	1003.086878400033 
42.11099999999256	1003.0868784007496 
42.21199999999232	1003.0868784014535 
42.31299999999209	1003.0868784021457 
42.41399999999185	1003.0868784028262 
42.514999999991616	1003.0868784034949 
42.61599999999138	1003.0868784041526 
42.716999999991145	1003.0868784047987 
42.81799999999091	1003.086878405434 
42.918999999990675	1003.0868784060588 
43.01999999999044	1003.0868784066724 
43.120999999990204	1003.0868784072762 
43.22199999998997	1003.0868784078696 
43.32299999998973	1003.0868784084535 
43.4239999999895	1003.0868784090275 
43.52499999998926	1003.0868784095901 
43.62599999998903	1003.0868784101435 
43.72699999998879	1003.0868784106879 
43.827999999988556	1003.0868784112231 
43.92899999998832	1003.0868784117501 
44.029999999988085	1003.0868784122669 
44.13099999998785	1003.0868784127742 
44.231999999987615	1003.0868784132737 
44.33299999998738	1003.0868784137656 
44.433999999987144	1003.0868784142478 
44.53499999998691	1003.086878414721 
44.63599999998667	1003.0868784151876 
44.73699999998644	1003.0868784156469 
44.8379999999862	1003.0868784160954 
44.93899999998597	1003.086878416538 
45.03999999998573	1003.0868784169743 
45.140999999985496	1003.0868784174 
45.24199999998526	1003.0868784178205 
45.342999999985025	1003.0868784182338 
45.44399999998479	1003.0868784186385 
45.544999999984555	1003.0868784190393 
45.64599999998432	1003.0868784194297 
45.746999999984084	1003.0868784198155 
45.84799999998385	1003.0868784201945 
45.94899999998361	1003.0868784205657 
46.04999999998338	1003.0868784209331 
46.15099999998314	1003.0868784212907 
46.25199999998291	1003.0868784216467 
46.35299999998267	1003.0868784219919 
46.453999999982436	1003.0868784223361 
46.5549999999822	1003.0868784226694 
46.655999999981965	1003.0868784230024 
46.75699999998173	1003.0868784233245 
46.857999999981494	1003.086878423646 
46.95899999998126	1003.0868784239578 
47.059999999981024	1003.0868784242679 
47.16099999998079	1003.0868784245705 
47.26199999998055	1003.086878424869 
47.36299999998032	1003.086878425163 
47.46399999998008	1003.0868784254502 
47.56499999997985	1003.0868784257359 
47.66599999997961	1003.0868784260124 
47.766999999979376	1003.086878426288 
47.86799999997914	1003.086878426557 
47.968999999978905	1003.086878426821 
48.06999999997867	1003.0868784270837 
48.170999999978434	1003.0868784273375 
48.2719999999782	1003.0868784275901 
48.372999999977964	1003.0868784278385 
48.47399999997773	1003.0868784280799 
48.57499999997749	1003.086878428321 
48.67599999997726	1003.0868784285562 
48.77699999997702	1003.0868784287859 
48.87799999997679	1003.0868784290155 
48.97899999997655	1003.0868784292384 
49.079999999976316	1003.0868784294565 
49.18099999997608	1003.0868784296747 
49.281999999975845	1003.0868784298875 
49.38299999997561	1003.0868784300942 
49.483999999975374	1003.0868784303009 
49.58499999997514	1003.0868784305045 
49.685999999974904	1003.0868784307006 
49.78699999997467	1003.0868784308958 
49.88799999997443	1003.0868784310907 
49.9889999999742	1003.0868784312781 
50.08999999997396	1003.0770172224974 
50.19099999997373	1003.0565813710218 
50.29199999997349	1003.025881870645 
50.392999999973256	1002.9852707397847 
50.49399999997302	1002.9348358285483 
50.594999999972785	1002.8747712940557 
50.69599999997255	1002.8052333059737 
50.796999999972314	1002.7263852212964 
50.89799999997208	1002.6383850345941 
50.99899999997184	1002.5413886875208 
51.09999999997161	1002.4355493174537 
51.20099999997137	1002.3210174878106 
51.30199999997114	1002.1979411915346 
51.4029999999709	1002.0664659033055 
51.50399999997067	1001.9267346207556 
51.60499999997043	1001.7788879069426 
51.705999999970196	1001.6230639317517 
51.80699999996996	1001.4593985126472 
51.907999999969725	1001.2880251547217 
52.00899999996949	1001.1090750900679 
52.109999999969254	1000.9226773164761 
52.21099999996902	1000.7289586354748 
52.31199999996878	1000.5280436897252 
52.41299999996855	1000.3200549997728 
52.51399999996831	1000.1051130001825 
52.61499999996808	999.8833360750504 
52.71599999996784	999.6548405929158 
52.81699999996761	999.4197409410759 
52.91799999996737	999.1781495593195 
53.018999999967136	998.9301769730824 
53.1199999999669	998.675931826042 
53.220999999966665	998.415520912153 
53.32199999996643	998.1490492071443 
53.422999999966194	997.8766198994703 
53.52399999996596	997.5983344207438 
53.62499999996572	997.3142924756454 
53.72599999996549	997.0245920713265 
53.82699999996525	996.7293295463105 
53.92799999996502	996.4285995989012 
54.02899999996478	996.1224953151104 
54.12999999996455	995.8111081961064 
54.23099999996431	995.4945281851974 
54.331999999964076	995.1728436943556 
54.43299999996384	994.8461416302881 
54.533999999963605	994.5145074200656 
54.63499999996337	994.1780250363128 
54.735999999963134	993.8367770219737 
54.8369999999629	993.4908445146497 
54.93799999996266	993.1403072705289 
55.03899999996243	992.7852436879041 
55.13999999996219	992.425730830292 
55.24099999996196	992.0618444491583 
55.34199999996172	991.6936590062575 
55.442999999961486	991.3212476955894 
55.54399999996125	990.9446824649821 
55.644999999961016	990.5640340373134 
55.74599999996078	990.1793719313612 
55.846999999960545	989.790764482308 
55.94799999996031	989.398278861889 
56.048999999960074	989.001981098203 
56.14999999995984	988.6019360951816 
56.2509999999596	988.1982076517303 
56.35199999995937	987.7908584805409 
56.45299999995913	987.3799502265864 
56.5539999999589	986.9655434852981 
56.65499999995866	986.5476978204351 
56.755999999958426	986.1264717816497 
56.85699999995819	985.7019229217523 
56.957999999957956	985.2741078136836 
57.05899999995772	984.8430820671974 
57.159999999957485	984.408900345261 
57.26099999995725	983.9716163801701 
57.361999999957014	983.5312829893996 
57.46299999995678	983.0879520911761 
57.56399999995654	982.6416747197884 
57.66499999995631	982.1925010406366 
57.76599999995607	981.7404803650265 
57.86699999995584	981.2856611647107 
57.9679999999556	980.8280910861822 
58.068999999955366	980.3678169647244 
58.16999999995513	979.9048848382246 
58.270999999954896	979.4393399607467 
58.37199999995466	978.9712268158796 
58.472999999954425	978.5005891298528 
58.57399999995419	978.0274698844318 
58.674999999953954	977.5519113295928 
58.77599999995372	977.0739549959818 
58.87699999995348	976.5936417071615 
58.97799999995325	976.1110115916505 
59.07899999995301	975.6261040947556 
59.17999999995278	975.1389579902044 
59.28099999995254	974.6496113915814 
59.381999999952306	974.1581017635632 
59.48299999995207	973.664465932969 
59.583999999951835	973.1687400996217 
59.6849999999516	972.6709598470197 
59.785999999951365	972.1711601528327 
59.88699999995113	971.6693753992158 
59.987999999950894	971.1656393829476 
60.08899999995066	970.6696796424924 
60.18999999995042	970.1824928322307 
60.29099999995019	969.7036965027921 
60.39199999994995	969.2329958922263 
60.49299999994972	968.7703292985138 
60.59399999994948	968.315533840514 
60.694999999949246	967.8684831787339 
60.79599999994901	967.429043394105 
60.896999999948775	966.9970854250521 
60.99799999994854	966.5724817659092 
61.098999999948305	966.1551072333161 
61.19999999994807	965.7448387411995 
61.300999999947834	965.3415553063614 
61.4019999999476	964.9451380039512 
61.50299999994736	964.5554699341535 
61.60399999994713	964.1724361873956 
61.70499999994689	963.7959238105117 
61.80599999994666	963.4258217734294 
61.90699999994642	963.0620209364245 
62.007999999946186	962.7044140179418 
62.10899999994595	962.3528955629555 
62.209999999945715	962.0073619118721 
62.31099999994548	961.6677111699628 
62.411999999945245	961.3338431773144 
62.51299999994501	961.0056594792941 
62.613999999944774	960.6830632975167 
62.71499999994454	960.3659595013036 
62.8159999999443	960.0542545796313 
62.91699999994407	959.7478566135551 
63.01799999994383	959.4466752491027 
63.1189999999436	959.1506216706314 
63.21999999994336	958.8596085746349 
63.320999999943126	958.5735501439997 
63.42199999994289	958.2923620226975 
63.522999999942655	958.0159612909113 
63.62399999994242	957.7442664405792 
63.724999999942185	957.4771973513634 
63.82599999994195	957.2146752670199 
63.926999999941714	956.9566227721745 
64.02799999994167	956.7029637694961 
64.12799999994215	956.4560712453493 
64.22799999994263	956.2133409425738 
64.3279999999431	955.9747026926343 
64.42799999994358	955.7400875099272 
64.52799999994406	955.5094275718387 
64.62799999994454	955.2826561991369 
64.72799999994501	955.0597078366989 
64.82799999994549	954.8405180345576 
64.92799999994597	954.6250234292712 
65.02799999994645	954.413161725607 
65.12799999994692	954.2048716785322 
65.2279999999474	954.0000930755091 
65.32799999994788	953.7987667190888 
65.42799999994836	953.6008344097999 
65.52799999994883	953.406238929321 
65.62799999994931	953.2149240239445 
65.72799999994979	953.0268343883109 
65.82799999995026	952.8419156494213 
65.92799999995074	952.6601143509222 
66.02799999995122	952.4813779376507 
66.1279999999517	952.3056547404398 
66.22799999995217	952.1328939611853 
66.32799999995265	951.9630456581591 
66.42799999995313	951.7960607315721 
66.52799999995361	951.6318909093809 
66.62799999995408	951.4704887333336 
66.72799999995456	951.3118075452501 
66.82799999995504	951.1558014735333 
66.92799999995552	951.0024254199102 
67.027999999956	950.8516350463942 
67.12799999995647	950.7033867624668 
67.22799999995695	950.5576377124785 
67.32799999995743	950.4143457632578 
67.4279999999579	950.2734694919336 
67.52799999995838	950.1349681739587 
67.62799999995886	949.9988017713387 
67.72799999995934	949.864930921056 
67.82799999995981	949.7333169236936 
67.92799999996029	949.6039217322443 
68.02799999996077	949.4767079411155 
68.12799999996125	949.3516387753127 
68.22799999996172	949.2286780798108 
68.3279999999622	949.1077903091029 
68.42799999996268	948.9889405169216 
68.52799999996316	948.872094346141 
68.62799999996363	948.7572180188412 
68.72799999996411	948.644278326545 
68.82799999996459	948.5332426206195 
68.92799999996507	948.4240788028355 
69.02799999996554	948.3167553160897 
69.12799999996602	948.2112411352828 
69.2279999999665	948.107505758349 
69.32799999996698	948.005519197441 
69.42799999996745	947.9052519702583 
69.52799999996793	947.8066750915269 
69.62799999996841	947.7097600646189 
69.72799999996889	947.6144788733139 
69.82799999996936	947.5208039737023 
69.92799999996984	947.4287082862214 
70.02799999997032	947.3381651878274 
70.1279999999708	947.2491485042996 
70.22799999997127	947.1616325026728 
70.32799999997175	947.0755918838001 
70.42799999997223	946.9910017750396 
70.5279999999727	946.9078377230601 
70.62799999997318	946.8260756867783 
70.72799999997366	946.7456920304048 
70.82799999997414	946.6666635166123 
70.92799999997462	946.5889672998186 
71.0279999999751	946.5125809195835 
71.12799999997557	946.4374822941123 
71.22799999997605	946.363649713877 
71.32799999997653	946.2910618353362 
71.427999999977	946.219697674769 
71.52799999997748	946.1495366022073 
71.62799999997796	946.0805583354694 
71.72799999997844	946.0127429343024 
71.82799999997891	945.9460707946131 
71.92799999997939	945.880522642803 
72.02799999997987	945.8160795301967 
72.12799999998035	945.7527228275641 
72.22799999998082	945.690434219733 
72.3279999999813	945.6291957002982 
72.42799999998178	945.568989566413 
72.52799999998226	945.5097984136744 
72.62799999998273	945.4516051310892 
72.72799999998321	945.3943928961285 
72.82799999998369	945.3381451698659 
72.92799999998417	945.2828456921952 
73.02799999998464	945.2284784771294 
73.12799999998512	945.1750278081814 
73.2279999999856	945.1224782338184 
73.32799999998608	945.0708145629967 
73.42799999998655	945.0200218607692 
73.52799999998703	944.9700854439702 
73.62799999998751	944.9209908769677 
73.72799999998799	944.8727239674923 
73.82799999998846	944.8252707625337 
73.92799999998894	944.7786175443082 
74.02799999998942	944.7327508262917 
74.1279999999899	944.6876573493228 
74.22799999999037	944.6433240777683 
74.32799999999085	944.5997381957541 
74.42799999999133	944.5568871034641 
74.5279999999918	944.5147584134934 
74.62799999999228	944.4733399472703 
74.72799999999276	944.4326197315345 
74.82799999999324	944.3925859948758 
74.92799999999372	944.3532271643321 
75.0279999999942	944.3145318620432 
75.12799999999467	944.2764889019612 
75.22799999999515	944.2390872866185 
75.32799999999563	944.2023162039468 
75.4279999999961	944.166165024152 
75.52799999999658	944.1306232966434 
75.62799999999706	944.0956807470089 
75.72799999999754	944.061327274048 
75.82799999999801	944.0275529468503 
75.92799999999849	943.994348001925 
76.02799999999897	943.9617028403784 
76.12799999999945	943.9296080251398 
76.22799999999992	943.8980542782316 
76.3280000000004	943.8670324780893 
76.42800000000088	943.8365336569229 
76.52800000000136	943.8065489981266 
76.62800000000183	943.7770698337274 
76.72800000000231	943.7480876418808 
76.82800000000279	943.7195940444088 
76.92800000000327	943.6915808043744 
77.02800000000374	943.6640398237038 
77.12800000000422	943.6369631408436 
77.2280000000047	943.6103429284589 
77.32800000000518	943.5841714911733 
77.42800000000565	943.5584412633409 
77.52800000000613	943.5331448068611 
77.62800000000661	943.5082748090274 
77.72800000000709	943.4838240804166 
77.82800000000756	943.4597855528046 
77.92800000000804	943.4361522771285 
78.02800000000852	943.4129174214752 
78.128000000009	943.3900742691073 
78.22800000000947	943.3676162165201 
78.32800000000995	943.3455367715345 
78.42800000001043	943.3238295514194 
78.5280000000109	943.3024882810455 
78.62800000001138	943.2815067910744 
78.72800000001186	943.2608790161713 
78.82800000001234	943.2405989932535 
78.92800000001282	943.2206608597677 
79.0280000000133	943.2010588519931 
79.12800000001377	943.1817873033767 
79.22800000001425	943.1628406428944 
79.32800000001473	943.1442133934412 
79.4280000000152	943.1259001702468 
79.52800000001568	943.1078956793204 
79.62800000001616	943.0901947159197 
79.72800000001664	943.0727921630455 
79.82800000001711	943.0556829899641 
79.92800000001759	943.0388622507509 
80.02800000001807	943.022325082863 
80.12800000001855	943.0060667057315 
80.22800000001902	942.9900824193809 
80.3280000000195	942.9743676030702 
80.42800000001998	942.9589177139557 
80.52800000002046	942.9437282857804 
80.62800000002093	942.9287949275803 
80.72800000002141	942.9141133224166 
80.82800000002189	942.8996792261274 
80.92800000002237	942.8854884661007 
81.02800000002284	942.8715369400679 
81.12800000002332	942.8578206149188 
81.2280000000238	942.8443355255346 
81.32800000002428	942.8310777736422 
81.42800000002475	942.8180435266878 
81.52800000002523	942.8052290167279 
81.62800000002571	942.7926305393408 
81.72800000002619	942.7802444525555 
81.82800000002666	942.7680671757994 
81.92800000002714	942.7560951888621 
82.02800000002762	942.7443250308792 
82.1280000000281	942.7327532993291 
82.22800000002857	942.7213766490548 
82.32800000002905	942.71019179129 
82.42800000002953	942.6991954927139 
82.52800000003	942.6883845745134 
82.62800000003048	942.6777559114663 
82.72800000003096	942.6673064310362 
82.82800000003144	942.6570331124834 
82.92800000003191	942.6469329859957 
83.02800000003239	942.6370031318261 
83.12800000003287	942.6272406794491 
83.22800000003335	942.6176428067332 
83.32800000003382	942.6082067391229 
83.4280000000343	942.5989297488376 
83.52800000003478	942.5898091540821 
83.62800000003526	942.5808423182733 
83.72800000003573	942.5720266492762 
83.82800000003621	942.563359598654 
83.92800000003669	942.5548386609349 
84.02800000003717	942.5464613728834 
84.12800000003764	942.538225312792 
84.22800000003812	942.5301280997764 
84.3280000000386	942.5221673930944 
84.42800000003908	942.5143408914618 
84.52800000003955	942.5066463323925 
84.62800000004003	942.4990814915402 
84.72800000004051	942.4916441820603 
84.82800000004099	942.4843322539722 
84.92800000004146	942.4771435935428 
85.02800000004194	942.4700761226718 
85.12800000004242	942.4631277982935 
85.2280000000429	942.4562966117849 
85.32800000004337	942.4495805883844 
85.42800000004385	942.4429777866222 
85.52800000004433	942.4364862977588 
85.6280000000448	942.430104245234 
85.72800000004528	942.4238297841212 
85.82800000004576	942.4176611005983 
85.92800000004624	942.4115964114209 
86.02800000004672	942.4056339634067 
86.1280000000472	942.3997720329296 
86.22800000004767	942.394008925422 
86.32800000004815	942.3883429748829 
86.42800000004863	942.3827725433981 
86.5280000000491	942.3772960206662 
86.62800000004958	942.3719118235321 
86.72800000005006	942.3666183955313 
86.82800000005054	942.361414206438 
86.92800000005101	942.3562977518241 
87.02800000005149	942.3512675526237 
87.12800000005197	942.3463221547053 
87.22800000005245	942.3414601284524 
87.32800000005292	942.3366800683492 
87.4280000000534	942.3319805925744 
87.52800000005388	942.3273603426028 
87.62800000005436	942.3228179828113 
87.72800000005483	942.3183522000937 
87.82800000005531	942.3139617034797 
87.92800000005579	942.3096452237644 
88.02800000005627	942.3054015131378 
88.12800000005674	942.3012293448276 
88.22800000005722	942.2971275127427 
88.3280000000577	942.2930948311242 
88.42800000005818	942.289130134203 
88.52800000005865	942.2852322758637 
88.62800000005913	942.2814001293134 
88.72800000005961	942.2776325867532 
88.82800000006009	942.2739285590612 
88.92800000006056	942.2702869754767 
89.02800000006104	942.2667067832887 
89.12800000006152	942.2631869475358 
89.228000000062	942.2597264507018 
89.32800000006247	942.2563242924267 
89.42800000006295	942.2529794892122 
89.52800000006343	942.2496910741428 
89.6280000000639	942.2464580966024 
89.72800000006438	942.2432796220013 
89.82800000006486	942.2401547315046 
89.92800000006534	942.2370825217695 
90.02800000006582	942.23406210468 
90.1280000000663	942.2310926070926 
90.22800000006677	942.2281731705853 
90.32800000006725	942.2253029512063 
90.42800000006773	942.2224811192317 
90.5280000000682	942.2197068589257 
90.62800000006868	942.2169793683047 
90.72800000006916	942.2142978589047 
90.82800000006964	942.2116615555545 
90.92800000007011	942.2090696961508 
91.02800000007059	942.206521531438 
91.12800000007107	942.2040163247924 
91.22800000007155	942.2015533520083 
91.32800000007202	942.1991319010887 
91.4280000000725	942.1967512720405 
91.52800000007298	942.1944107766699 
91.62800000007346	942.1921097383865 
91.72800000007393	942.189847492006 
91.82800000007441	942.1876233835569 
91.92800000007489	942.1854367700938 
92.02800000007537	942.1832870195096 
92.12800000007584	942.1811735103544 
92.22800000007632	942.1790956316544 
92.3280000000768	942.1770527827351 
92.42800000007728	942.1750443730507 
92.52800000007775	942.1730698220086 
92.62800000007823	942.1711285588052 
92.72800000007871	942.1692200222594 
92.82800000007919	942.1673436606519 
92.92800000007966	942.1654989315631 
93.02800000008014	942.1636853017181 
93.12800000008062	942.1619022468324 
93.2280000000811	942.1601492514602 
93.32800000008157	942.1584258088452 
93.42800000008205	942.1567314207741 
93.52800000008253	942.155065597433 
93.628000000083	942.1534278572643 
93.72800000008348	942.1518177268313 
93.82800000008396	942.1502347406755 
93.92800000008444	942.1486784411879 
94.02800000008492	942.147148378473 
94.1280000000854	942.1456441102198 
94.22800000008587	942.1441652015741 
94.32800000008635	942.1427112250122 
94.42800000008683	942.1412817602185 
94.5280000000873	942.139876393963 
94.62800000008778	942.1384947199816 
94.72800000008826	942.1371363388605 
94.82800000008874	942.1358008579178 
94.92800000008921	942.134487891093 
95.02800000008969	942.133197058833 
95.12800000009017	942.1319279879838 
95.22800000009065	942.130680311682 
95.32800000009112	942.1294536692485 
95.4280000000916	942.1282477060863 
95.52800000009208	942.127062073575 
95.62800000009256	942.1258964289707 
95.72800000009303	942.1247504353091 
95.82800000009351	942.1236237613067 
95.92800000009399	942.122516081264 
96.02800000009447	942.1214270749716 
96.12800000009494	942.1203564276209 
96.22800000009542	942.1193038297079 
96.3280000000959	942.1182689769473 
96.42800000009638	942.1172515701841 
96.52800000009685	942.1162513153057 
96.62800000009733	942.1152679231584 
96.72800000009781	942.1143011094629 
96.82800000009829	942.1133505947324 
96.92800000009876	942.1124161041919 
97.02800000009924	942.1114973676987 
97.12800000009972	942.1105941196646 
97.2280000001002	942.1097060989773 
97.32800000010067	942.108833048929 
97.42800000010115	942.1079747171375 
97.52800000010163	942.1071308554758 
97.6280000001021	942.1063012200008 
97.72800000010258	942.1054855708804 
97.82800000010306	942.1046836723266 
97.92800000010354	942.1038952925276 
98.02800000010402	942.1031202035776 
98.12800000010449	942.1023581814131 
98.22800000010497	942.1016090057493 
98.32800000010545	942.1008724600141 
98.42800000010592	942.1001483312868 
98.5280000001064	942.0994364102359 
98.62800000010688	942.098736491059 
98.72800000010736	942.0980483714239 
98.82800000010783	942.0973718524082 
98.92800000010831	942.0967067384435 
99.02800000010879	942.096052837259 
99.12800000010927	942.0954099598248 
99.22800000010974	942.0947779202975 
99.32800000011022	942.0941565359667 
99.4280000001107	942.093545627203 
99.52800000011118	942.0929450174044 
99.62800000011165	942.0923545329467 
99.72800000011213	942.0917740031324 
99.82800000011261	942.0912032601415 
99.92800000011309	942.090642138984 
