0.001	997.9285454839827 
0.10100000000000008	997.9285251241242 
0.20100000000000015	997.9285341527996 
0.3010000000000002	997.9285324369025 
0.4010000000000003	997.9285340171106 
0.5020000000000003	997.9285346590839 
0.6020000000000004	997.9285355253919 
0.7020000000000005	997.928536315806 
0.8020000000000006	997.9285371076809 
0.9020000000000007	997.9285378827647 
1.0030000000000003	997.9285386531152 
1.1039999999999892	997.9285394101848 
1.204999999999978	997.9285401543975 
1.305999999999967	997.9285408859334 
1.4069999999999558	997.9285416050163 
1.5079999999999447	997.928542311856 
1.6089999999999336	997.9285430066611 
1.7099999999999225	997.9285436896363 
1.8109999999999113	997.9285443609842 
1.9119999999999002	997.9285450209021 
2.0129999999998893	997.9285456695841 
2.113999999999878	997.9285463072224 
2.214999999999867	997.928546934004 
2.315999999999856	997.9285475501142 
2.416999999999845	997.9285481557353 
2.5179999999998337	997.928548751045 
2.6189999999998226	997.9285493362194 
2.7199999999998115	997.9285499114308 
2.8209999999998003	997.9285504768487 
2.921999999999789	997.9285510326403 
3.022999999999778	997.9285515789688 
3.123999999999767	997.9285521159961 
3.224999999999756	997.9285526438807 
3.3259999999997447	997.9285531627772 
3.4269999999997336	997.9285536728393 
3.5279999999997225	997.9285541742172 
3.6289999999997113	997.928554667059 
3.7299999999997	997.9285551515095 
3.830999999999689	997.928555627712 
3.931999999999678	997.9285560958068 
4.031999999999681	997.9285565514161 
4.131999999999715	997.9285569993438 
4.231999999999748	997.9285574397198 
4.331999999999781	997.9285578726721 
4.431999999999815	997.9285582983256 
4.531999999999848	997.9285587168027 
4.6319999999998815	997.9285591282252 
4.731999999999915	997.9285595327113 
4.831999999999948	997.9285599303789 
4.931999999999982	997.928560321343 
5.032000000000015	997.9285607057154 
5.1320000000000485	997.928561083608 
5.232000000000082	997.92856145513 
5.332000000000115	997.9285618203886 
5.432000000000149	997.9285621794894 
5.532000000000182	997.9285625325365 
5.6320000000002155	997.9285628796317 
5.732000000000249	997.928563220875 
5.832000000000282	997.9285635563667 
5.932000000000316	997.9285638862011 
6.032000000000349	997.9285642104768 
6.1320000000003825	997.9285645292845 
6.232000000000416	997.9285648427178 
6.332000000000449	997.928565150867 
6.432000000000483	997.9285654538212 
6.532000000000516	997.9285657516682 
6.6320000000005495	997.9285660444938 
6.732000000000583	997.9285663323831 
6.832000000000616	997.928566615419 
6.93200000000065	997.9285668936828 
7.032000000000683	997.9285671672557 
7.132000000000716	997.9285674362173 
7.23200000000075	997.9285677006436 
7.332000000000783	997.9285679606137 
7.432000000000817	997.9285682162001 
7.53200000000085	997.9285684674778 
7.632000000000883	997.9285687145192 
7.732000000000917	997.9285689573958 
7.83200000000095	997.9285691961779 
7.932000000000984	997.9285694309348 
8.032000000000988	997.9285696617334 
8.133000000000932	997.9285698908915 
8.234000000000876	997.9285701161476 
8.33500000000082	997.9285703375685 
8.436000000000764	997.9285705552201 
8.537000000000708	997.9285707691655 
8.638000000000652	997.9285709794683 
8.739000000000596	997.9285711861903 
8.84000000000054	997.9285713893945 
8.941000000000484	997.928571589137 
9.042000000000428	997.9285717854809 
9.143000000000372	997.9285719784807 
9.244000000000316	997.9285721681946 
9.34500000000026	997.9285723546786 
9.446000000000204	997.9285725379875 
9.547000000000148	997.9285727181757 
9.648000000000092	997.9285728952957 
9.749000000000036	997.9285730694004 
9.84999999999998	997.9285732405403 
9.950999999999924	997.9285734087671 
10.051999999999868	997.9285735741292 
10.152999999999812	997.9285737366766 
10.253999999999756	997.928573896456 
10.3549999999997	997.9285740535151 
10.455999999999644	997.9285742079003 
10.556999999999588	997.9285743596572 
10.657999999999532	997.92857450883 
10.758999999999476	997.9285746554629 
10.85999999999942	997.9285747995995 
10.960999999999364	997.9285749412818 
11.061999999999308	997.9285750805517 
11.162999999999252	997.9285752174495 
11.263999999999196	997.9285753520187 
11.36499999999914	997.928575484296 
11.465999999999084	997.9285756143223 
11.566999999999029	997.928575742134 
11.667999999998973	997.92857586777 
11.768999999998917	997.9285759912665 
11.86999999999886	997.9285761126604 
11.970999999998805	997.9285762319876 
12.071999999998749	997.9285763492829 
12.172999999998693	997.9285764645816 
12.273999999998637	997.9285765779169 
12.37499999999858	997.928576689323 
12.475999999998525	997.9285767988321 
12.576999999998469	997.9285769064767 
12.677999999998413	997.9285770122887 
12.778999999998357	997.9285771162988 
12.8799999999983	997.9285772185384 
12.980999999998245	997.9285773190371 
13.081999999998189	997.9285774178255 
13.182999999998133	997.9285775149314 
13.283999999998077	997.9285776103841 
13.384999999998021	997.9285777042115 
13.485999999997965	997.9285777964412 
13.586999999997909	997.9285778871008 
13.687999999997853	997.9285779762172 
13.788999999997797	997.9285780638161 
13.889999999997741	997.9285781499236 
13.990999999997685	997.9285782345651 
14.091999999997629	997.9285783177652 
14.192999999997573	997.928578399549 
14.293999999997517	997.9285784799404 
14.394999999997461	997.9285785589632 
14.495999999997405	997.9285786366402 
14.59699999999735	997.9285787129949 
14.697999999997293	997.9285787880495 
14.798999999997237	997.928578861826 
14.899999999997181	997.9285789343465 
15.000999999997125	997.9285790056324 
15.10199999999707	997.9285790757035 
15.202999999997013	997.9285791445817 
15.303999999996957	997.9285792122892 
15.404999999996901	997.9285792788434 
15.505999999996845	997.928579344265 
15.60699999999679	997.9285794085731 
15.707999999996733	997.9285794717854 
15.808999999996677	997.9285795339221 
15.909999999996622	997.9285795950007 
16.010999999996585	997.928579655039 
16.110999999996707	997.9285797134758 
16.21099999999683	997.9285797709275 
16.31099999999695	997.9285798274107 
16.410999999997074	997.9285798829417 
16.510999999997196	997.9285799375364 
16.61099999999732	997.9285799912104 
16.71099999999744	997.9285800439799 
16.810999999997563	997.9285800958598 
16.910999999997685	997.928580146865 
17.010999999997807	997.9285801970102 
17.11099999999793	997.9285802463099 
17.21099999999805	997.9285802947791 
17.310999999998174	997.9285803424306 
17.410999999998296	997.928580389279 
17.51099999999842	997.9285804353375 
17.61099999999854	997.9285804806192 
17.710999999998663	997.928580525138 
17.810999999998785	997.9285805689061 
17.910999999998907	997.9285806119367 
18.01099999999903	997.9285806542417 
18.11099999999915	997.9285806958335 
18.210999999999274	997.9285807367238 
18.310999999999396	997.9285807769248 
18.410999999999518	997.9285808164483 
18.51099999999964	997.9285808553054 
18.610999999999763	997.9285808935074 
18.710999999999885	997.9285809310653 
18.811000000000007	997.9285809679901 
18.91100000000013	997.9285810042921 
19.01100000000025	997.9285810399825 
19.111000000000374	997.928581075071 
19.211000000000496	997.9285811095674 
19.311000000000618	997.9285811434823 
19.41100000000074	997.9285811768262 
19.511000000000863	997.9285812096083 
19.611000000000985	997.9285812418377 
19.711000000001107	997.9285812735236 
19.81100000000123	997.9285813046752 
19.91100000000135	997.9285813353017 
20.011000000001474	997.9285813654119 
20.111000000001596	997.9285813950146 
20.211000000001718	997.9285814241179 
20.31100000000184	997.9285814527308 
20.411000000001962	997.928581480861 
20.511000000002085	997.9285815085173 
20.611000000002207	997.928581535707 
20.71100000000233	997.9285815624386 
20.81100000000245	997.9285815887195 
20.911000000002574	997.9285816145574 
21.011000000002696	997.9285816399596 
21.111000000002818	997.9285816649335 
21.21100000000294	997.9285816894865 
21.311000000003062	997.9285817136254 
21.411000000003185	997.9285817373574 
21.511000000003307	997.9285817606891 
21.61100000000343	997.9285817836275 
21.71100000000355	997.928581806179 
21.811000000003673	997.9285818283515 
21.911000000003796	997.9285818501495 
22.011000000003918	997.9285818715803 
22.11100000000404	997.9285818926496 
22.211000000004162	997.9285819133637 
22.311000000004285	997.9285819337284 
22.411000000004407	997.9285819537502 
22.51100000000453	997.928581973434 
22.61100000000465	997.928581992786 
22.711000000004773	997.928582011812 
22.811000000004896	997.9285820305171 
22.911000000005018	997.9285820489066 
23.01100000000514	997.9285820669865 
23.111000000005262	997.9285820847612 
23.211000000005384	997.9285821022365 
23.311000000005507	997.9285821194171 
23.41100000000563	997.9285821363077 
23.51100000000575	997.9285821529141 
23.611000000005873	997.9285821692405 
23.711000000005996	997.9285821852917 
23.811000000006118	997.9285822010722 
23.91100000000624	997.9285822165868 
24.011000000006362	997.9285822318396 
24.111000000006484	997.9285822468353 
24.211000000006607	997.9285822615783 
24.31100000000673	997.9285822760725 
24.41100000000685	997.9285822903225 
24.511000000006973	997.9285823043322 
24.611000000007095	997.9285823181057 
24.711000000007218	997.9285823316468 
24.81100000000734	997.9285823449601 
24.911000000007462	997.928582358049 
25.011000000007584	997.9285823709172 
25.111000000007706	997.9285823835684 
25.21100000000783	997.9285823960063 
25.31100000000795	997.9285824082343 
25.411000000008073	997.9285824202565 
25.511000000008195	997.9285824320756 
25.611000000008318	997.9285824436956 
25.71100000000844	997.9285824551195 
25.811000000008562	997.9285824663511 
25.911000000008684	997.9285824773932 
26.011000000008806	997.9285824882492 
26.11100000000893	997.9285824989221 
26.21100000000905	997.928582509415 
26.311000000009173	997.9285825197311 
26.411000000009295	997.9285825298732 
26.511000000009417	997.9285825398442 
26.61100000000954	997.9285825496473 
26.711000000009662	997.9285825592851 
26.811000000009784	997.9285825687606 
26.911000000009906	997.9285825780763 
27.01100000001003	997.9285825872349 
27.11100000001015	997.928582596239 
27.211000000010273	997.9285826050917 
27.311000000010395	997.9285826137949 
27.411000000010517	997.9285826223514 
27.51100000001064	997.9285826307639 
27.611000000010762	997.9285826390343 
27.711000000010884	997.9285826471654 
27.811000000011006	997.9285826551593 
27.91100000001113	997.9285826630186 
28.01100000001125	997.9285826707451 
28.111000000011373	997.9285826783414 
28.211000000011495	997.9285826858096 
28.311000000011617	997.928582693152 
28.41100000001174	997.9285827003705 
28.51100000001186	997.9285827074672 
28.611000000011984	997.9285827144444 
28.711000000012106	997.9285827213037 
28.81100000001223	997.9285827280474 
28.91100000001235	997.9285827346777 
29.011000000012473	997.9285827411958 
29.111000000012595	997.9285827476042 
29.211000000012717	997.9285827539046 
29.31100000001284	997.9285827600986 
29.41100000001296	997.9285827661881 
29.511000000013084	997.9285827721752 
29.611000000013206	997.9285827780612 
29.71100000001333	997.928582783848 
29.81100000001345	997.9285827895374 
29.911000000013573	997.9285827951305 
30.011000000013695	997.9285828006298 
30.111000000013817	997.928582806036 
30.21100000001394	997.9285828113512 
30.31100000001406	997.9285828165767 
30.411000000014184	997.9285828217144 
30.511000000014306	997.9285828267656 
30.61100000001443	997.9285828317312 
30.71100000001455	997.9285828366134 
30.811000000014673	997.9285828414132 
30.911000000014795	997.9285828461324 
31.011000000014917	997.9285828507718 
31.11100000001504	997.9285828553329 
31.21100000001516	997.9285828598172 
31.311000000015284	997.9285828642263 
31.411000000015406	997.9285828685605 
31.511000000015528	997.9285828728222 
31.61100000001565	997.9285828770119 
31.711000000015773	997.9285828811308 
31.811000000015895	997.9285828851802 
31.911000000016017	997.9285828891614 
32.0110000000161	997.9285828930754 
32.11200000001586	997.9285828969615 
32.213000000015626	997.9285829007813 
32.31400000001539	997.9285829045361 
32.415000000015155	997.9285829082273 
32.51600000001492	997.9285829118552 
32.617000000014684	997.9285829154212 
32.71800000001445	997.9285829189267 
32.81900000001421	997.9285829223726 
32.92000000001398	997.9285829257593 
33.02100000001374	997.9285829290885 
33.12200000001351	997.928582932361 
33.22300000001327	997.9285829355777 
33.32400000001304	997.9285829387395 
33.4250000000128	997.9285829418477 
33.526000000012566	997.9285829449027 
33.62700000001233	997.9285829479059 
33.728000000012095	997.9285829508575 
33.82900000001186	997.9285829537592 
33.930000000011624	997.9285829566111 
34.03100000001139	997.9285829594145 
34.13200000001115	997.9285829621703 
34.23300000001092	997.928582964879 
34.33400000001068	997.9285829675416 
34.43500000001045	997.9285829701589 
34.53600000001021	997.9285829727316 
34.63700000000998	997.9285829752605 
34.73800000000974	997.9285829777463 
34.839000000009506	997.9285829801893 
34.94000000000927	997.928582982591 
35.041000000009035	997.9285829849517 
35.1420000000088	997.9285829872724 
35.243000000008564	997.9285829895531 
35.34400000000833	997.9285829917956 
35.44500000000809	997.9285829939993 
35.54600000000786	997.9285829961656 
35.64700000000762	997.9285829982953 
35.74800000000739	997.9285830003886 
35.84900000000715	997.9285830024462 
35.950000000006916	997.9285830044688 
36.05100000000668	997.9285830064567 
36.152000000006446	997.9285830084108 
36.25300000000621	997.9285830103314 
36.354000000005975	997.9285830122193 
36.45500000000574	997.9285830140751 
36.556000000005504	997.9285830158998 
36.65700000000527	997.9285830176923 
36.75800000000503	997.9285830194549 
36.8590000000048	997.9285830211877 
36.96000000000456	997.9285830228904 
37.06100000000433	997.9285830245649 
37.16200000000409	997.9285830262102 
37.263000000003856	997.9285830278278 
37.36400000000362	997.9285830294177 
37.465000000003386	997.9285830309807 
37.56600000000315	997.9285830325172 
37.667000000002915	997.9285830340273 
37.76800000000268	997.9285830355112 
37.869000000002444	997.9285830369702 
37.97000000000221	997.9285830384041 
38.07100000000197	997.9285830398139 
38.17200000000174	997.9285830411997 
38.2730000000015	997.9285830425615 
38.37400000000127	997.9285830439003 
38.47500000000103	997.9285830452159 
38.576000000000796	997.9285830465095 
38.67700000000056	997.9285830477805 
38.778000000000326	997.9285830490303 
38.87900000000009	997.9285830502588 
38.979999999999855	997.9285830514663 
39.08099999999962	997.928583052654 
39.181999999999384	997.92858305382 
39.28299999999915	997.9285830549669 
39.38399999999891	997.9285830560945 
39.48499999999868	997.9285830572029 
39.58599999999844	997.9285830582917 
39.68699999999821	997.9285830593636 
39.78799999999797	997.9285830604155 
39.888999999997736	997.9285830614508 
39.9899999999975	997.9285830624675 
40.090999999997265	997.9285830634675 
40.19199999999703	997.9285830644496 
40.292999999996795	997.9285830654159 
40.39399999999656	997.9285830663646 
40.494999999996324	997.9285830672984 
40.59599999999609	997.928583068215 
40.69699999999585	997.9285830691161 
40.79799999999562	997.9285830700032 
40.89899999999538	997.9285830708731 
40.99999999999515	997.9285830717291 
41.10099999999491	997.928583072571 
41.201999999994676	997.9285830733984 
41.30299999999444	997.9285830742108 
41.403999999994205	997.9285830750099 
41.50499999999397	997.9285830757952 
41.605999999993735	997.9285830765679 
41.7069999999935	997.9285830773273 
41.807999999993264	997.9285830780732 
41.90899999999303	997.9285830788059 
42.00999999999279	997.9285830795268 
42.11099999999256	997.928583080235 
42.21199999999232	997.9285830809316 
42.31299999999209	997.9285830816164 
42.41399999999185	997.9285830822894 
42.514999999991616	997.9285830829513 
42.61599999999138	997.9285830836019 
42.716999999991145	997.9285830842416 
42.81799999999091	997.9285830848705 
42.918999999990675	997.9285830854888 
43.01999999999044	997.9285830860969 
43.120999999990204	997.928583086694 
43.22199999998997	997.92858308728 
43.32299999998973	997.9285830878566 
43.4239999999895	997.9285830884237 
43.52499999998926	997.9285830889814 
43.62599999998903	997.92858308953 
43.72699999998879	997.9285830900697 
43.827999999988556	997.928583090598 
43.92899999998832	997.9285830911178 
44.029999999988085	997.9285830916294 
44.13099999998785	997.9285830921333 
44.231999999987615	997.928583092627 
44.33299999998738	997.9285830931118 
44.433999999987144	997.9285830935893 
44.53499999998691	997.9285830940601 
44.63599999998667	997.9285830945194 
44.73699999998644	997.9285830949724 
44.8379999999862	997.9285830954193 
44.93899999998597	997.9285830958556 
45.03999999998573	997.9285830962856 
45.140999999985496	997.9285830967104 
45.24199999998526	997.9285830971239 
45.342999999985025	997.9285830975329 
45.44399999998479	997.9285830979347 
45.544999999984555	997.9285830983283 
45.64599999998432	997.9285830987184 
45.746999999984084	997.9285830990973 
45.84799999998385	997.928583099473 
45.94899999998361	997.9285830998405 
46.04999999998338	997.9285831002024 
46.15099999998314	997.9285831005584 
46.25199999998291	997.9285831009075 
46.35299999998267	997.9285831012522 
46.453999999982436	997.9285831015897 
46.5549999999822	997.9285831019229 
46.655999999981965	997.9285831022488 
46.75699999998173	997.9285831025708 
46.857999999981494	997.928583102886 
46.95899999998126	997.9285831031968 
47.059999999981024	997.9285831035023 
47.16099999998079	997.9285831038022 
47.26199999998055	997.9285831040986 
47.36299999998032	997.9285831043879 
47.46399999998008	997.928583104675 
47.56499999997985	997.9285831049536 
47.66599999997961	997.92858310523 
47.766999999979376	997.9285831055009 
47.86799999997914	997.9285831057673 
47.968999999978905	997.9285831060313 
48.06999999997867	997.9285831062872 
48.170999999978434	997.9285831065409 
48.2719999999782	997.9285831067903 
48.372999999977964	997.928583107035 
48.47399999997773	997.9285831072762 
48.57499999997749	997.9285831075122 
48.67599999997726	997.9285831077452 
48.77699999997702	997.9285831079749 
48.87799999997679	997.9285831081988 
48.97899999997655	997.9285831084203 
49.079999999976316	997.9285831086385 
49.18099999997608	997.9285831088514 
49.281999999975845	997.9285831090623 
49.38299999997561	997.928583109269 
49.483999999975374	997.928583109472 
49.58499999997514	997.9285831096722 
49.685999999974904	997.9285831098682 
49.78699999997467	997.928583110062 
49.88799999997443	997.9285831102512 
49.9889999999742	997.9285831104385 
50.08999999997396	997.9279377814428 
50.19099999997373	997.9186989027266 
50.29199999997349	997.8991404953423 
50.392999999973256	997.8697580040777 
50.49399999997302	997.8306730012572 
50.594999999972785	997.7820542759871 
50.69599999997255	997.7240649356797 
50.796999999972314	997.656863978066 
50.89799999997208	997.5806084372479 
50.99899999997184	997.4954524113145 
51.09999999997161	997.4015474530414 
51.20099999997137	997.2990425137035 
51.30199999997114	997.188084013975 
51.4029999999709	997.068815880342 
51.50399999997067	996.9413795891554 
51.60499999997043	996.8059142079842 
51.705999999970196	996.6625564367073 
51.80699999996996	996.5114406478052 
51.907999999969725	996.3526989259914 
52.00899999996949	996.1864611071595 
52.109999999969254	996.0128548166741 
52.21099999996902	995.8320055070031 
52.31199999996878	995.6440364947154 
52.41299999996855	995.4490689968428 
52.51399999996831	995.2472221666281 
52.61499999996808	995.0386131286625 
52.71599999996784	994.8233570134215 
52.81699999996761	994.6015669912214 
52.91799999996737	994.373354305585 
53.018999999967136	994.1388283060522 
53.1199999999669	993.8980964804241 
53.220999999966665	993.6512644864591 
53.32199999996643	993.3984361830336 
53.422999999966194	993.1397136607642 
53.52399999996596	992.8751972721176 
53.62499999996572	992.6049856610023 
53.72599999996549	992.3291757918566 
53.82699999996525	992.0478629782432 
53.92799999996502	991.7611409109577 
54.02899999996478	991.4691016856552 
54.12999999996455	991.1718358300102 
54.23099999996431	990.8694323304103 
54.331999999964076	990.5619786581992 
54.43299999996384	990.249560795471 
54.533999999963605	989.9322632604247 
54.63499999996337	989.6101691322882 
54.735999999963134	989.2833600758185 
54.8369999999629	988.9519163653824 
54.93799999996266	988.6159169086296 
55.03899999996243	988.2754392697626 
55.13999999996219	987.930559692406 
55.24099999996196	987.5813531220964 
55.34199999996172	987.227893228378 
55.442999999961486	986.8702524265277 
55.54399999996125	986.5085018989118 
55.644999999961016	986.1427116159753 
55.74599999996078	985.7729503568763 
55.846999999960545	985.3992857297687 
55.94799999996031	985.0217841917384 
56.048999999960074	984.6405110683997 
56.14999999995984	984.2555305731639 
56.2509999999596	983.8669058261684 
56.35199999995937	983.4746988728965 
56.45299999995913	983.0789707024708 
56.5539999999589	982.6797812656389 
56.65499999995866	982.2771894924524 
56.755999999958426	981.871253309645 
56.85699999995819	981.4620296577131 
56.957999999957956	981.0495745077113 
57.05899999995772	980.6339428777524 
57.159999999957485	980.2151888492347 
57.26099999995725	979.7933655827901 
57.361999999957014	979.3685253339594 
57.46299999995678	978.9407194686041 
57.56399999995654	978.5099984780508 
57.66499999995631	978.0764119939831 
57.76599999995607	977.6400088030762 
57.86699999995584	977.2008368613843 
57.9679999999556	976.7589433084825 
58.068999999955366	976.314374481367 
58.16999999995513	975.8671759281209 
58.270999999954896	975.4173924213432 
58.37199999995466	974.9650679713552 
58.472999999954425	974.5102458391764 
58.57399999995419	974.052968549284 
58.674999999953954	973.5932779021491 
58.77599999995372	973.1312149865677 
58.87699999995348	972.6668201917741 
58.97799999995325	972.2001332193539 
59.07899999995301	971.7311930949496 
59.17999999995278	971.2600381797695 
59.28099999995254	970.786706181901 
59.381999999952306	970.3112341674289 
59.48299999995207	969.8336585713673 
59.583999999951835	969.354015208402 
59.6849999999516	968.8723392834548 
59.785999999951365	968.3886654020624 
59.88699999995113	967.9030275805831 
59.987999999950894	967.4154592562253 
60.08899999995066	966.9266071896624 
60.18999999995042	966.4444000394125 
60.29099999995019	965.9706984989969 
60.39199999994995	965.5050161526638 
60.49299999994972	965.0472672406432 
60.59399999994948	964.5973119727545 
60.694999999949246	964.155017101553 
60.79599999994901	963.7202527009233 
60.896999999948775	963.2928903674517 
60.99799999994854	962.8728041368284 
61.098999999948305	962.4598701124513 
61.19999999994807	962.053966528233 
61.300999999947834	961.6549736858258 
61.4019999999476	961.2627739261218 
61.50299999994736	960.8772515929246 
61.60399999994713	960.4982929992199 
61.70499999994689	960.1257863935639 
61.80599999994666	959.759621927149 
61.90699999994642	959.3996916214072 
62.007999999946186	959.0458893361656 
62.10899999994595	958.6981107383514 
62.209999999945715	958.3562532712202 
62.31099999994548	958.0202161241162 
62.411999999945245	957.6899002027434 
62.51299999994501	957.3652080999422 
62.613999999944774	957.0460440669661 
62.71499999994454	956.7323139852471 
62.8159999999443	956.4239253386388 
62.91699999994407	956.1207871861355 
63.01799999994383	955.8228101350556 
63.1189999999436	955.5299063146778 
63.21999999994336	955.2419893503319 
63.320999999943126	954.9589743379248 
63.42199999994289	954.6807778189047 
63.522999999942655	954.40731775565 
63.62399999994242	954.138513507277 
63.724999999942185	953.8742858058589 
63.82599999994195	953.6145567330512 
63.926999999941714	953.3592496971145 
64.02799999994167	953.1082894103267 
64.12799999994215	952.8640236124983 
64.22799999994263	952.6238757535482 
64.3279999999431	952.387776411475 
64.42799999994358	952.155657334623 
64.52799999994406	951.9274514219534 
64.62799999994454	951.7030927036444 
64.72799999994501	951.4825163220239 
64.82799999994549	951.2656585128171 
64.92799999994597	951.0524565867167 
65.02799999994645	950.8428489112569 
65.12799999994692	950.6367748930002 
65.2279999999474	950.4341749600192 
65.32799999994788	950.2349905446758 
65.42799999994836	950.0391640666904 
65.52799999994883	949.8466389164975 
65.62799999994931	949.6573594388799 
65.72799999994979	949.4712709168791 
65.82799999995026	949.2883195559809 
65.92799999995074	949.1084524685609 
66.02799999995122	948.9316176585977 
66.1279999999517	948.7577640066413 
66.22799999995217	948.5868412550358 
66.32799999995265	948.41879999339 
66.42799999995313	948.2535916442953 
66.52799999995361	948.0911684492818 
66.62799999995408	947.9314834550125 
66.72799999995456	947.7744904997114 
66.82799999995504	947.6201441998156 
66.92799999995552	947.4683999368599 
67.027999999956	947.3192138445753 
67.12799999995647	947.1725427962095 
67.22799999995695	947.0283443920612 
67.32799999995743	946.8865769472197 
67.4279999999579	946.7471994795177 
67.52799999995838	946.610171697683 
67.62799999995886	946.4754539896907 
67.72799999995934	946.3430074113136 
67.82799999995981	946.2127936748615 
67.92799999996029	946.0847751381172 
68.02799999996077	945.95891479345 
68.12799999996125	945.8351762571206 
68.22799999996172	945.7135237587628 
68.3279999999622	945.5939221310437 
68.42799999996268	945.4763367994943 
68.52799999996316	945.3607337725189 
68.62799999996363	945.2470796315661 
68.72799999996411	945.1353415214695 
68.82799999996459	945.0254871409487 
68.92799999996507	944.917484733273 
69.02799999996554	944.8113030770795 
69.12799999996602	944.7069114773494 
69.2279999999665	944.6042797565337 
69.32799999996698	944.5033782458294 
69.42799999996745	944.4041777766034 
69.52799999996793	944.3066496719596 
69.62799999996841	944.2107657384499 
69.72799999996889	944.1164982579232 
69.82799999996936	944.023819979514 
69.92799999996984	943.9327041117623 
70.02799999997032	943.8431243148706 
70.1279999999708	943.7550546930906 
70.22799999997127	943.6684697872333 
70.32799999997175	943.5833445673137 
70.42799999997223	943.4996544253121 
70.5279999999727	943.4173751680622 
70.62799999997318	943.3364830102563 
70.72799999997366	943.2569545675692 
70.82799999997414	943.1787668498995 
70.92799999997462	943.1018972547231 
71.0279999999751	943.0263235605582 
71.12799999997557	942.952023920543 
71.22799999997605	942.8789768561198 
71.32799999997653	942.807161250825 
71.427999999977	942.7365563441862 
71.52799999997748	942.6671417257195 
71.62799999997796	942.5988973290301 
71.72799999997844	942.5318034260114 
71.82799999997891	942.4658406211413 
71.92799999997939	942.4009898458763 
72.02799999997987	942.337232353139 
72.12799999998035	942.2745497118968 
72.22799999998082	942.2129238018371 
72.3279999999813	942.1523368081272 
72.42799999998178	942.0927712162631 
72.52799999998226	942.0342098070103 
72.62799999998273	941.9766356514209 
72.72799999998321	941.9200321059454 
72.82799999998369	941.8643828076159 
72.92799999998417	941.8096716693206 
73.02799999998464	941.7558828751492 
73.12799999998512	941.7030008758248 
73.2279999999856	941.6510103842063 
73.32799999998608	941.5998963708694 
73.42799999998655	941.5496440597624 
73.52799999998703	941.5002389239355 
73.62799999998751	941.45166668134 
73.72799999998799	941.4039132906995 
73.82799999998846	941.3569649474526 
73.92799999998894	941.310808079761 
74.02799999998942	941.2654293445858 
74.1279999999899	941.2208156238314 
74.22799999999037	941.1769540205521 
74.32799999999085	941.1338318552257 
74.42799999999133	941.0914366620852 
74.5279999999918	941.0497561855192 
74.62799999999228	941.0087783765238 
74.72799999999276	940.9684913892247 
74.82799999999324	940.9288835774503 
74.92799999999372	940.8899434913637 
75.0279999999942	940.8516598741566 
75.12799999999467	940.8140216587906 
75.22799999999515	940.7770179648006 
75.32799999999563	940.7406380951514 
75.4279999999961	940.7048715331406 
75.52799999999658	940.6697079393615 
75.62799999999706	940.6351371487146 
75.72799999999754	940.6011491674666 
75.82799999999801	940.5677341703635 
75.92799999999849	940.5348824977906 
76.02799999999897	940.5025846529772 
76.12799999999945	940.470831299256 
76.22799999999992	940.4396132573582 
76.3280000000004	940.4089215027659 
76.42800000000088	940.3787471630988 
76.52800000000136	940.3490815155508 
76.62800000000183	940.3199159843697 
76.72800000000231	940.291242138377 
76.82800000000279	940.2630516885304 
76.92800000000327	940.2353364855265 
77.02800000000374	940.2080885174496 
77.12800000000422	940.1812999074489 
77.2280000000047	940.1549629114669 
77.32800000000518	940.1290699159985 
77.42800000000565	940.1036134358901 
77.52800000000613	940.0785861121764 
77.62800000000661	940.0539807099524 
77.72800000000709	940.0297901162828 
77.82800000000756	940.0060073381447 
77.92800000000804	939.9826255004069 
78.02800000000852	939.9596378438417 
78.128000000009	939.9370377231724 
78.22800000000947	939.9148186051497 
78.32800000000995	939.8929740666665 
78.42800000001043	939.8714977928975 
78.5280000000109	939.8503835754767 
78.62800000001138	939.8296253107003 
78.72800000001186	939.809216997765 
78.82800000001234	939.7891527370303 
78.92800000001282	939.7694267283147 
79.0280000000133	939.7500332692189 
79.12800000001377	939.730966753477 
79.22800000001425	939.7122216693363 
79.32800000001473	939.6937925979628 
79.4280000000152	939.6756742118761 
79.52800000001568	939.6578612734093 
79.62800000001616	939.6403486331931 
79.72800000001664	939.6231312286696 
79.82800000001711	939.6062040826274 
79.92800000001759	939.5895623017632 
80.02800000001807	939.5732010752662 
80.12800000001855	939.557115673429 
80.22800000001902	939.5413014462807 
80.3280000000195	939.5257538222397 
80.42800000001998	939.5104683067958 
80.52800000002046	939.4954404812079 
80.62800000002093	939.4806660012289 
80.72800000002141	939.4661405958481 
80.82800000002189	939.4518600660577 
80.92800000002237	939.4378202836394 
81.02800000002284	939.4240171899694 
81.12800000002332	939.4104467948456 
81.2280000000238	939.3971051753344 
81.32800000002428	939.3839884746384 
81.42800000002475	939.3710929009776 
81.52800000002523	939.3584147264967 
81.62800000002571	939.3459502861857 
81.72800000002619	939.333695976822 
81.82800000002666	939.3216482559261 
81.92800000002714	939.3098036407403 
82.02800000002762	939.2981587072198 
82.1280000000281	939.2867100890451 
82.22800000002857	939.2754544766462 
82.32800000002905	939.2643886162482 
82.42800000002953	939.2535093089296 
82.52800000003	939.2428134096974 
82.62800000003048	939.2322978265786 
82.72800000003096	939.221959519726 
82.82800000003144	939.211795500539 
82.92800000003191	939.2018028308006 
83.02800000003239	939.1919786218274 
83.12800000003287	939.1823200336348 
83.22800000003335	939.1728242741156 
83.32800000003382	939.163488598233 
83.4280000000343	939.1543103072281 
83.52800000003478	939.1452867478383 
83.62800000003526	939.1364153115309 
83.72800000003573	939.127693433748 
83.82800000003621	939.1191185931683 
83.92800000003669	939.1106883109738 
84.02800000003717	939.1024001501373 
84.12800000003764	939.0942517147143 
84.22800000003812	939.0862406491541 
84.3280000000386	939.0783646376153 
84.42800000003908	939.0706214032988 
84.52800000003955	939.0630087077885 
84.62800000004003	939.0555243504049 
84.72800000004051	939.0481661675668 
84.82800000004099	939.0409320321709 
84.92800000004146	939.0338198529697 
85.02800000004194	939.0268275739734 
85.12800000004242	939.019953173853 
85.2280000000429	939.0131946653543 
85.32800000004337	939.0065500947263 
85.42800000004385	939.000017541155 
85.52800000004433	938.9935951162083 
85.6280000000448	938.98728096329 
85.72800000004528	938.9810732571034 
85.82800000004576	938.9749702031228 
85.92800000004624	938.9689700370761 
86.02800000004672	938.9630710244339 
86.1280000000472	938.9572714599078 
86.22800000004767	938.9515696669588 
86.32800000004815	938.9459639973112 
86.42800000004863	938.9404528304761 
86.5280000000491	938.9350345732845 
86.62800000004958	938.9297076594257 
86.72800000005006	938.9244705489934 
86.82800000005054	938.9193217280424 
86.92800000005101	938.9142597081508 
87.02800000005149	938.9092830259882 
87.12800000005197	938.904390242895 
87.22800000005245	938.8995799444632 
87.32800000005292	938.8948507401308 
87.4280000000534	938.8902012627788 
87.52800000005388	938.8856301683343 
87.62800000005436	938.8811361353847 
87.72800000005483	938.8767178647943 
87.82800000005531	938.8723740793274 
87.92800000005579	938.8681035232822 
88.02800000005627	938.8639049621248 
88.12800000005674	938.8597771821345 
88.22800000005722	938.8557189900516 
88.3280000000577	938.8517292127331 
88.42800000005818	938.8478066968127 
88.52800000005865	938.8439503083688 
88.62800000005913	938.8401589325956 
88.72800000005961	938.8364314734819 
88.82800000006009	938.8327668534921 
88.92800000006056	938.8291640132569 
89.02800000006104	938.8256219112675 
89.12800000006152	938.8221395235706 
89.228000000062	938.8187158434777 
89.32800000006247	938.8153498812707 
89.42800000006295	938.8120406639156 
89.52800000006343	938.8087872347837 
89.6280000000639	938.8055886533725 
89.72800000006438	938.8024439950356 
89.82800000006486	938.7993523507146 
89.92800000006534	938.7963128266764 
90.02800000006582	938.7933245442531 
90.1280000000663	938.7903866395935 
90.22800000006677	938.7874982634057 
90.32800000006725	938.7846585807173 
90.42800000006773	938.7818667706335 
90.5280000000682	938.779122026096 
90.62800000006868	938.7764235536537 
90.72800000006916	938.7737705732316 
90.82800000006964	938.7711623179049 
90.92800000007011	938.7685980336789 
91.02800000007059	938.7660769792702 
91.12800000007107	938.7635984258909 
91.22800000007155	938.7611616570409 
91.32800000007202	938.7587659682985 
91.4280000000725	938.7564106671167 
91.52800000007298	938.7540950726249 
91.62800000007346	938.7518185154307 
91.72800000007393	938.7495803374255 
91.82800000007441	938.7473798915977 
91.92800000007489	938.7452165418409 
92.02800000007537	938.7430896627732 
92.12800000007584	938.7409986395564 
92.22800000007632	938.7389428677169 
92.3280000000768	938.7369217529721 
92.42800000007728	938.7349347110568 
92.52800000007775	938.7329811675573 
92.62800000007823	938.731060557742 
92.72800000007871	938.7291723264011 
92.82800000007919	938.727315927684 
92.92800000007966	938.7254908249423 
93.02800000008014	938.723696490575 
93.12800000008062	938.7219324058759 
93.2280000000811	938.7201980608827 
93.32800000008157	938.7184929542298 
93.42800000008205	938.7168165930057 
93.52800000008253	938.7151684926067 
93.628000000083	938.7135481766002 
93.72800000008348	938.7119551765841 
93.82800000008396	938.7103890320537 
93.92800000008444	938.7088492902684 
94.02800000008492	938.7073355061184 
94.1280000000854	938.7058472419991 
94.22800000008587	938.7043840676824 
94.32800000008635	938.7029455601939 
94.42800000008683	938.7015313036887 
94.5280000000873	938.700140889334 
94.62800000008778	938.6987739151876 
94.72800000008826	938.697429986086 
94.82800000008874	938.6961087135234 
94.92800000008921	938.6948097155483 
95.02800000008969	938.693532616645 
95.12800000009017	938.6922770476293 
95.22800000009065	938.6910426455412 
95.32800000009112	938.6898290535396 
95.4280000000916	938.6886359207988 
95.52800000009208	938.6874629024077 
95.62800000009256	938.6863096592701 
95.72800000009303	938.685175858006 
95.82800000009351	938.684061170856 
95.92800000009399	938.6829652755858 
96.02800000009447	938.681887855394 
96.12800000009494	938.6808285988195 
96.22800000009542	938.6797871996527 
96.3280000000959	938.6787633568446 
96.42800000009638	938.6777567744235 
96.52800000009685	938.6767671614055 
96.62800000009733	938.6757942317137 
96.72800000009781	938.6748377040927 
96.82800000009829	938.6738973020305 
96.92800000009876	938.6729727536737 
97.02800000009924	938.6720637917548 
97.12800000009972	938.6711701535105 
97.2280000001002	938.6702915806083 
97.32800000010067	938.6694278190691 
97.42800000010115	938.6685786191973 
97.52800000010163	938.6677437355058 
97.6280000001021	938.6669229266454 
97.72800000010258	938.6661159553378 
97.82800000010306	938.6653225883025 
97.92800000010354	938.6645425961932 
98.02800000010402	938.6637757535296 
98.12800000010449	938.6630218386329 
98.22800000010497	938.6622806335603 
98.32800000010545	938.6615519240448 
98.42800000010592	938.6608354994307 
98.5280000001064	938.6601311526136 
98.62800000010688	938.6594386799816 
98.72800000010736	938.6587578813533 
98.82800000010783	938.6580885599242 
98.92800000010831	938.657430522206 
99.02800000010879	938.6567835779738 
99.12800000010927	938.6561475402084 
99.22800000010974	938.6555222250435 
99.32800000011022	938.6549074517134 
99.4280000001107	938.6543030424987 
99.52800000011118	938.6537088226771 
99.62800000011165	938.6531246204717 
99.72800000011213	938.6525502670002 
99.82800000011261	938.6519855962289 
99.92800000011309	938.6514304449229 
