0.001	999.8987624347907 
0.10100000000000008	999.8988365631644 
0.20100000000000015	999.8988231673179 
0.3010000000000002	999.8988265903204 
0.4010000000000003	999.8988270422229 
0.5020000000000003	999.8988279268607 
0.6020000000000004	999.8988287513774 
0.7020000000000005	999.8988295546721 
0.8020000000000006	999.8988303493563 
0.9020000000000007	999.8988311287859 
1.0030000000000003	999.8988319032595 
1.1039999999999892	999.8988326643812 
1.204999999999978	999.8988334125876 
1.305999999999967	999.898834148046 
1.4069999999999558	999.8988348709854 
1.5079999999999447	999.8988355816151 
1.6089999999999336	999.8988362801459 
1.7099999999999225	999.8988369667838 
1.8109999999999113	999.898837641732 
1.9119999999999002	999.8988383051882 
2.0129999999998893	999.898838957349 
2.113999999999878	999.8988395984062 
2.214999999999867	999.8988402285489 
2.315999999999856	999.8988408479631 
2.416999999999845	999.8988414568323 
2.5179999999998337	999.8988420553336 
2.6189999999998226	999.8988426436463 
2.7199999999998115	999.8988432219418 
2.8209999999998003	999.8988437903919 
2.921999999999789	999.8988443491638 
3.022999999999778	999.8988448984219 
3.123999999999767	999.8988454383295 
3.224999999999756	999.898845969044 
3.3259999999997447	999.8988464907235 
3.4269999999997336	999.8988470035205 
3.5279999999997225	999.8988475075871 
3.6289999999997113	999.8988480030716 
3.7299999999997	999.8988484901201 
3.830999999999689	999.8988489688753 
3.931999999999678	999.8988494394813 
4.031999999999681	999.8988498975335 
4.131999999999715	999.898850347863 
4.231999999999748	999.8988507906007 
4.331999999999781	999.8988512258749 
4.431999999999815	999.8988516538103 
4.531999999999848	999.8988520745319 
4.6319999999998815	999.8988524881604 
4.731999999999915	999.8988528948157 
4.831999999999948	999.8988532946163 
4.931999999999982	999.898853687676 
5.032000000000015	999.89885407411 
5.1320000000000485	999.898854454029 
5.232000000000082	999.8988548275431 
5.332000000000115	999.8988551947605 
5.432000000000149	999.8988555557868 
5.532000000000182	999.8988559107271 
5.6320000000002155	999.8988562596835 
5.732000000000249	999.8988566027568 
5.832000000000282	999.898856940047 
5.932000000000316	999.898857271651 
6.032000000000349	999.898857597665 
6.1320000000003825	999.8988579181823 
6.232000000000416	999.8988582332964 
6.332000000000449	999.8988585430983 
6.432000000000483	999.8988588476768 
6.532000000000516	999.8988591471212 
6.6320000000005495	999.8988594415171 
6.732000000000583	999.8988597309499 
6.832000000000616	999.8988600155036 
6.93200000000065	999.8988602952596 
7.032000000000683	999.8988605702996 
7.132000000000716	999.898860840703 
7.23200000000075	999.898861106548 
7.332000000000783	999.8988613679118 
7.432000000000817	999.8988616248688 
7.53200000000085	999.8988618774937 
7.632000000000883	999.89886212586 
7.732000000000917	999.8988623700391 
7.83200000000095	999.8988626101016 
7.932000000000984	999.898862846117 
8.032000000000988	999.8988630781538 
8.133000000000932	999.8988633085404 
8.234000000000876	999.8988635350047 
8.33500000000082	999.8988637576128 
8.436000000000764	999.8988639764312 
8.537000000000708	999.8988641915242 
8.638000000000652	999.8988644029548 
8.739000000000596	999.8988646107857 
8.84000000000054	999.8988648150773 
8.941000000000484	999.8988650158932 
9.042000000000428	999.8988652132894 
9.143000000000372	999.8988654073243 
9.244000000000316	999.8988655980555 
9.34500000000026	999.8988657855396 
9.446000000000204	999.8988659698311 
9.547000000000148	999.8988661509857 
9.648000000000092	999.8988663290556 
9.749000000000036	999.8988665040938 
9.84999999999998	999.8988666761516 
9.950999999999924	999.8988668452805 
10.051999999999868	999.8988670115292 
10.152999999999812	999.8988671749484 
10.253999999999756	999.8988673355844 
10.3549999999997	999.8988674934861 
10.455999999999644	999.8988676486989 
10.556999999999588	999.8988678012695 
10.657999999999532	999.8988679512421 
10.758999999999476	999.8988680986616 
10.85999999999942	999.8988682435707 
10.960999999999364	999.8988683860132 
11.061999999999308	999.8988685260297 
11.162999999999252	999.8988686636624 
11.263999999999196	999.8988687989523 
11.36499999999914	999.8988689319395 
11.465999999999084	999.8988690626626 
11.566999999999029	999.8988691911599 
11.667999999998973	999.8988693174692 
11.768999999998917	999.8988694416281 
11.86999999999886	999.8988695636731 
11.970999999998805	999.89886968364 
12.071999999998749	999.8988698015646 
12.172999999998693	999.8988699174812 
12.273999999998637	999.8988700314245 
12.37499999999858	999.898870143428 
12.475999999998525	999.8988702535244 
12.576999999998469	999.8988703617462 
12.677999999998413	999.8988704681254 
12.778999999998357	999.8988705726935 
12.8799999999983	999.8988706754805 
12.980999999998245	999.8988707765195 
13.081999999998189	999.8988708758368 
13.182999999998133	999.8988709734635 
13.283999999998077	999.8988710694281 
13.384999999998021	999.8988711637587 
13.485999999997965	999.8988712564831 
13.586999999997909	999.8988713476286 
13.687999999997853	999.898871437223 
13.788999999997797	999.8988715252916 
13.889999999997741	999.8988716118608 
13.990999999997685	999.8988716969561 
14.091999999997629	999.8988717806025 
14.192999999997573	999.8988718628249 
14.293999999997517	999.8988719436474 
14.394999999997461	999.8988720230939 
14.495999999997405	999.8988721011875 
14.59699999999735	999.8988721779515 
14.697999999997293	999.8988722534086 
14.798999999997237	999.8988723275809 
14.899999999997181	999.8988724004903 
15.000999999997125	999.898872472158 
15.10199999999707	999.8988725426051 
15.202999999997013	999.8988726118531 
15.303999999996957	999.8988726799221 
15.404999999996901	999.8988727468346 
15.505999999996845	999.8988728126067 
15.60699999999679	999.8988728772596 
15.707999999996733	999.8988729408114 
15.808999999996677	999.8988730032809 
15.909999999996622	999.8988730646869 
16.010999999996585	999.8988731250473 
16.110999999996707	999.8988731837974 
16.21099999999683	999.8988732415573 
16.31099999999695	999.8988732983433 
16.410999999997074	999.898873354172 
16.510999999997196	999.8988734090595 
16.61099999999732	999.8988734630217 
16.71099999999744	999.8988735160739 
16.810999999997563	999.898873568232 
16.910999999997685	999.8988736195106 
17.010999999997807	999.8988736699247 
17.11099999999793	999.8988737194891 
17.21099999999805	999.8988737682178 
17.310999999998174	999.898873816125 
17.410999999998296	999.8988738632247 
17.51099999999842	999.8988739095302 
17.61099999999854	999.8988739550548 
17.710999999998663	999.8988739998122 
17.810999999998785	999.8988740438151 
17.910999999998907	999.8988740870763 
18.01099999999903	999.8988741296082 
18.11099999999915	999.8988741714229 
18.210999999999274	999.8988742125326 
18.310999999999396	999.898874252949 
18.410999999999518	999.8988742926845 
18.51099999999964	999.8988743317501 
18.610999999999763	999.8988743701568 
18.710999999999885	999.8988744079161 
18.811000000000007	999.898874445039 
18.91100000000013	999.8988744815359 
19.01100000000025	999.8988745174173 
19.111000000000374	999.8988745526939 
19.211000000000496	999.8988745873756 
19.311000000000618	999.8988746214727 
19.41100000000074	999.8988746549949 
19.511000000000863	999.898874687953 
19.611000000000985	999.898874720355 
19.711000000001107	999.8988747522109 
19.81100000000123	999.8988747835295 
19.91100000000135	999.8988748143204 
20.011000000001474	999.8988748445919 
20.111000000001596	999.8988748743534 
20.211000000001718	999.8988749036126 
20.31100000000184	999.8988749323788 
20.411000000001962	999.8988749606601 
20.511000000002085	999.8988749884646 
20.611000000002207	999.8988750158003 
20.71100000000233	999.898875042675 
20.81100000000245	999.8988750690971 
20.911000000002574	999.8988750950735 
21.011000000002696	999.8988751206117 
21.111000000002818	999.8988751457197 
21.21100000000294	999.8988751704042 
21.311000000003062	999.8988751946727 
21.411000000003185	999.8988752185318 
21.511000000003307	999.8988752419887 
21.61100000000343	999.8988752650503 
21.71100000000355	999.898875287723 
21.811000000003673	999.898875310014 
21.911000000003796	999.8988753319288 
22.011000000003918	999.8988753534745 
22.11100000000404	999.8988753746569 
22.211000000004162	999.898875395482 
22.311000000004285	999.898875415956 
22.411000000004407	999.898875436085 
22.51100000000453	999.8988754558744 
22.61100000000465	999.8988754753303 
22.711000000004773	999.8988754944583 
22.811000000004896	999.8988755132635 
22.911000000005018	999.8988755317517 
23.01100000000514	999.8988755499286 
23.111000000005262	999.8988755677988 
23.211000000005384	999.8988755853676 
23.311000000005507	999.8988756026404 
23.41100000000563	999.8988756196215 
23.51100000000575	999.8988756363169 
23.611000000005873	999.898875652731 
23.711000000005996	999.8988756688683 
23.811000000006118	999.8988756847334 
23.91100000000624	999.8988757003311 
24.011000000006362	999.8988757156658 
24.111000000006484	999.8988757307418 
24.211000000006607	999.8988757455638 
24.31100000000673	999.8988757601358 
24.41100000000685	999.8988757744622 
24.511000000006973	999.8988757885471 
24.611000000007095	999.8988758023944 
24.711000000007218	999.8988758160083 
24.81100000000734	999.8988758293929 
24.911000000007462	999.8988758425519 
25.011000000007584	999.8988758554891 
25.111000000007706	999.898875868208 
25.21100000000783	999.8988758807127 
25.31100000000795	999.8988758930063 
25.411000000008073	999.8988759050928 
25.511000000008195	999.8988759169755 
25.611000000008318	999.8988759286577 
25.71100000000844	999.8988759401428 
25.811000000008562	999.8988759514345 
25.911000000008684	999.8988759625361 
26.011000000008806	999.8988759734502 
26.11100000000893	999.8988759841804 
26.21100000000905	999.8988759947296 
26.311000000009173	999.8988760051011 
26.411000000009295	999.8988760152974 
26.511000000009417	999.898876025322 
26.61100000000954	999.8988760351779 
26.711000000009662	999.898876044867 
26.811000000009784	999.8988760543933 
26.911000000009906	999.8988760637591 
27.01100000001003	999.8988760729668 
27.11100000001015	999.8988760820195 
27.211000000010273	999.8988760909194 
27.311000000010395	999.8988760996692 
27.411000000010517	999.8988761082719 
27.51100000001064	999.8988761167291 
27.611000000010762	999.898876125044 
27.711000000010884	999.8988761332187 
27.811000000011006	999.8988761412554 
27.91100000001113	999.8988761491566 
28.01100000001125	999.8988761569249 
28.111000000011373	999.8988761645617 
28.211000000011495	999.89887617207 
28.311000000011617	999.8988761794517 
28.41100000001174	999.8988761867089 
28.51100000001186	999.8988761938438 
28.611000000011984	999.8988762008582 
28.711000000012106	999.8988762077545 
28.81100000001223	999.8988762145344 
28.91100000001235	999.8988762212002 
29.011000000012473	999.8988762277534 
29.111000000012595	999.8988762341959 
29.211000000012717	999.8988762405301 
29.31100000001284	999.8988762467574 
29.41100000001296	999.8988762528796 
29.511000000013084	999.8988762588988 
29.611000000013206	999.8988762648163 
29.71100000001333	999.8988762706343 
29.81100000001345	999.898876276354 
29.911000000013573	999.8988762819774 
30.011000000013695	999.8988762875059 
30.111000000013817	999.898876292941 
30.21100000001394	999.8988762982848 
30.31100000001406	999.8988763035385 
30.411000000014184	999.8988763087038 
30.511000000014306	999.8988763137818 
30.61100000001443	999.8988763187743 
30.71100000001455	999.8988763236825 
30.811000000014673	999.8988763285081 
30.911000000014795	999.8988763332526 
31.011000000014917	999.8988763379168 
31.11100000001504	999.8988763425025 
31.21100000001516	999.8988763470111 
31.311000000015284	999.8988763514436 
31.411000000015406	999.8988763558011 
31.511000000015528	999.8988763600856 
31.61100000001565	999.8988763642976 
31.711000000015773	999.8988763684387 
31.811000000015895	999.8988763725099 
31.911000000016017	999.8988763765124 
32.0110000000161	999.8988763804471 
32.11200000001586	999.8988763843543 
32.213000000015626	999.8988763881947 
32.31400000001539	999.8988763919693 
32.415000000015155	999.8988763956804 
32.51600000001492	999.8988763993277 
32.617000000014684	999.8988764029132 
32.71800000001445	999.8988764064372 
32.81900000001421	999.8988764099013 
32.92000000001398	999.8988764133062 
33.02100000001374	999.8988764166533 
33.12200000001351	999.8988764199432 
33.22300000001327	999.8988764231773 
33.32400000001304	999.8988764263564 
33.4250000000128	999.898876429481 
33.526000000012566	999.8988764325525 
33.62700000001233	999.8988764355717 
33.728000000012095	999.8988764385392 
33.82900000001186	999.8988764414563 
33.930000000011624	999.8988764443237 
34.03100000001139	999.8988764471424 
34.13200000001115	999.8988764499126 
34.23300000001092	999.8988764526359 
34.33400000001068	999.8988764553127 
34.43500000001045	999.8988764579441 
34.53600000001021	999.8988764605307 
34.63700000000998	999.8988764630733 
34.73800000000974	999.8988764655719 
34.839000000009506	999.8988764680282 
34.94000000000927	999.898876470443 
35.041000000009035	999.8988764728161 
35.1420000000088	999.8988764751495 
35.243000000008564	999.8988764774423 
35.34400000000833	999.8988764796966 
35.44500000000809	999.8988764819122 
35.54600000000786	999.89887648409 
35.64700000000762	999.8988764862311 
35.74800000000739	999.8988764883358 
35.84900000000715	999.8988764904045 
35.950000000006916	999.8988764924379 
36.05100000000668	999.8988764944365 
36.152000000006446	999.898876496401 
36.25300000000621	999.898876498332 
36.354000000005975	999.8988765002299 
36.45500000000574	999.8988765020956 
36.556000000005504	999.8988765039298 
36.65700000000527	999.8988765057325 
36.75800000000503	999.8988765075043 
36.8590000000048	999.8988765092464 
36.96000000000456	999.8988765109583 
37.06100000000433	999.8988765126414 
37.16200000000409	999.8988765142957 
37.263000000003856	999.8988765159222 
37.36400000000362	999.8988765175205 
37.465000000003386	999.8988765190921 
37.56600000000315	999.8988765206366 
37.667000000002915	999.8988765221544 
37.76800000000268	999.8988765236467 
37.869000000002444	999.8988765251137 
37.97000000000221	999.8988765265556 
38.07100000000197	999.8988765279727 
38.17200000000174	999.8988765293655 
38.2730000000015	999.8988765307345 
38.37400000000127	999.8988765320804 
38.47500000000103	999.8988765334032 
38.576000000000796	999.898876534704 
38.67700000000056	999.898876535982 
38.778000000000326	999.898876537239 
38.87900000000009	999.8988765384735 
38.979999999999855	999.8988765396873 
39.08099999999962	999.8988765408807 
39.181999999999384	999.8988765420537 
39.28299999999915	999.8988765432072 
39.38399999999891	999.8988765443402 
39.48499999999868	999.8988765454544 
39.58599999999844	999.8988765465502 
39.68699999999821	999.8988765476263 
39.78799999999797	999.8988765486849 
39.888999999997736	999.8988765497248 
39.9899999999975	999.8988765507477 
40.090999999997265	999.8988765517526 
40.19199999999703	999.8988765527405 
40.292999999996795	999.8988765537113 
40.39399999999656	999.8988765546661 
40.494999999996324	999.8988765556036 
40.59599999999609	999.8988765565261 
40.69699999999585	999.898876557432 
40.79799999999562	999.8988765583226 
40.89899999999538	999.8988765591988 
40.99999999999515	999.8988765600593 
41.10099999999491	999.8988765609047 
41.201999999994676	999.8988765617366 
41.30299999999444	999.8988765625545 
41.403999999994205	999.8988765633578 
41.50499999999397	999.8988765641468 
41.605999999993735	999.8988765649231 
41.7069999999935	999.898876565686 
41.807999999993264	999.8988765664362 
41.90899999999303	999.8988765671739 
42.00999999999279	999.8988765678987 
42.11099999999256	999.8988765686115 
42.21199999999232	999.8988765693117 
42.31299999999209	999.8988765700001 
42.41399999999185	999.8988765706766 
42.514999999991616	999.8988765713422 
42.61599999999138	999.8988765719963 
42.716999999991145	999.8988765726393 
42.81799999999091	999.8988765732711 
42.918999999990675	999.8988765738922 
43.01999999999044	999.8988765745024 
43.120999999990204	999.8988765751026 
43.22199999998997	999.8988765756923 
43.32299999998973	999.8988765762725 
43.4239999999895	999.8988765768431 
43.52499999998926	999.8988765774044 
43.62599999998903	999.8988765779555 
43.72699999998879	999.8988765784962 
43.827999999988556	999.8988765790281 
43.92899999998832	999.8988765795515 
44.029999999988085	999.8988765800667 
44.13099999998785	999.8988765805719 
44.231999999987615	999.8988765810678 
44.33299999998738	999.8988765815562 
44.433999999987144	999.8988765820372 
44.53499999998691	999.898876582508 
44.63599999998667	999.898876582971 
44.73699999998644	999.8988765834275 
44.8379999999862	999.8988765838753 
44.93899999998597	999.8988765843143 
45.03999999998573	999.8988765847479 
45.140999999985496	999.8988765851727 
45.24199999998526	999.8988765855897 
45.342999999985025	999.8988765860023 
45.44399999998479	999.8988765864042 
45.544999999984555	999.8988765868013 
45.64599999998432	999.8988765871917 
45.746999999984084	999.8988765875739 
45.84799999998385	999.8988765879528 
45.94899999998361	999.8988765883206 
46.04999999998338	999.8988765886861 
46.15099999998314	999.8988765890421 
46.25199999998291	999.8988765893948 
46.35299999998267	999.8988765897395 
46.453999999982436	999.8988765900804 
46.5549999999822	999.8988765904137 
46.655999999981965	999.898876590743 
46.75699999998173	999.8988765910651 
46.857999999981494	999.8988765913839 
46.95899999998126	999.8988765916948 
47.059999999981024	999.8988765920038 
47.16099999998079	999.8988765923038 
47.26199999998055	999.8988765926024 
47.36299999998032	999.898876592893 
47.46399999998008	999.8988765931801 
47.56499999997985	999.8988765934623 
47.66599999997961	999.8988765937387 
47.766999999979376	999.8988765940131 
47.86799999997914	999.8988765942796 
47.968999999978905	999.8988765945437 
48.06999999997867	999.8988765948029 
48.170999999978434	999.8988765950568 
48.2719999999782	999.8988765953094 
48.372999999977964	999.8988765955543 
48.47399999997773	999.8988765957955 
48.57499999997749	999.898876596035 
48.67599999997726	999.8988765962682 
48.77699999997702	999.8988765964979 
48.87799999997679	999.8988765967252 
48.97899999997655	999.8988765969468 
49.079999999976316	999.898876597165 
49.18099999997608	999.8988765973814 
49.281999999975845	999.8988765975924 
49.38299999997561	999.8988765977991 
49.483999999975374	999.8988765980056 
49.58499999997514	999.8988765982058 
49.685999999974904	999.8988765984019 
49.78699999997467	999.8988765985971 
49.88799999997443	999.8988765987884 
49.9889999999742	999.8988765989758 
50.08999999997396	999.8940469352378 
50.19099999997373	999.8815597452901 
50.29199999997349	999.8584030391654 
50.392999999973256	999.8254625965334 
50.49399999997302	999.7827414394574 
50.594999999972785	999.7304422532409 
50.69599999997255	999.6687205294967 
50.796999999972314	999.5977381823229 
50.89799999997208	999.5176526110266 
50.99899999997184	999.4286188448751 
51.09999999997161	999.3307892274952 
51.20099999997137	999.2243135131571 
51.30199999997114	999.109338906943 
51.4029999999709	998.9860101072466 
51.50399999997067	998.8544693490594 
51.60499999997043	998.7148564456863 
51.705999999970196	998.5673088300456 
51.80699999996996	998.4119615951779 
51.907999999969725	998.2489475340867 
52.00899999996949	998.0783971788995 
52.109999999969254	997.9004388393569 
52.21099999996902	997.7151986406556 
52.31199999996878	997.522800560636 
52.41299999996855	997.3233664663444 
52.51399999996831	997.1170161499717 
52.61499999996808	996.9038673641777 
52.71599999996784	996.6840358568141 
52.81699999996761	996.4576354050606 
52.91799999996737	996.2247778489738 
53.018999999967136	995.9855731244692 
53.1199999999669	995.7401292957402 
53.220999999966665	995.4885525871255 
53.32199999996643	995.2309474144331 
53.422999999966194	994.9674164157313 
53.52399999996596	994.698060481617 
53.62499999996572	994.4229787849666 
53.72599999996549	994.1422688101802 
53.82699999996525	993.8560263819314 
53.92799999996502	993.5643456934222 
54.02899999996478	993.2673193341623 
54.12999999996455	992.9650383172714 
54.23099999996431	992.6575921063179 
54.331999999964076	992.3450686417019 
54.43299999996384	992.0275543665878 
54.533999999963605	991.7051342523957 
54.63499999996337	991.3778918238573 
54.735999999963134	991.0459091836489 
54.8369999999629	990.7092670366004 
54.93799999996266	990.368044713496 
55.03899999996243	990.022320194468 
55.13999999996219	989.6721701319917 
55.24099999996196	989.3176698734901 
55.34199999996172	988.9588934835535 
55.442999999961486	988.5959137657787 
55.54399999996125	988.2288022842401 
55.644999999961016	987.8576293845925 
55.74599999996078	987.4824642148159 
55.846999999960545	987.1033747456054 
55.94799999996031	986.7204277904165 
56.048999999960074	986.3336890251664 
56.14999999995984	985.9432230076036 
56.2509999999596	985.5490931963419 
56.35199999995937	985.1513619695768 
56.45299999995913	984.750090643479 
56.5539999999589	984.3453394902764 
56.65499999995866	983.9371677560266 
56.755999999958426	983.5256336780899 
56.85699999995819	983.1107945023011 
56.957999999957956	982.6927064998533 
57.05899999995772	982.2714249838884 
57.159999999957485	981.847004325812 
57.26099999995725	981.4194979713234 
57.361999999957014	980.9889584561791 
57.46299999995678	980.5554374216847 
57.56399999995654	980.1189856299218 
57.66499999995631	979.6796529787189 
57.76599999995607	979.2374885163649 
57.86699999995584	978.7925404560738 
57.9679999999556	978.3448561902018 
58.068999999955366	977.8944823042224 
58.16999999995513	977.4414645904661 
58.270999999954896	976.9858480616205 
58.37199999995466	976.527676964008 
58.472999999954425	976.0669947906314 
58.57399999995419	975.6038442940002 
58.674999999953954	975.138267498737 
58.77599999995372	974.6703057139724 
58.87699999995348	974.1999995455245 
58.97799999995325	973.7273889078733 
59.07899999995301	973.2525130359339 
59.17999999995278	972.7754104966215 
59.28099999995254	972.2961192002304 
59.381999999952306	971.8146764116086 
59.48299999995207	971.3311187611486 
59.583999999951835	970.8454822555897 
59.6849999999516	970.3578022886362 
59.785999999951365	969.8681136513936 
59.88699999995113	969.3764505426296 
59.987999999950894	968.8828465788562 
60.08899999995066	968.3920887717079 
60.18999999995042	967.9070854956481 
60.29099999995019	967.4309140690744 
60.39199999994995	966.9627141005628 
60.49299999994972	966.5025160052684 
60.59399999994948	966.0501465336723 
60.694999999949246	965.6054802232189 
60.79599999994901	965.1683843685316 
60.896999999948775	964.7387303624521 
60.99799999994854	964.316391457796 
61.098999999948305	963.9012431161409 
61.19999999994807	963.4931629139929 
61.300999999947834	963.0920305119379 
61.4019999999476	962.697727619806 
61.50299999994736	962.3101379612214 
61.60399999994713	961.9291472395329 
61.70499999994689	961.5546431040414 
61.80599999994666	961.1865151168854 
61.90699999994642	960.8246547204724 
62.007999999946186	960.4689552054635 
62.10899999994595	960.1193116793102 
62.209999999945715	959.7756210353177 
62.31099999994548	959.4377819222431 
62.411999999945245	959.105694714407 
62.51299999994501	958.7792614823129 
62.613999999944774	958.4583859637721 
62.71499999994454	958.1429735355147 
62.8159999999443	957.8329311852854 
62.91699999994407	957.5281674844169 
63.01799999994383	957.2285925608674 
63.1189999999436	956.9341180727181 
63.21999999994336	956.6446571821227 
63.320999999943126	956.3601245296986 
63.42199999994289	956.0804362093561 
63.522999999942655	955.805509743555 
63.62399999994242	955.5352640589822 
63.724999999942185	955.2696194626443 
63.82599999994195	955.0084976183686 
63.926999999941714	954.7518215236986 
64.02799999994167	954.4995154871904 
64.12799999994215	954.2539398381765 
64.22799999994263	954.012504210081 
64.3279999999431	953.7751388086338 
64.42799999994358	953.5417750161863 
64.52799999994406	953.3123453718774 
64.62799999994454	953.0867835521282 
64.72799999994501	952.8650243514741 
64.82799999994549	952.6470036637107 
64.92799999994597	952.4326584633646 
65.02799999994645	952.2219267874732 
65.12799999994692	952.0147477176724 
65.2279999999474	951.8110613625855 
65.32799999994788	951.6108088405125 
65.42799999994836	951.4139322624042 
65.52799999994883	951.220374715132 
65.62799999994931	951.0300802450333 
65.72799999994979	950.8429938417361 
65.82799999995026	950.659061422257 
65.92799999995074	950.4782298153676 
66.02799999995122	950.3004467462231 
66.1279999999517	950.1256608212506 
66.22799999995217	949.9538215132917 
66.32799999995265	949.784879146998 
66.42799999995313	949.6187848844688 
66.52799999995361	949.455490711134 
66.62799999995408	949.2949494218742 
66.72799999995456	949.1371146073755 
66.82799999995504	948.9819406407098 
66.92799999995552	948.8293826641498 
67.027999999956	948.6793965761982 
67.12799999995647	948.5319390188398 
67.22799999995695	948.3869673650091 
67.32799999995743	948.244439706264 
67.4279999999579	948.1043148406746 
67.52799999995838	947.96655226091 
67.62799999995886	947.8311121425314 
67.72799999995934	947.6979553324749 
67.82799999995981	947.5670433377384 
67.92799999996029	947.4383383142501 
68.02799999996077	947.3118030559309 
68.12799999996125	947.1874009839371 
68.22799999996172	947.065096136087 
68.3279999999622	946.9448531564665 
68.42799999996268	946.8266372852046 
68.52799999996316	946.7104143484294 
68.62799999996363	946.596150748385 
68.72799999996411	946.4838134537226 
68.82799999996459	946.3733699899495 
68.92799999996507	946.264788430043 
69.02799999996554	946.1580373852187 
69.12799999996602	946.0530859958583 
69.2279999999665	945.9499039225891 
69.32799999996698	945.8484613375116 
69.42799999996745	945.7487289155791 
69.52799999996793	945.6506778261188 
69.62799999996841	945.5542797244979 
69.72799999996889	945.4595067439291 
69.82799999996936	945.3663314874165 
69.92799999996984	945.2747270198345 
70.02799999997032	945.1846668601406 
70.1279999999708	945.0961249737229 
70.22799999997127	945.0090757648701 
70.32799999997175	944.9234940693766 
70.42799999997223	944.8393551472648 
70.5279999999727	944.7566346756346 
70.62799999997318	944.675308741632 
70.72799999997366	944.5953538355354 
70.82799999997414	944.5167468439619 
70.92799999997462	944.4394650431825 
71.0279999999751	944.3634860925563 
71.12799999997557	944.288788028069 
71.22799999997605	944.2153492559866 
71.32799999997653	944.1431485466103 
71.427999999977	944.0721650281413 
71.52799999997748	944.0023781806478 
71.62799999997796	943.9337678301299 
71.72799999997844	943.8663141426912 
71.82799999997891	943.799997618803 
71.92799999997939	943.7347990876689 
72.02799999997987	943.6706997016812 
72.12799999998035	943.6076809309744 
72.22799999998082	943.5457245580662 
72.3279999999813	943.4848126725935 
72.42799999998178	943.4249276661338 
72.52799999998226	943.3660522271149 
72.62799999998273	943.3081693358098 
72.72799999998321	943.2512622594188 
72.82799999998369	943.1953145472305 
72.92799999998417	943.1403100258664 
73.02799999998464	943.0862327946054 
73.12799999998512	943.0330672207895 
73.2279999999856	942.9807979353009 
73.32799999998608	942.9294098281222 
73.42799999998655	942.878888043966 
73.52799999998703	942.8292179779838 
73.62799999998751	942.780385271541 
73.72799999998799	942.7323758080654 
73.82799999998846	942.6851757089707 
73.92799999998894	942.6387713296403 
74.02799999998942	942.5931492554853 
74.1279999999899	942.5482962980652 
74.22799999999037	942.5041994912759 
74.32799999999085	942.4608460876019 
74.42799999999133	942.4182235544313 
74.5279999999918	942.3763195704308 
74.62799999999228	942.3351220219871 
74.72799999999276	942.2946189997028 
74.82799999999324	942.2547987949544 
74.92799999999372	942.2156498965071 
75.0279999999942	942.1771609871882 
75.12799999999467	942.1393209406143 
75.22799999999515	942.102118817975 
75.32799999999563	942.0655438648723 
75.4279999999961	942.0295855082094 
75.52799999999658	941.9942333531365 
75.62799999999706	941.9594771800432 
75.72799999999754	941.9253069416067 
75.82799999999801	941.8917127598862 
75.92799999999849	941.8586849234679 
76.02799999999897	941.8262138846557 
76.12799999999945	941.794290256715 
76.22799999999992	941.7629048111548 
76.3280000000004	941.7320484750635 
76.42800000000088	941.7017123284835 
76.52800000000136	941.6718876018343 
76.62800000000183	941.6425656733768 
76.72800000000231	941.6137380667207 
76.82800000000279	941.585396448374 
76.92800000000327	941.557532625335 
77.02800000000374	941.5301385427236 
77.12800000000422	941.5032062814508 
77.2280000000047	941.4767280559327 
77.32800000000518	941.4506962118362 
77.42800000000565	941.425103223871 
77.52800000000613	941.3999416936089 
77.62800000000661	941.3752043473485 
77.72800000000709	941.3508840340127 
77.82800000000756	941.3269737230788 
77.92800000000804	941.303466502548 
78.02800000000852	941.280355576948 
78.128000000009	941.2576342653663 
78.22800000000947	941.2352959995206 
78.32800000000995	941.2133343218602 
78.42800000001043	941.1917428836966 
78.5280000000109	941.1705154433727 
78.62800000001138	941.1496458644546 
78.72800000001186	941.1291281139595 
78.82800000001234	941.1089562606105 
78.92800000001282	941.0891244731238 
79.0280000000133	941.0696270185215 
79.12800000001377	941.0504582604744 
79.22800000001425	941.0316126576737 
79.32800000001473	941.0130847622274 
79.4280000000152	940.9948692180872 
79.52800000001568	940.9769607594993 
79.62800000001616	940.9593542094816 
79.72800000001664	940.9420444783291 
79.82800000001711	940.9250265621401 
79.92800000001759	940.9082955413717 
80.02800000001807	940.8918465794154 
80.12800000001855	940.8756749212018 
80.22800000001902	940.8597758918244 
80.3280000000195	940.8441448951868 
80.42800000001998	940.8287774126776 
80.52800000002046	940.8136690018613 
80.62800000002093	940.7988152951943 
80.72800000002141	940.7842119987638 
80.82800000002189	940.7698548910446 
80.92800000002237	940.7557398216816 
81.02800000002284	940.7418627102868 
81.12800000002332	940.728219545261 
81.2280000000238	940.7148063826346 
81.32800000002428	940.701619344928 
81.42800000002475	940.6886546200286 
81.52800000002523	940.6759084600908 
81.62800000002571	940.6633771804517 
81.72800000002619	940.6510571585655 
81.82800000002666	940.638944832958 
81.92800000002714	940.6270367021942 
82.02800000002762	940.6153293238697 
82.1280000000281	940.6038193136118 
82.22800000002857	940.5925033441047 
82.32800000002905	940.5813781441246 
82.42800000002953	940.5704404975963 
82.52800000003	940.559687242662 
82.62800000003048	940.5491152707688 
82.72800000003096	940.5387215257682 
82.82800000003144	940.5285030030334 
82.92800000003191	940.5184567485916 
83.02800000003239	940.5085798582692 
83.12800000003287	940.4988694768525 
83.22800000003335	940.4893227972619 
83.32800000003382	940.4799370597408 
83.4280000000343	940.4707095510581 
83.52800000003478	940.4616376037233 
83.62800000003526	940.4527185952157 
83.72800000003573	940.4439499472259 
83.82800000003621	940.4353291249114 
83.92800000003669	940.4268536361623 
84.02800000003717	940.4185210308831 
84.12800000003764	940.4103289002812 
84.22800000003812	940.402274876174 
84.3280000000386	940.3943566303021 
84.42800000003908	940.3865718736571 
84.52800000003955	940.3789183558205 
84.62800000004003	940.3713938643099 
84.72800000004051	940.3639962239446 
84.82800000004099	940.3567232962125 
84.92800000004146	940.349572978654 
85.02800000004194	940.3425432042529 
85.12800000004242	940.3356319408416 
85.2280000000429	940.3288371905094 
85.32800000004337	940.3221569890289 
85.42800000004385	940.3155894052846 
85.52800000004433	940.3091325407195 
85.6280000000448	940.3027845287806 
85.72800000004528	940.2965435343834 
85.82800000004576	940.2904077533792 
85.92800000004624	940.2843754120354 
86.02800000004672	940.2784447665216 
86.1280000000472	940.2726141024041 
86.22800000004767	940.2668817341543 
86.32800000004815	940.2612460046574 
86.42800000004863	940.2557052847352 
86.5280000000491	940.2502579726754 
86.62800000004958	940.2449024937675 
86.72800000005006	940.2396372998485 
86.82800000005054	940.2344608688544 
86.92800000005101	940.2293717043817 
87.02800000005149	940.2243683352533 
87.12800000005197	940.2194493150945 
87.22800000005245	940.2146132219129 
87.32800000005292	940.20985865769 
87.4280000000534	940.2051842479754 
87.52800000005388	940.2005886414889 
87.62800000005436	940.1960705097323 
87.72800000005483	940.1916285466027 
87.82800000005531	940.1872614680157 
87.92800000005579	940.182968011536 
88.02800000005627	940.1787469360098 
88.12800000005674	940.1745970212071 
88.22800000005722	940.1705170674708 
88.3280000000577	940.1665058953658 
88.42800000005818	940.1625623453417 
88.52800000005865	940.1586852773963 
88.62800000005913	940.1548735707454 
88.72800000005961	940.1511261235008 
88.82800000006009	940.1474418523486 
88.92800000006056	940.1438196922392 
89.02800000006104	940.1402585960775 
89.12800000006152	940.1367575344213 
89.228000000062	940.1333154951826 
89.32800000006247	940.129931483336 
89.42800000006295	940.1266045206302 
89.52800000006343	940.1233336453058 
89.6280000000639	940.1201179118187 
89.72800000006438	940.1169563905623 
89.82800000006486	940.1138481676043 
89.92800000006534	940.1107923444191 
90.02800000006582	940.107788037627 
90.1280000000663	940.1048343787438 
90.22800000006677	940.1019305139242 
90.32800000006725	940.0990756037187 
90.42800000006773	940.0962688228293 
90.5280000000682	940.0935093598708 
90.62800000006868	940.0907964171365 
90.72800000006916	940.088129210369 
90.82800000006964	940.0855069685314 
90.92800000007011	940.082928933585 
91.02800000007059	940.080394360271 
91.12800000007107	940.0779025158944 
91.22800000007155	940.0754526801128 
91.32800000007202	940.073044144726 
91.4280000000725	940.0706762134747 
91.52800000007298	940.0683482018363 
91.62800000007346	940.0660594368294 
91.72800000007393	940.0638092568161 
91.82800000007441	940.0615970113151 
91.92800000007489	940.0594220608089 
92.02800000007537	940.0572837765624 
92.12800000007584	940.0551815404406 
92.22800000007632	940.053114744728 
92.3280000000768	940.0510827919552 
92.42800000007728	940.0490850947244 
92.52800000007775	940.0471210755406 
92.62800000007823	940.0451901666453 
92.72800000007871	940.0432918098503 
92.82800000007919	940.0414254563788 
92.92800000007966	940.0395905667041 
93.02800000008014	940.0377866103963 
93.12800000008062	940.0360130659676 
93.2280000000811	940.0342694207208 
93.32800000008157	940.0325551706015 
93.42800000008205	940.0308698200565 
93.52800000008253	940.0292128818824 
93.628000000083	940.027583877091 
93.72800000008348	940.02598233477 
93.82800000008396	940.0244077919451 
93.92800000008444	940.0228597934463 
94.02800000008492	940.0213378917786 
94.1280000000854	940.0198416469899 
94.22800000008587	940.0183706265459 
94.32800000008635	940.0169244052029 
94.42800000008683	940.0155025648872 
94.5280000000873	940.014104694573 
94.62800000008778	940.0127303901629 
94.72800000008826	940.0113792543743 
94.82800000008874	940.0100508966186 
94.92800000008921	940.0087449328953 
95.02800000008969	940.007460985675 
95.12800000009017	940.0061986837948 
95.22800000009065	940.0049576623478 
95.32800000009112	940.0037375625789 
95.4280000000916	940.0025380317819 
95.52800000009208	940.0013587231957 
95.62800000009256	940.0001992959058 
95.72800000009303	939.9990594147446 
95.82800000009351	939.997938750195 
95.92800000009399	939.9968369782948 
96.02800000009447	939.9957537805434 
96.12800000009494	939.9946888438108 
96.22800000009542	939.9936418602434 
96.3280000000959	939.99261252718 
96.42800000009638	939.9916005470601 
96.52800000009685	939.9906056273398 
96.62800000009733	939.989627480409 
96.72800000009781	939.9886658235035 
96.82800000009829	939.9877203786276 
96.92800000009876	939.9867908724718 
97.02800000009924	939.9858770363348 
97.12800000009972	939.9849786060439 
97.2280000001002	939.984095321881 
97.32800000010067	939.9832269285063 
97.42800000010115	939.9823731748838 
97.52800000010163	939.9815338142112 
97.6280000001021	939.9807086038444 
97.72800000010258	939.979897305233 
97.82800000010306	939.9790996838453 
97.92800000010354	939.9783155091056 
98.02800000010402	939.9775445543243 
98.12800000010449	939.9767865966329 
98.22800000010497	939.9760414169216 
98.32800000010545	939.9753087997736 
98.42800000010592	939.9745885334033 
98.5280000001064	939.9738804095963 
98.62800000010688	939.973184223648 
98.72800000010736	939.9724997743044 
98.82800000010783	939.9718268637052 
98.92800000010831	939.9711652973251 
99.02800000010879	939.9705148839182 
99.12800000010927	939.9698754354631 
99.22800000010974	939.9692467671076 
99.32800000011022	939.968628697116 
99.4280000001107	939.968021046817 
99.52800000011118	939.9674236405504 
99.62800000011165	939.9668363056181 
99.72800000011213	939.966258872233 
99.82800000011261	939.9656911734709 
99.92800000011309	939.9651330452208 
