0.001	1003.6313620396567 
0.10100000000000008	1003.6314142883492 
0.20100000000000015	1003.6313988238643 
0.3010000000000002	1003.6314043925815 
0.4010000000000003	1003.6314039864544 
0.5020000000000003	1003.6314051585495 
0.6020000000000004	1003.6314059074347 
0.7020000000000005	1003.6314067392199 
0.8020000000000006	1003.6314075346929 
0.9020000000000007	1003.6314083217736 
1.0030000000000003	1003.6314091021623 
1.1039999999999892	1003.6314098694863 
1.204999999999978	1003.6314106237043 
1.305999999999967	1003.6314113650894 
1.4069999999999558	1003.6314120938504 
1.5079999999999447	1003.6314128102038 
1.6089999999999336	1003.6314135143612 
1.7099999999999225	1003.6314142065297 
1.8109999999999113	1003.6314148869136 
1.9119999999999002	1003.6314155557137 
2.0129999999998893	1003.6314162131273 
2.113999999999878	1003.6314168593476 
2.214999999999867	1003.6314174945662 
2.315999999999856	1003.6314181189691 
2.416999999999845	1003.6314187327416 
2.5179999999998337	1003.6314193360646 
2.6189999999998226	1003.6314199291152 
2.7199999999998115	1003.6314205120688 
2.8209999999998003	1003.6314210850975 
2.921999999999789	1003.6314216483698 
3.022999999999778	1003.6314222020519 
3.123999999999767	1003.631422746308 
3.224999999999756	1003.6314232812973 
3.3259999999997447	1003.6314238071784 
3.4269999999997336	1003.6314243241059 
3.5279999999997225	1003.6314248322326 
3.6289999999997113	1003.6314253317075 
3.7299999999997	1003.6314258226789 
3.830999999999689	1003.6314263052909 
3.931999999999678	1003.6314267796885 
4.031999999999681	1003.6314272414279 
4.131999999999715	1003.6314276953849 
4.231999999999748	1003.6314281416885 
4.331999999999781	1003.6314285804682 
4.431999999999815	1003.6314290118507 
4.531999999999848	1003.631429435961 
4.6319999999998815	1003.6314298529211 
4.731999999999915	1003.6314302628514 
4.831999999999948	1003.6314306658724 
4.931999999999982	1003.631431062098 
5.032000000000015	1003.6314314516443 
5.1320000000000485	1003.6314318346233 
5.232000000000082	1003.6314322111458 
5.332000000000115	1003.6314325813208 
5.432000000000149	1003.6314329452551 
5.532000000000182	1003.6314333030543 
5.6320000000002155	1003.6314336548213 
5.732000000000249	1003.6314340006579 
5.832000000000282	1003.6314343406639 
5.932000000000316	1003.6314346749402 
6.032000000000349	1003.6314350035792 
6.1320000000003825	1003.6314353266786 
6.232000000000416	1003.6314356443305 
6.332000000000449	1003.6314359566277 
6.432000000000483	1003.6314362636595 
6.532000000000516	1003.6314365655157 
6.6320000000005495	1003.6314368622825 
6.732000000000583	1003.6314371540466 
6.832000000000616	1003.631437440892 
6.93200000000065	1003.6314377229015 
7.032000000000683	1003.6314380001564 
7.132000000000716	1003.6314382727362 
7.23200000000075	1003.6314385407254 
7.332000000000783	1003.631438804193 
7.432000000000817	1003.63143906322 
7.53200000000085	1003.6314393178797 
7.632000000000883	1003.6314395682463 
7.732000000000917	1003.631439814392 
7.83200000000095	1003.6314400563882 
7.932000000000984	1003.6314402943044 
8.032000000000988	1003.6314405282106 
8.133000000000932	1003.6314407604523 
8.234000000000876	1003.6314409887403 
8.33500000000082	1003.631441213142 
8.436000000000764	1003.6314414337228 
8.537000000000708	1003.6314416505481 
8.638000000000652	1003.6314418636816 
8.739000000000596	1003.631442073186 
8.84000000000054	1003.6314422791228 
8.941000000000484	1003.6314424815574 
9.042000000000428	1003.6314426805426 
9.143000000000372	1003.6314428761409 
9.244000000000316	1003.6314430684083 
9.34500000000026	1003.6314432574021 
9.446000000000204	1003.6314434431783 
9.547000000000148	1003.6314436257915 
9.648000000000092	1003.6314438052962 
9.749000000000036	1003.6314439817439 
9.84999999999998	1003.6314441551879 
9.950999999999924	1003.6314443256781 
10.051999999999868	1003.6314444932667 
10.152999999999812	1003.6314446580017 
10.253999999999756	1003.6314448199317 
10.3549999999997	1003.6314449791048 
10.455999999999644	1003.6314451355684 
10.556999999999588	1003.6314452893672 
10.657999999999532	1003.6314454405484 
10.758999999999476	1003.6314455891551 
10.85999999999942	1003.6314457352312 
10.960999999999364	1003.631445878821 
11.061999999999308	1003.631446019965 
11.162999999999252	1003.6314461587068 
11.263999999999196	1003.6314462950859 
11.36499999999914	1003.6314464291446 
11.465999999999084	1003.6314465609207 
11.566999999999029	1003.6314466904525 
11.667999999998973	1003.6314468177795 
11.768999999998917	1003.6314469429383 
11.86999999999886	1003.6314470659663 
11.970999999998805	1003.6314471868994 
12.071999999998749	1003.6314473057743 
12.172999999998693	1003.631447422624 
12.273999999998637	1003.631447537485 
12.37499999999858	1003.6314476503907 
12.475999999998525	1003.6314477613737 
12.576999999998469	1003.6314478704672 
12.677999999998413	1003.6314479777031 
12.778999999998357	1003.6314480831135 
12.8799999999983	1003.6314481867289 
12.980999999998245	1003.6314482885812 
13.081999999998189	1003.6314483886987 
13.182999999998133	1003.6314484871117 
13.283999999998077	1003.6314485838492 
13.384999999998021	1003.6314486789394 
13.485999999997965	1003.6314487724107 
13.586999999997909	1003.6314488642905 
13.687999999997853	1003.6314489546065 
13.788999999997797	1003.6314490433844 
13.889999999997741	1003.631449130651 
13.990999999997685	1003.6314492164314 
14.091999999997629	1003.6314493007516 
14.192999999997573	1003.6314493836363 
14.293999999997517	1003.6314494651098 
14.394999999997461	1003.6314495451959 
14.495999999997405	1003.6314496239188 
14.59699999999735	1003.6314497013009 
14.697999999997293	1003.6314497773658 
14.798999999997237	1003.6314498521357 
14.899999999997181	1003.6314499256326 
15.000999999997125	1003.631449997877 
15.10199999999707	1003.6314500688914 
15.202999999997013	1003.631450138697 
15.303999999996957	1003.6314502073146 
15.404999999996901	1003.6314502747659 
15.505999999996845	1003.6314503410682 
15.60699999999679	1003.6314504062412 
15.707999999996733	1003.6314504703053 
15.808999999996677	1003.6314505332782 
15.909999999996622	1003.6314505951788 
16.010999999996585	1003.6314506560251 
16.110999999996707	1003.6314507152483 
16.21099999999683	1003.6314507734735 
16.31099999999695	1003.6314508307171 
16.410999999997074	1003.6314508869954 
16.510999999997196	1003.6314509423248 
16.61099999999732	1003.6314509967214 
16.71099999999744	1003.6314510502015 
16.810999999997563	1003.6314511027794 
16.910999999997685	1003.6314511544712 
17.010999999997807	1003.6314512052909 
17.11099999999793	1003.6314512552549 
17.21099999999805	1003.6314513043758 
17.310999999998174	1003.631451352669 
17.410999999998296	1003.6314514001481 
17.51099999999842	1003.6314514468262 
17.61099999999854	1003.6314514927177 
17.710999999998663	1003.6314515378352 
17.810999999998785	1003.6314515821931 
17.910999999998907	1003.6314516258028 
18.01099999999903	1003.6314516686771 
18.11099999999915	1003.6314517108285 
18.210999999999274	1003.6314517522694 
18.310999999999396	1003.6314517930114 
18.410999999999518	1003.6314518330671 
18.51099999999964	1003.6314518724471 
18.610999999999763	1003.6314519111633 
18.710999999999885	1003.6314519492266 
18.811000000000007	1003.6314519866484 
18.91100000000013	1003.6314520234394 
19.01100000000025	1003.6314520596098 
19.111000000000374	1003.6314520951704 
19.211000000000496	1003.6314521301314 
19.311000000000618	1003.6314521645035 
19.41100000000074	1003.6314521982954 
19.511000000000863	1003.631452231519 
19.611000000000985	1003.631452264182 
19.711000000001107	1003.6314522962942 
19.81100000000123	1003.6314523278655 
19.91100000000135	1003.6314523589043 
20.011000000001474	1003.6314523894197 
20.111000000001596	1003.6314524194206 
20.211000000001718	1003.6314524489158 
20.31100000000184	1003.6314524779134 
20.411000000001962	1003.6314525064228 
20.511000000002085	1003.6314525344511 
20.611000000002207	1003.6314525620069 
20.71100000000233	1003.6314525890981 
20.81100000000245	1003.6314526157329 
20.911000000002574	1003.6314526419186 
21.011000000002696	1003.6314526676626 
21.111000000002818	1003.6314526929726 
21.21100000000294	1003.631452717856 
21.311000000003062	1003.63145274232 
21.411000000003185	1003.6314527663714 
21.511000000003307	1003.6314527900171 
21.61100000000343	1003.6314528132641 
21.71100000000355	1003.6314528361197 
21.811000000003673	1003.6314528585899 
21.911000000003796	1003.631452880682 
22.011000000003918	1003.6314529024008 
22.11100000000404	1003.6314529237537 
22.211000000004162	1003.6314529447468 
22.311000000004285	1003.6314529653857 
22.411000000004407	1003.6314529856767 
22.51100000000453	1003.6314530056255 
22.61100000000465	1003.6314530252382 
22.711000000004773	1003.63145304452 
22.811000000004896	1003.6314530634769 
22.911000000005018	1003.6314530821143 
23.01100000000514	1003.6314531004372 
23.111000000005262	1003.6314531184514 
23.211000000005384	1003.6314531361619 
23.311000000005507	1003.6314531535736 
23.41100000000563	1003.6314531706919 
23.51100000000575	1003.6314531875214 
23.611000000005873	1003.6314532040677 
23.711000000005996	1003.6314532203348 
23.811000000006118	1003.6314532363277 
23.91100000000624	1003.6314532520512 
24.011000000006362	1003.6314532675094 
24.111000000006484	1003.631453282707 
24.211000000006607	1003.6314532976481 
24.31100000000673	1003.6314533123376 
24.41100000000685	1003.6314533267795 
24.511000000006973	1003.6314533409776 
24.611000000007095	1003.6314533549365 
24.711000000007218	1003.6314533686601 
24.81100000000734	1003.6314533821525 
24.911000000007462	1003.6314533954177 
25.011000000007584	1003.6314534084589 
25.111000000007706	1003.6314534212803 
25.21100000000783	1003.6314534338857 
25.31100000000795	1003.6314534462784 
25.411000000008073	1003.631453458462 
25.511000000008195	1003.6314534704404 
25.611000000008318	1003.6314534822167 
25.71100000000844	1003.6314534937945 
25.811000000008562	1003.6314535051771 
25.911000000008684	1003.631453516368 
26.011000000008806	1003.6314535273701 
26.11100000000893	1003.6314535381867 
26.21100000000905	1003.6314535488208 
26.311000000009173	1003.6314535592758 
26.411000000009295	1003.6314535695545 
26.511000000009417	1003.6314535796598 
26.61100000000954	1003.6314535895948 
26.711000000009662	1003.6314535993623 
26.811000000009784	1003.6314536089652 
26.911000000009906	1003.6314536184065 
27.01100000001003	1003.6314536276884 
27.11100000001015	1003.6314536368138 
27.211000000010273	1003.6314536457857 
27.311000000010395	1003.631453654606 
27.411000000010517	1003.6314536632777 
27.51100000001064	1003.6314536718032 
27.611000000010762	1003.6314536801849 
27.711000000010884	1003.6314536884254 
27.811000000011006	1003.6314536965268 
27.91100000001113	1003.6314537044918 
28.01100000001125	1003.6314537123224 
28.111000000011373	1003.631453720021 
28.211000000011495	1003.6314537275895 
28.311000000011617	1003.6314537350306 
28.41100000001174	1003.6314537423465 
28.51100000001186	1003.6314537495388 
28.611000000011984	1003.6314537566096 
28.711000000012106	1003.6314537635615 
28.81100000001223	1003.631453770396 
28.91100000001235	1003.6314537771152 
29.011000000012473	1003.6314537837212 
29.111000000012595	1003.6314537902159 
29.211000000012717	1003.631453796601 
29.31100000001284	1003.6314538028786 
29.41100000001296	1003.6314538090502 
29.511000000013084	1003.6314538151177 
29.611000000013206	1003.6314538210829 
29.71100000001333	1003.6314538269478 
29.81100000001345	1003.6314538327135 
29.911000000013573	1003.6314538383823 
30.011000000013695	1003.6314538439551 
30.111000000013817	1003.6314538494344 
30.21100000001394	1003.6314538548211 
30.31100000001406	1003.631453860117 
30.411000000014184	1003.6314538653238 
30.511000000014306	1003.631453870443 
30.61100000001443	1003.6314538754755 
30.71100000001455	1003.6314538804236 
30.811000000014673	1003.6314538852879 
30.911000000014795	1003.6314538900705 
31.011000000014917	1003.6314538947724 
31.11100000001504	1003.6314538993951 
31.21100000001516	1003.6314539039399 
31.311000000015284	1003.631453908408 
31.411000000015406	1003.6314539128008 
31.511000000015528	1003.6314539171196 
31.61100000001565	1003.6314539213656 
31.711000000015773	1003.6314539255401 
31.811000000015895	1003.631453929644 
31.911000000016017	1003.6314539336786 
32.0110000000161	1003.6314539376452 
32.11200000001586	1003.6314539415836 
32.213000000015626	1003.6314539454548 
32.31400000001539	1003.6314539492604 
32.415000000015155	1003.6314539530008 
32.51600000001492	1003.631453956678 
32.617000000014684	1003.6314539602919 
32.71800000001445	1003.6314539638446 
32.81900000001421	1003.6314539673365 
32.92000000001398	1003.6314539707689 
33.02100000001374	1003.6314539741428 
33.12200000001351	1003.6314539774593 
33.22300000001327	1003.6314539807195 
33.32400000001304	1003.6314539839238 
33.4250000000128	1003.6314539870735 
33.526000000012566	1003.63145399017 
33.62700000001233	1003.6314539932135 
33.728000000012095	1003.6314539962051 
33.82900000001186	1003.6314539991453 
33.930000000011624	1003.631454002036 
34.03100000001139	1003.6314540048771 
34.13200000001115	1003.6314540076697 
34.23300000001092	1003.6314540104149 
34.33400000001068	1003.6314540131135 
34.43500000001045	1003.631454015766 
34.53600000001021	1003.6314540183735 
34.63700000000998	1003.6314540209362 
34.73800000000974	1003.6314540234556 
34.839000000009506	1003.6314540259315 
34.94000000000927	1003.6314540283654 
35.041000000009035	1003.6314540307579 
35.1420000000088	1003.6314540331095 
35.243000000008564	1003.6314540354215 
35.34400000000833	1003.6314540376936 
35.44500000000809	1003.631454039927 
35.54600000000786	1003.6314540421228 
35.64700000000762	1003.631454044281 
35.74800000000739	1003.6314540464022 
35.84900000000715	1003.6314540484876 
35.950000000006916	1003.6314540505374 
36.05100000000668	1003.631454052552 
36.152000000006446	1003.6314540545322 
36.25300000000621	1003.6314540564789 
36.354000000005975	1003.6314540583925 
36.45500000000574	1003.6314540602735 
36.556000000005504	1003.6314540621222 
36.65700000000527	1003.6314540639391 
36.75800000000503	1003.6314540657253 
36.8590000000048	1003.6314540674814 
36.96000000000456	1003.6314540692069 
37.06100000000433	1003.6314540709042 
37.16200000000409	1003.6314540725712 
37.263000000003856	1003.6314540742111 
37.36400000000362	1003.6314540758223 
37.465000000003386	1003.6314540774059 
37.56600000000315	1003.6314540789632 
37.667000000002915	1003.6314540804933 
37.76800000000268	1003.6314540819976 
37.869000000002444	1003.6314540834765 
37.97000000000221	1003.6314540849302 
38.07100000000197	1003.6314540863585 
38.17200000000174	1003.6314540877623 
38.2730000000015	1003.6314540891427 
38.37400000000127	1003.6314540904991 
38.47500000000103	1003.631454091833 
38.576000000000796	1003.6314540931436 
38.67700000000056	1003.6314540944322 
38.778000000000326	1003.6314540956993 
38.87900000000009	1003.6314540969443 
38.979999999999855	1003.6314540981679 
39.08099999999962	1003.6314540993702 
39.181999999999384	1003.6314541005529 
39.28299999999915	1003.6314541017153 
39.38399999999891	1003.6314541028581 
39.48499999999868	1003.6314541039806 
39.58599999999844	1003.6314541050854 
39.68699999999821	1003.63145410617 
39.78799999999797	1003.631454107237 
39.888999999997736	1003.6314541082864 
39.9899999999975	1003.6314541093165 
40.090999999997265	1003.6314541103304 
40.19199999999703	1003.6314541113254 
40.292999999996795	1003.6314541123052 
40.39399999999656	1003.6314541132663 
40.494999999996324	1003.6314541142124 
40.59599999999609	1003.6314541151415 
40.69699999999585	1003.631454116055 
40.79799999999562	1003.6314541169538 
40.89899999999538	1003.6314541178356 
40.99999999999515	1003.631454118703 
41.10099999999491	1003.6314541195567 
41.201999999994676	1003.6314541203949 
41.30299999999444	1003.6314541212182 
41.403999999994205	1003.6314541220279 
41.50499999999397	1003.6314541228244 
41.605999999993735	1003.6314541236073 
41.7069999999935	1003.6314541243764 
41.807999999993264	1003.631454125132 
41.90899999999303	1003.6314541258752 
42.00999999999279	1003.6314541266051 
42.11099999999256	1003.6314541273234 
42.21199999999232	1003.6314541280292 
42.31299999999209	1003.6314541287231 
42.41399999999185	1003.6314541294055 
42.514999999991616	1003.6314541300759 
42.61599999999138	1003.6314541307354 
42.716999999991145	1003.6314541313833 
42.81799999999091	1003.6314541320204 
42.918999999990675	1003.6314541326469 
43.01999999999044	1003.6314541332624 
43.120999999990204	1003.6314541338679 
43.22199999998997	1003.6314541344631 
43.32299999998973	1003.6314541350487 
43.4239999999895	1003.6314541356229 
43.52499999998926	1003.6314541361872 
43.62599999998903	1003.6314541367424 
43.72699999998879	1003.6314541372885 
43.827999999988556	1003.6314541378256 
43.92899999998832	1003.6314541383538 
44.029999999988085	1003.631454138871 
44.13099999998785	1003.6314541393803 
44.231999999987615	1003.6314541398815 
44.33299999998738	1003.6314541403752 
44.433999999987144	1003.6314541408575 
44.53499999998691	1003.6314541413324 
44.63599999998667	1003.6314541418008 
44.73699999998644	1003.63145414226 
44.8379999999862	1003.6314541427104 
44.93899999998597	1003.6314541431547 
45.03999999998573	1003.631454143591 
45.140999999985496	1003.6314541440186 
45.24199999998526	1003.6314541444408 
45.342999999985025	1003.6314541448542 
45.44399999998479	1003.6314541452607 
45.544999999984555	1003.6314541456626 
45.64599999998432	1003.6314541460536 
45.746999999984084	1003.6314541464412 
45.84799999998385	1003.6314541468201 
45.94899999998361	1003.6314541471932 
46.04999999998338	1003.6314541475606 
46.15099999998314	1003.63145414792 
46.25199999998291	1003.6314541482759 
46.35299999998267	1003.6314541486229 
46.453999999982436	1003.6314541489674 
46.5549999999822	1003.6314541493023 
46.655999999981965	1003.6314541496353 
46.75699999998173	1003.631454149959 
46.857999999981494	1003.6314541502805 
46.95899999998126	1003.6314541505942 
47.059999999981024	1003.6314541509042 
47.16099999998079	1003.6314541512087 
47.26199999998055	1003.6314541515072 
47.36299999998032	1003.631454151803 
47.46399999998008	1003.6314541520902 
47.56499999997985	1003.6314541523773 
47.66599999997961	1003.6314541526541 
47.766999999979376	1003.6314541529297 
47.86799999997914	1003.6314541532005 
47.968999999978905	1003.6314541534646 
48.06999999997867	1003.6314541537287 
48.170999999978434	1003.6314541539829 
48.2719999999782	1003.6314541542355 
48.372999999977964	1003.6314541544856 
48.47399999997773	1003.631454154727 
48.57499999997749	1003.6314541549681 
48.67599999997726	1003.6314541552051 
48.77699999997702	1003.6314541554348 
48.87799999997679	1003.6314541556644 
48.97899999997655	1003.6314541558891 
49.079999999976316	1003.6314541561072 
49.18099999997608	1003.6314541563254 
49.281999999975845	1003.63145415654 
49.38299999997561	1003.6314541567467 
49.483999999975374	1003.6314541569534 
49.58499999997514	1003.6314541571586 
49.685999999974904	1003.6314541573548 
49.78699999997467	1003.63145415755 
49.88799999997443	1003.6314541577452 
49.9889999999742	1003.6314541579342 
50.08999999997396	1003.6226631944355 
50.19099999997373	1003.601637130335 
50.29199999997349	1003.5707514143104 
50.392999999973256	1003.5298316811751 
50.49399999997302	1003.4790822009161 
50.594999999972785	1003.4186732537611 
50.69599999997255	1003.3487662336543 
50.796999999972314	1003.2695240673102 
50.89799999997208	1003.1811053079065 
50.99899999997184	1003.0836662996066 
51.09999999997161	1002.9773605894378 
51.20099999997137	1002.8623391449345 
51.30199999997114	1002.7387503548962 
51.4029999999709	1002.6067400836622 
51.50399999997067	1002.466451711719 
51.60499999997043	1002.318026178508 
51.705999999970196	1002.1616020238781 
51.80699999996996	1001.9973154289611 
51.907999999969725	1001.8253002563247 
52.00899999996949	1001.6456880894506 
52.109999999969254	1001.458608271536 
52.21099999996902	1001.264187943635 
52.31199999996878	1001.0625520821538 
52.41299999996855	1000.853823535701 
52.51399999996831	1000.6381230613191 
52.61499999996808	1000.4155693600909 
52.71599999996784	1000.1862791121465 
52.81699999996761	999.9503670110679 
52.91799999996737	999.7079457977147 
53.018999999967136	999.4591262934671 
53.1199999999669	999.2040174329085 
53.220999999966665	998.9427262959473 
53.32199999996643	998.6753581393963 
53.422999999966194	998.4020164280097 
53.52399999996596	998.1228028649945 
53.62499999996572	997.8378174220026 
53.72599999996549	997.5471583686107 
53.82699999996525	997.2509223012995 
53.92799999996502	996.949204171939 
54.02899999996478	996.6420973157892 
54.12999999996455	996.3296934790236 
54.23099999996431	996.0120828457838 
54.331999999964076	995.6893540647753 
54.43299999996384	995.3615942754083 
54.533999999963605	995.0288891334939 
54.63499999996337	994.6913228365036 
54.735999999963134	994.348978148399 
54.8369999999629	994.0019364240378 
54.93799999996266	993.650277633164 
55.03899999996243	993.2940803839911 
55.13999999996219	992.9334219463818 
55.24099999996196	992.5683782746357 
55.34199999996172	992.199024029887 
55.442999999961486	991.825432602121 
55.54399999996125	991.4476761318145 
55.644999999961016	991.0658255312136 
55.74599999996078	990.6799505052412 
55.846999999960545	990.290119572055 
55.94799999996031	989.8964000832502 
56.048999999960074	989.4988582437238 
56.14999999995984	989.0975591311947 
56.2509999999596	988.6925667153977 
56.35199999995937	988.283943876945 
56.45299999995913	987.871752425871 
56.5539999999589	987.4560531198587 
56.65499999995866	987.036905682156 
56.755999999958426	986.614368819188 
56.85699999995819	986.18850023787 
56.957999999957956	985.7593566626233 
57.05899999995772	985.3269938521033 
57.159999999957485	984.8914666156435 
57.26099999995725	984.4528288294138 
57.361999999957014	984.0111334523145 
57.46299999995678	983.5664325415893 
57.56399999995654	983.1187772681764 
57.66499999995631	982.6682179318003 
57.76599999995607	982.2148039758036 
57.86699999995584	981.7585840017273 
57.9679999999556	981.2996057836432 
58.068999999955366	980.8379162822424 
58.16999999995513	980.3735616586829 
58.270999999954896	979.9065872882029 
58.37199999995466	979.4370377734998 
58.472999999954425	978.9649569578862 
58.57399999995419	978.4903879382157 
58.674999999953954	978.0133730775942 
58.77599999995372	977.5339540178702 
58.87699999995348	977.0521716919168 
58.97799999995325	976.5680663357007 
59.07899999995301	976.0816775001487 
59.17999999995278	975.5930440628096 
59.28099999995254	975.1022042393207 
59.381999999952306	974.609195594675 
59.48299999995207	974.1140550543 
59.583999999951835	973.6168189149477 
59.6849999999516	973.1175228553951 
59.785999999951365	972.6162019469696 
59.88699999995113	972.112890663887 
59.987999999950894	971.607622893422 
60.08899999995066	971.1090504125111 
60.18999999995042	970.6209162283706 
60.29099999995019	970.1407573319098 
60.39199999994995	969.6688137675083 
60.49299999994972	969.2049047798153 
60.59399999994948	968.7488922280368 
60.694999999949246	968.3006444216087 
60.79599999994901	967.8600280020253 
60.896999999948775	967.4269134144181 
60.99799999994854	967.0011728294867 
61.098999999948305	966.5826807284877 
61.19999999994807	966.1713136949214 
61.300999999947834	965.7669504220329 
61.4019999999476	965.3694716664066 
61.50299999994736	964.978760215253 
61.60399999994713	964.5947008513043 
61.70499999994689	964.2171803189534 
61.80599999994666	963.8460872908303 
61.90699999994642	963.481312334977 
62.007999999946186	963.1227478825803 
62.10899999994595	962.7702881962452 
62.209999999945715	962.4238293388182 
62.31099999994548	962.0832691427356 
62.411999999945245	961.7485071798942 
62.51299999994501	961.4194447320377 
62.613999999944774	961.0959847616459 
62.71499999994454	960.7780318833162 
62.8159999999443	960.4654923356385 
62.91699999994407	960.158273953545 
63.01799999994383	959.8562861411299 
63.1189999999436	959.5594398449366 
63.21999999994336	959.2676475276932 
63.320999999943126	958.9808231425008 
63.42199999994289	958.6988821074585 
63.522999999942655	958.4217412807217 
63.62399999994242	958.1493189359813 
63.724999999942185	957.8815347383684 
63.82599999994195	957.6183097207587 
63.926999999941714	957.3595662604911 
64.02799999994167	957.1052280564741 
64.12799999994215	956.857674449018 
64.22799999994263	956.6142942077628 
64.3279999999431	956.3750169762884 
64.42799999994358	956.139773584275 
64.52799999994406	955.9084960275051 
64.62799999994454	955.6811174482059 
64.72799999994501	955.457572115723 
64.82799999994549	955.2377954075167 
64.92799999994597	955.0217237904831 
65.02799999994645	954.809294802586 
65.12799999994692	954.6004470348024 
65.2279999999474	954.395120113368 
65.32799999994788	954.1932546823266 
65.42799999994836	953.9947923863701 
65.52799999994883	953.7996758539697 
65.62799999994931	953.6078486807908 
65.72799999994979	953.4192554133879 
65.82799999995026	953.233841533172 
65.92799999995074	953.0515534406543 
66.02799999995122	952.8723384399487 
66.1279999999517	952.6961447235386 
66.22799999995217	952.5229213573023 
66.32799999995265	952.3526182657861 
66.42799999995313	952.1851862177309 
66.52799999995361	952.0205768118396 
66.62799999995408	951.8587424627848 
66.72799999995456	951.699636387454 
66.82799999995504	951.5432125914238 
66.92799999995552	951.389425855665 
67.027999999956	951.2382317234711 
67.12799999995647	951.0895864876051 
67.22799999995695	950.9434471776659 
67.32799999995743	950.7997715476663 
67.4279999999579	950.6585180638205 
67.52799999995838	950.5196458925363 
67.62799999995886	950.3831148886131 
67.72799999995934	950.2488855836342 
67.82799999995981	950.1169191745607 
67.92799999996029	949.9871775125098 
68.02799999996077	949.8596230917311 
68.12799999996125	949.7342190387612 
68.22799999996172	949.6109291017657 
68.3279999999622	949.4897176400597 
68.42799999996268	949.370549613804 
68.52799999996316	949.2533905738769 
68.62799999996363	949.1382066519146 
68.72799999996411	949.0249645505206 
68.82799999996459	948.9136315336408 
68.92799999996507	948.8041754171 
69.02799999996554	948.6965645592966 
69.12799999996602	948.5907678520581 
69.2279999999665	948.4867547116462 
69.32799999996698	948.3844950699172 
69.42799999996745	948.2839593656284 
69.52799999996793	948.1851185358951 
69.62799999996841	948.0879440077849 
69.72799999996889	947.9924076900626 
69.82799999996936	947.8984819650648 
69.92799999996984	947.8061396807213 
70.02799999997032	947.7153541427019 
70.1279999999708	947.6260991067007 
70.22799999997127	947.5383487708506 
70.32799999997175	947.4520777682624 
70.42799999997223	947.3672611596947 
70.5279999999727	947.2838744263407 
70.62799999997318	947.2018934627433 
70.72799999997366	947.1212945698261 
70.82799999997414	947.042054448041 
70.92799999997462	946.9641501906342 
71.0279999999751	946.8875592770249 
71.12799999997557	946.8122595662919 
71.22799999997605	946.7382292907774 
71.32799999997653	946.6654470497905 
71.427999999977	946.5938918034235 
71.52799999997748	946.5235428664695 
71.62799999997796	946.4543799024387 
71.72799999997844	946.386382917686 
71.82799999997891	946.3195322556259 
71.92799999997939	946.2538085910527 
72.02799999997987	946.1891929245535 
72.12799999998035	946.1256665770164 
72.22799999998082	946.0632111842284 
72.3279999999813	946.0018086915701 
72.42799999998178	945.9414413487931 
72.52799999998226	945.882091704892 
72.62799999998273	945.8237426030573 
72.72799999998321	945.7663771757155 
72.82799999998369	945.7099788396558 
72.92799999998417	945.6545312912331 
73.02799999998464	945.6000185016566 
73.12799999998512	945.5464247123559 
73.2279999999856	945.4937344304253 
73.32799999998608	945.4419324241452 
73.42799999998655	945.3910037185788 
73.52799999998703	945.340933591244 
73.62799999998751	945.2917075678561 
73.72799999998799	945.243311418144 
73.82799999998846	945.1957311517369 
73.92799999998894	945.1489530141197 
74.02799999998942	945.1029634826571 
74.1279999999899	945.0577492626843 
74.22799999999037	945.0132972836641 
74.32799999999085	944.969594695406 
74.42799999999133	944.926628864357 
74.5279999999918	944.8843873699427 
74.62799999999228	944.8428580009823 
74.72799999999276	944.8020287521558 
74.82799999999324	944.7618878205336 
74.92799999999372	944.7224236021657 
75.0279999999942	944.6836246887262 
75.12799999999467	944.6454798642156 
75.22799999999515	944.6079781017191 
75.32799999999563	944.5711085602171 
75.4279999999961	944.5348605814545 
75.52799999999658	944.4992236868568 
75.62799999999706	944.4641875745012 
75.72799999999754	944.4297421161402 
75.82799999999801	944.3958773542723 
75.92799999999849	944.3625834992638 
76.02799999999897	944.3298509265188 
76.12799999999945	944.2976701736975 
76.22799999999992	944.26603193798 
76.3280000000004	944.2349270733774 
76.42800000000088	944.2043465880876 
76.52800000000136	944.1742816418964 
76.62800000000183	944.144723543623 
76.72800000000231	944.1156637486031 
76.82800000000279	944.0870938562258 
76.92800000000327	944.0590056074992 
77.02800000000374	944.031390882665 
77.12800000000422	944.0042416988523 
77.2280000000047	943.9775502077681 
77.32800000000518	943.95130869343 
77.42800000000565	943.9255095699347 
77.52800000000613	943.9001453792646 
77.62800000000661	943.8752087891332 
77.72800000000709	943.8506925908665 
77.82800000000756	943.8265896973146 
77.92800000000804	943.8028931408076 
78.02800000000852	943.779596071139 
78.128000000009	943.7566917535866 
78.22800000000947	943.7341735669644 
78.32800000000995	943.7120350017094 
78.42800000001043	943.6902696579999 
78.5280000000109	943.6688712439044 
78.62800000001138	943.6478335735657 
78.72800000001186	943.6271505654075 
78.82800000001234	943.6068162403811 
78.92800000001282	943.5868247202355 
79.0280000000133	943.5671702258163 
79.12800000001377	943.547847075398 
79.22800000001425	943.5288496830392 
79.32800000001473	943.5101725569696 
79.4280000000152	943.4918102980006 
79.52800000001568	943.4737575979656 
79.62800000001616	943.4560092381869 
79.72800000001664	943.438560087963 
79.82800000001711	943.4214051030903 
79.92800000001759	943.404539324401 
80.02800000001807	943.3879578763322 
80.12800000001855	943.3716559655143 
80.22800000001902	943.3556288793866 
80.3280000000195	943.3398719848365 
80.42800000001998	943.3243807268556 
80.52800000002046	943.3091506272283 
80.62800000002093	943.2941772832332 
80.72800000002141	943.2794563663726 
80.82800000002189	943.2649836211198 
80.92800000002237	943.2507548636906 
81.02800000002284	943.2367659808323 
81.12800000002332	943.2230129286347 
81.2280000000238	943.2094917313633 
81.32800000002428	943.1961984803053 
81.42800000002475	943.1831293326462 
81.52800000002523	943.1702805103529 
81.62800000002571	943.1576482990847 
81.72800000002619	943.1452290471183 
81.82800000002666	943.1330191642941 
81.92800000002714	943.1210151209762 
82.02800000002762	943.1092134470329 
82.1280000000281	943.0976107308323 
82.22800000002857	943.0862036182601 
82.32800000002905	943.0749888117439 
82.42800000002953	943.0639630693056 
82.52800000003	943.0531232036204 
82.62800000003048	943.042466081098 
82.72800000003096	943.0319886209743 
82.82800000003144	943.0216877944222 
82.92800000003191	943.0115606236768 
83.02800000003239	943.0016041811731 
83.12800000003287	942.9918155887003 
83.22800000003335	942.9821920165693 
83.32800000003382	942.9727306827958 
83.4280000000343	942.9634288522952 
83.52800000003478	942.9542838360918 
83.62800000003526	942.945292990542 
83.72800000003573	942.9364537165709 
83.82800000003621	942.9277634589176 
83.92800000003669	942.9192197054019 
84.02800000003717	942.9108199861919 
84.12800000003764	942.902561873096 
84.22800000003812	942.8944429788553 
84.3280000000386	942.8864609564598 
84.42800000003908	942.8786134984633 
84.52800000003955	942.8708983363215 
84.62800000004003	942.8633132397323 
84.72800000004051	942.8558560159954 
84.82800000004099	942.8485245093735 
84.92800000004146	942.8413166004738 
85.02800000004194	942.8342302056317 
85.12800000004242	942.8272632763106 
85.2280000000429	942.8204137985093 
85.32800000004337	942.813679792179 
85.42800000004385	942.8070593106509 
85.52800000004433	942.8005504400749 
85.6280000000448	942.7941512988654 
85.72800000004528	942.7878600371567 
85.82800000004576	942.7816748362699 
85.92800000004624	942.7755939081852 
86.02800000004672	942.7696154950261 
86.1280000000472	942.7637378685521 
86.22800000004767	942.757959329657 
86.32800000004815	942.7522782078795 
86.42800000004863	942.7466928609198 
86.5280000000491	942.7412016741644 
86.62800000004958	942.735803060219 
86.72800000005006	942.7304954584522 
86.82800000005054	942.7252773345405 
86.92800000005101	942.7201471800271 
87.02800000005149	942.715103511886 
87.12800000005197	942.7101448720924 
87.22800000005245	942.7052698272015 
87.32800000005292	942.7004769679343 
87.4280000000534	942.6957649087688 
87.52800000005388	942.6911322875433 
87.62800000005436	942.6865777650577 
87.72800000005483	942.6821000246898 
87.82800000005531	942.6776977720132 
87.92800000005579	942.6733697344238 
88.02800000005627	942.6691146607708 
88.12800000005674	942.6649313209971 
88.22800000005722	942.660818505782 
88.3280000000577	942.6567750261914 
88.42800000005818	942.6527997133355 
88.52800000005865	942.6488914180295 
88.62800000005913	942.6450490104633 
88.72800000005961	942.6412713798717 
88.82800000006009	942.6375574342169 
88.92800000006056	942.6339060998711 
89.02800000006104	942.630316321304 
89.12800000006152	942.6267870607835 
89.228000000062	942.6233172980685 
89.32800000006247	942.6199060301208 
89.42800000006295	942.6165522708086 
89.52800000006343	942.6132550506273 
89.6280000000639	942.6100134164154 
89.72800000006438	942.6068264310807 
89.82800000006486	942.6036931733281 
89.92800000006534	942.6006127373954 
90.02800000006582	942.59758423279 
90.1280000000663	942.5946067840289 
90.22800000006677	942.5916795303928 
90.32800000006725	942.5888016256689 
90.42800000006773	942.5859722379125 
90.5280000000682	942.5831905492037 
90.62800000006868	942.5804557554108 
90.72800000006916	942.577767065959 
90.82800000006964	942.5751237036013 
90.92800000007011	942.5725249041941 
91.02800000007059	942.5699699164754 
91.12800000007107	942.567458001849 
91.22800000007155	942.5649884341702 
91.32800000007202	942.5625604995356 
91.4280000000725	942.5601734960775 
91.52800000007298	942.5578267337596 
91.62800000007346	942.5555195341801 
91.72800000007393	942.5532512303732 
91.82800000007441	942.5510211666159 
91.92800000007489	942.5488286982422 
92.02800000007537	942.5466731914523 
92.12800000007584	942.5445540231317 
92.22800000007632	942.542470580671 
92.3280000000768	942.5404222617874 
92.42800000007728	942.5384084743533 
92.52800000007775	942.5364286362221 
92.62800000007823	942.5344821750618 
92.72800000007871	942.5325685281887 
92.82800000007919	942.5306871424058 
92.92800000007966	942.5288374738412 
93.02800000008014	942.5270189877924 
93.12800000008062	942.5252311585709 
93.2280000000811	942.5234734693507 
93.32800000008157	942.5217454120188 
93.42800000008205	942.5200464870275 
93.52800000008253	942.5183762032514 
93.628000000083	942.5167340778439 
93.72800000008348	942.5151196361004 
93.82800000008396	942.513532411316 
93.92800000008444	942.5119719446562 
94.02800000008492	942.5104377850214 
94.1280000000854	942.5089294889159 
94.22800000008587	942.5074466203208 
94.32800000008635	942.5059887505687 
94.42800000008683	942.5045554582174 
94.5280000000873	942.5031463289312 
94.62800000008778	942.5017609553579 
94.72800000008826	942.5003989370139 
94.82800000008874	942.4990598801666 
94.92800000008921	942.4977433977208 
95.02800000008969	942.4964491091083 
95.12800000009017	942.495176640175 
95.22800000009065	942.4939256230754 
95.32800000009112	942.492695696165 
95.4280000000916	942.4914865038967 
95.52800000009208	942.4902976967172 
95.62800000009256	942.4891289309644 
95.72800000009303	942.4879798687723 
95.82800000009351	942.4868501779697 
95.92800000009399	942.4857395319855 
96.02800000009447	942.4846476097528 
96.12800000009494	942.4835740956199 
96.22800000009542	942.4825186792541 
96.3280000000959	942.4814810555555 
96.42800000009638	942.4804609245678 
96.52800000009685	942.4794579913913 
96.62800000009733	942.4784719660978 
96.72800000009781	942.4775025636468 
96.82800000009829	942.4765495038029 
96.92800000009876	942.475612511056 
97.02800000009924	942.4746913145395 
97.12800000009972	942.473785647954 
97.2280000001002	942.4728952494888 
97.32800000010067	942.4720198617478 
97.42800000010115	942.4711592316736 
97.52800000010163	942.4703131104746 
97.6280000001021	942.4694812535545 
97.72800000010258	942.4686634204393 
97.82800000010306	942.4678593747093 
97.92800000010354	942.4670688839321 
98.02800000010402	942.4662917195918 
98.12800000010449	942.4655276570246 
98.22800000010497	942.4647764753564 
98.32800000010545	942.4640379574347 
98.42800000010592	942.463311889769 
98.5280000001064	942.4625980624671 
98.62800000010688	942.4618962691756 
98.72800000010736	942.4612063070205 
98.82800000010783	942.4605279765466 
98.92800000010831	942.4598610816626 
99.02800000010879	942.4592054295821 
99.12800000010927	942.4585608307689 
99.22800000010974	942.4579270988826 
99.32800000011022	942.4573040507236 
99.4280000001107	942.4566915061808 
99.52800000011118	942.4560892881801 
99.62800000011165	942.4554972226317 
99.72800000011213	942.4549151383815 
99.82800000011261	942.4543428671603 
99.92800000011309	942.453780243536 
