0.001	998.4730818586904 
0.10100000000000008	998.4731095486385 
0.20100000000000015	998.473107827945 
0.3010000000000002	998.4731084265294 
0.4010000000000003	998.4731095340302 
0.5020000000000003	998.4731102692552 
0.6020000000000004	998.4731111226002 
0.7020000000000005	998.4731119173763 
0.8020000000000006	998.4731127111722 
0.9020000000000007	998.4731134883011 
1.0030000000000003	998.4731142607394 
1.1039999999999892	998.473115019826 
1.204999999999978	998.4731157660344 
1.305999999999967	998.4731164995286 
1.4069999999999558	998.4731172205372 
1.5079999999999447	998.4731179292692 
1.6089999999999336	998.4731186259347 
1.7099999999999225	998.4731193107389 
1.8109999999999113	998.4731199838844 
1.9119999999999002	998.4731206455692 
2.0129999999998893	998.4731212959882 
2.113999999999878	998.4731219353337 
2.214999999999867	998.4731225637937 
2.315999999999856	998.4731231815535 
2.416999999999845	998.4731237887964 
2.5179999999998337	998.4731243856999 
2.6189999999998226	998.4731249724414 
2.7199999999998115	998.4731255491929 
2.8209999999998003	998.4731261161248 
2.921999999999789	998.4731266734044 
3.022999999999778	998.4731272211958 
3.123999999999767	998.4731277596613 
3.224999999999756	998.4731282889591 
3.3259999999997447	998.4731288092452 
3.4269999999997336	998.4731293206728 
3.5279999999997225	998.4731298233934 
3.6289999999997113	998.4731303175547 
3.7299999999997	998.4731308033024 
3.830999999999689	998.4731312807793 
3.931999999999678	998.4731317501283 
4.031999999999681	998.4731322069575 
4.131999999999715	998.4731326560843 
4.231999999999748	998.4731330976398 
4.331999999999781	998.4731335317514 
4.431999999999815	998.4731339585442 
4.531999999999848	998.4731343781422 
4.6319999999998815	998.4731347906662 
4.731999999999915	998.4731351962354 
4.831999999999948	998.4731355949681 
4.931999999999982	998.4731359869786 
5.032000000000015	998.4731363723804 
5.1320000000000485	998.4731367512849 
5.232000000000082	998.4731371238015 
5.332000000000115	998.4731374900382 
5.432000000000149	998.4731378501006 
5.532000000000182	998.4731382040928 
5.6320000000002155	998.4731385521176 
5.732000000000249	998.4731388942747 
5.832000000000282	998.4731392306645 
5.932000000000316	998.4731395613824 
6.032000000000349	998.4731398865262 
6.1320000000003825	998.4731402061875 
6.232000000000416	998.4731405204601 
6.332000000000449	998.4731408294344 
6.432000000000483	998.4731411331996 
6.532000000000516	998.4731414318444 
6.6320000000005495	998.4731417254541 
6.732000000000583	998.4731420141142 
6.832000000000616	998.4731422979078 
6.93200000000065	998.4731425769169 
7.032000000000683	998.4731428512223 
7.132000000000716	998.4731431209038 
7.23200000000075	998.4731433860384 
7.332000000000783	998.4731436467046 
7.432000000000817	998.4731439029753 
7.53200000000085	998.4731441549258 
7.632000000000883	998.4731444026285 
7.732000000000917	998.4731446461556 
7.83200000000095	998.4731448855771 
7.932000000000984	998.4731451209624 
8.032000000000988	998.4731453523792 
8.133000000000932	998.4731455821508 
8.234000000000876	998.4731458080101 
8.33500000000082	998.4731460300239 
8.436000000000764	998.4731462482581 
8.537000000000708	998.4731464627764 
8.638000000000652	998.4731466736425 
8.739000000000596	998.4731468809182 
8.84000000000054	998.4731470846652 
8.941000000000484	998.4731472849437 
9.042000000000428	998.4731474818133 
9.143000000000372	998.4731476753298 
9.244000000000316	998.4731478655518 
9.34500000000026	998.4731480525352 
9.446000000000204	998.4731482363346 
9.547000000000148	998.4731484170053 
9.648000000000092	998.4731485945997 
9.749000000000036	998.4731487691705 
9.84999999999998	998.4731489407687 
9.950999999999924	998.473149109446 
10.051999999999868	998.4731492752509 
10.152999999999812	998.4731494382336 
10.253999999999756	998.4731495984407 
10.3549999999997	998.4731497559205 
10.455999999999644	998.4731499107189 
10.556999999999588	998.4731500628823 
10.657999999999532	998.4731502124542 
10.758999999999476	998.47315035948 
10.85999999999942	998.4731505040023 
10.960999999999364	998.4731506460641 
11.061999999999308	998.473150785707 
11.162999999999252	998.4731509229715 
11.263999999999196	998.4731510579006 
11.36499999999914	998.4731511905327 
11.465999999999084	998.4731513209067 
11.566999999999029	998.4731514490608 
11.667999999998973	998.4731515750331 
11.768999999998917	998.4731516988603 
11.86999999999886	998.4731518205792 
11.970999999998805	998.4731519402259 
12.071999999998749	998.4731520578355 
12.172999999998693	998.4731521734427 
12.273999999998637	998.4731522870816 
12.37499999999858	998.4731523987859 
12.475999999998525	998.4731525085883 
12.576999999998469	998.4731526165211 
12.677999999998413	998.4731527226164 
12.778999999998357	998.4731528269051 
12.8799999999983	998.4731529294178 
12.980999999998245	998.4731530301865 
13.081999999998189	998.473153129239 
13.182999999998133	998.473153226605 
13.283999999998077	998.4731533223131 
13.384999999998021	998.4731534163919 
13.485999999997965	998.4731535088687 
13.586999999997909	998.473153599771 
13.687999999997853	998.4731536891259 
13.788999999997797	998.4731537769594 
13.889999999997741	998.4731538632974 
13.990999999997685	998.4731539481655 
14.091999999997629	998.4731540315885 
14.192999999997573	998.4731541135912 
14.293999999997517	998.473154194198 
14.394999999997461	998.4731542734322 
14.495999999997405	998.4731543513172 
14.59699999999735	998.4731544278764 
14.697999999997293	998.473154503132 
14.798999999997237	998.4731545771061 
14.899999999997181	998.4731546498208 
15.000999999997125	998.4731547212972 
15.10199999999707	998.4731547915561 
15.202999999997013	998.4731548606192 
15.303999999996957	998.4731549285073 
15.404999999996901	998.47315499524 
15.505999999996845	998.4731550608367 
15.60699999999679	998.4731551253171 
15.707999999996733	998.4731551886989 
15.808999999996677	998.4731552510018 
15.909999999996622	998.4731553122438 
16.010999999996585	998.473155372443 
16.110999999996707	998.4731554310363 
16.21099999999683	998.4731554886417 
16.31099999999695	998.4731555452762 
16.410999999997074	998.4731556009558 
16.510999999997196	998.4731556556968 
16.61099999999732	998.4731557095147 
16.71099999999744	998.4731557624253 
16.810999999997563	998.4731558144442 
16.910999999997685	998.4731558655858 
17.010999999997807	998.4731559158654 
17.11099999999793	998.4731559652971 
17.21099999999805	998.473156013896 
17.310999999998174	998.4731560616751 
17.410999999998296	998.473156108649 
17.51099999999842	998.4731561548308 
17.61099999999854	998.4731562002339 
17.710999999998663	998.4731562448717 
17.810999999998785	998.4731562887571 
17.910999999998907	998.4731563319028 
18.01099999999903	998.4731563743212 
18.11099999999915	998.4731564160243 
18.210999999999274	998.4731564570242 
18.310999999999396	998.4731564973326 
18.410999999999518	998.473156536962 
18.51099999999964	998.4731565759232 
18.610999999999763	998.4731566142275 
18.710999999999885	998.4731566518859 
18.811000000000007	998.4731566889096 
18.91100000000013	998.4731567253091 
19.01100000000025	998.4731567610947 
19.111000000000374	998.4731567962771 
19.211000000000496	998.4731568308662 
19.311000000000618	998.4731568648721 
19.41100000000074	998.473156898305 
19.511000000000863	998.4731569311748 
19.611000000000985	998.4731569634905 
19.711000000001107	998.4731569952612 
19.81100000000123	998.4731570264962 
19.91100000000135	998.4731570572047 
20.011000000001474	998.4731570873955 
20.111000000001596	998.4731571170776 
20.211000000001718	998.4731571462587 
20.31100000000184	998.4731571749481 
20.411000000001962	998.4731572031538 
20.511000000002085	998.4731572308842 
20.611000000002207	998.4731572581468 
20.71100000000233	998.4731572849497 
20.81100000000245	998.4731573113012 
20.911000000002574	998.4731573372082 
21.011000000002696	998.4731573626783 
21.111000000002818	998.4731573877192 
21.21100000000294	998.4731574123379 
21.311000000003062	998.4731574365414 
21.411000000003185	998.473157460337 
21.511000000003307	998.4731574837313 
21.61100000000343	998.473157506731 
21.71100000000355	998.4731575293431 
21.811000000003673	998.4731575515747 
21.911000000003796	998.4731575734311 
22.011000000003918	998.4731575949193 
22.11100000000404	998.4731576160451 
22.211000000004162	998.4731576368146 
22.311000000004285	998.473157657234 
22.411000000004407	998.4731576773091 
22.51100000000453	998.4731576970457 
22.61100000000465	998.4731577164496 
22.711000000004773	998.4731577355265 
22.811000000004896	998.4731577542816 
22.911000000005018	998.4731577727204 
23.01100000000514	998.4731577908486 
23.111000000005262	998.4731578086711 
23.211000000005384	998.4731578261931 
23.311000000005507	998.4731578434197 
23.41100000000563	998.4731578603556 
23.51100000000575	998.4731578770064 
23.611000000005873	998.4731578933767 
23.711000000005996	998.4731579094707 
23.811000000006118	998.4731579252935 
23.91100000000624	998.4731579408497 
24.011000000006362	998.4731579561433 
24.111000000006484	998.473157971179 
24.211000000006607	998.4731579859615 
24.31100000000673	998.4731580004947 
24.41100000000685	998.4731580147827 
24.511000000006973	998.4731580288299 
24.611000000007095	998.4731580426403 
24.711000000007218	998.4731580562177 
24.81100000000734	998.4731580695667 
24.911000000007462	998.4731580826906 
25.011000000007584	998.4731580955932 
25.111000000007706	998.4731581082783 
25.21100000000783	998.4731581207495 
25.31100000000795	998.4731581330103 
25.411000000008073	998.4731581450646 
25.511000000008195	998.4731581569155 
25.611000000008318	998.4731581685664 
25.71100000000844	998.4731581800208 
25.811000000008562	998.4731581912826 
25.911000000008684	998.4731582023544 
26.011000000008806	998.4731582132395 
26.11100000000893	998.4731582239409 
26.21100000000905	998.473158234462 
26.311000000009173	998.4731582448056 
26.411000000009295	998.4731582549748 
26.511000000009417	998.4731582649725 
26.61100000000954	998.473158274802 
26.711000000009662	998.4731582844654 
26.811000000009784	998.4731582939663 
26.911000000009906	998.4731583033071 
27.01100000001003	998.4731583124901 
27.11100000001015	998.4731583215186 
27.211000000010273	998.4731583303948 
27.311000000010395	998.4731583391213 
27.411000000010517	998.4731583477009 
27.51100000001064	998.4731583561356 
27.611000000010762	998.4731583644283 
27.711000000010884	998.4731583725811 
27.811000000011006	998.4731583805964 
27.91100000001113	998.4731583884766 
28.01100000001125	998.473158396224 
28.111000000011373	998.4731584038404 
28.211000000011495	998.4731584113287 
28.311000000011617	998.4731584186908 
28.41100000001174	998.4731584259287 
28.51100000001186	998.4731584330444 
28.611000000011984	998.47315844004 
28.711000000012106	998.4731584469179 
28.81100000001223	998.4731584536797 
28.91100000001235	998.4731584603277 
29.011000000012473	998.4731584668632 
29.111000000012595	998.4731584732889 
29.211000000012717	998.4731584796059 
29.31100000001284	998.4731584858167 
29.41100000001296	998.4731584919226 
29.511000000013084	998.4731584979257 
29.611000000013206	998.4731585038273 
29.71100000001333	998.4731585096297 
29.81100000001345	998.4731585153344 
29.911000000013573	998.4731585209424 
30.011000000013695	998.4731585264564 
30.111000000013817	998.4731585318771 
30.21100000001394	998.4731585372065 
30.31100000001406	998.4731585424461 
30.411000000014184	998.4731585475976 
30.511000000014306	998.4731585526621 
30.61100000001443	998.4731585576412 
30.71100000001455	998.4731585625364 
30.811000000014673	998.4731585673491 
30.911000000014795	998.4731585720808 
31.011000000014917	998.4731585767327 
31.11100000001504	998.473158581306 
31.21100000001516	998.4731585858025 
31.311000000015284	998.4731585902233 
31.411000000015406	998.4731585945691 
31.511000000015528	998.4731585988421 
31.61100000001565	998.4731586030431 
31.711000000015773	998.4731586071729 
31.811000000015895	998.4731586112333 
31.911000000016017	998.4731586152251 
32.0110000000161	998.4731586191494 
32.11200000001586	998.4731586230461 
32.213000000015626	998.4731586268762 
32.31400000001539	998.4731586306409 
32.415000000015155	998.4731586343421 
32.51600000001492	998.4731586379796 
32.617000000014684	998.4731586415553 
32.71800000001445	998.4731586450703 
32.81900000001421	998.473158648525 
32.92000000001398	998.4731586519208 
33.02100000001374	998.4731586552589 
33.12200000001351	998.4731586585402 
33.22300000001327	998.4731586617658 
33.32400000001304	998.4731586649359 
33.4250000000128	998.4731586680523 
33.526000000012566	998.4731586711158 
33.62700000001233	998.4731586741267 
33.728000000012095	998.4731586770865 
33.82900000001186	998.4731586799957 
33.930000000011624	998.4731586828551 
34.03100000001139	998.4731586856665 
34.13200000001115	998.4731586884295 
34.23300000001092	998.4731586911457 
34.33400000001068	998.4731586938154 
34.43500000001045	998.4731586964397 
34.53600000001021	998.4731586990191 
34.63700000000998	998.4731587015546 
34.73800000000974	998.4731587040469 
34.839000000009506	998.473158706497 
34.94000000000927	998.4731587089046 
35.041000000009035	998.473158711272 
35.1420000000088	998.4731587135985 
35.243000000008564	998.4731587158859 
35.34400000000833	998.4731587181337 
35.44500000000809	998.4731587203435 
35.54600000000786	998.4731587225159 
35.64700000000762	998.4731587246513 
35.74800000000739	998.47315872675 
35.84900000000715	998.4731587288129 
35.950000000006916	998.4731587308409 
36.05100000000668	998.4731587328342 
36.152000000006446	998.4731587347936 
36.25300000000621	998.4731587367196 
36.354000000005975	998.4731587386128 
36.45500000000574	998.4731587404733 
36.556000000005504	998.4731587423022 
36.65700000000527	998.4731587441001 
36.75800000000503	998.4731587458676 
36.8590000000048	998.4731587476044 
36.96000000000456	998.4731587493125 
37.06100000000433	998.4731587509906 
37.16200000000409	998.4731587526412 
37.263000000003856	998.4731587542624 
37.36400000000362	998.4731587558572 
37.465000000003386	998.4731587574242 
37.56600000000315	998.4731587589642 
37.667000000002915	998.4731587604786 
37.76800000000268	998.4731587619672 
37.869000000002444	998.4731587634298 
37.97000000000221	998.4731587648672 
38.07100000000197	998.4731587662807 
38.17200000000174	998.4731587676699 
38.2730000000015	998.4731587690354 
38.37400000000127	998.4731587703777 
38.47500000000103	998.473158771697 
38.576000000000796	998.4731587729941 
38.67700000000056	998.4731587742687 
38.778000000000326	998.473158775522 
38.87900000000009	998.4731587767541 
38.979999999999855	998.473158777965 
39.08099999999962	998.4731587791548 
39.181999999999384	998.4731587803243 
39.28299999999915	998.4731587814747 
39.38399999999891	998.4731587826053 
39.48499999999868	998.473158783716 
39.58599999999844	998.4731587848084 
39.68699999999821	998.4731587858826 
39.78799999999797	998.4731587869376 
39.888999999997736	998.4731587879758 
39.9899999999975	998.473158788995 
40.090999999997265	998.4731587899981 
40.19199999999703	998.4731587909824 
40.292999999996795	998.4731587919515 
40.39399999999656	998.4731587929027 
40.494999999996324	998.4731587938384 
40.59599999999609	998.4731587947584 
40.69699999999585	998.4731587956614 
40.79799999999562	998.4731587965504 
40.89899999999538	998.4731587974237 
40.99999999999515	998.4731587982816 
41.10099999999491	998.4731587991253 
41.201999999994676	998.4731587999554 
41.30299999999444	998.4731588007704 
41.403999999994205	998.4731588015712 
41.50499999999397	998.4731588023584 
41.605999999993735	998.4731588031328 
41.7069999999935	998.4731588038941 
41.807999999993264	998.4731588046425 
41.90899999999303	998.473158805378 
42.00999999999279	998.4731588061006 
42.11099999999256	998.4731588068106 
42.21199999999232	998.4731588075091 
42.31299999999209	998.4731588081956 
42.41399999999185	998.4731588088704 
42.514999999991616	998.4731588095341 
42.61599999999138	998.4731588101865 
42.716999999991145	998.473158810828 
42.81799999999091	998.4731588114587 
42.918999999990675	998.4731588120787 
43.01999999999044	998.4731588126873 
43.120999999990204	998.4731588132856 
43.22199999998997	998.4731588138735 
43.32299999998973	998.473158814452 
43.4239999999895	998.4731588150208 
43.52499999998926	998.4731588155803 
43.62599999998903	998.4731588161306 
43.72699999998879	998.4731588166703 
43.827999999988556	998.4731588172004 
43.92899999998832	998.473158817722 
44.029999999988085	998.4731588182354 
44.13099999998785	998.4731588187407 
44.231999999987615	998.4731588192349 
44.33299999998738	998.4731588197214 
44.433999999987144	998.4731588202006 
44.53499999998691	998.4731588206714 
44.63599999998667	998.4731588211325 
44.73699999998644	998.4731588215874 
44.8379999999862	998.4731588220352 
44.93899999998597	998.4731588224723 
45.03999999998573	998.4731588229041 
45.140999999985496	998.473158823329 
45.24199999998526	998.4731588237443 
45.342999999985025	998.473158824155 
45.44399999998479	998.4731588245569 
45.544999999984555	998.4731588249522 
45.64599999998432	998.4731588253426 
45.746999999984084	998.473158825723 
45.84799999998385	998.4731588261005 
45.94899999998361	998.473158826468 
46.04999999998338	998.4731588268317 
46.15099999998314	998.4731588271876 
46.25199999998291	998.4731588275386 
46.35299999998267	998.4731588278833 
46.453999999982436	998.4731588282225 
46.5549999999822	998.4731588285557 
46.655999999981965	998.4731588288832 
46.75699999998173	998.4731588292053 
46.857999999981494	998.4731588295224 
46.95899999998126	998.4731588298332 
47.059999999981024	998.4731588301405 
47.16099999998079	998.4731588304404 
47.26199999998055	998.4731588307386 
47.36299999998032	998.473158831028 
47.46399999998008	998.473158831315 
47.56499999997985	998.4731588315954 
47.66599999997961	998.4731588318717 
47.766999999979376	998.4731588321443 
47.86799999997914	998.4731588324108 
47.968999999978905	998.4731588326749 
48.06999999997867	998.4731588329324 
48.170999999978434	998.4731588331863 
48.2719999999782	998.4731588334372 
48.372999999977964	998.473158833682 
48.47399999997773	998.4731588339232 
48.57499999997749	998.473158834161 
48.67599999997726	998.4731588343941 
48.77699999997702	998.4731588346237 
48.87799999997679	998.4731588348495 
48.97899999997655	998.473158835071 
49.079999999976316	998.4731588352892 
49.18099999997608	998.4731588355039 
49.281999999975845	998.4731588357148 
49.38299999997561	998.4731588359215 
49.483999999975374	998.4731588361261 
49.58499999997514	998.4731588363264 
49.685999999974904	998.4731588365224 
49.78699999997467	998.4731588367176 
49.88799999997443	998.4731588369071 
49.9889999999742	998.4731588370945 
50.08999999997396	998.4714559492863 
50.19099999997373	998.4621370169484 
50.29199999997349	998.4422485650637 
50.392999999973256	998.4125703518973 
50.49399999997302	998.3731482420966 
50.594999999972785	998.3241705863082 
50.69599999997255	998.2657963774069 
50.796999999972314	998.1981860702924 
50.89799999997208	998.1214968973801 
50.99899999997184	998.0358834145424 
51.09999999997161	997.941497571826 
51.20099999997137	997.8384887207816 
51.30199999997114	997.7270036739452 
51.4029999999709	997.6071867431949 
51.50399999997067	997.4791797837061 
51.60499999997043	997.3431222354142 
51.705999999970196	997.1991511642284 
51.80699999996996	997.0474013024277 
51.907999999969725	996.8880050883969 
52.00899999996949	996.7210927056811 
52.109999999969254	996.5467921213753 
52.21099999996902	996.3652291238625 
52.31199999996878	996.1765273599049 
52.41299999996855	995.980808371107 
52.51399999996831	995.7781916297588 
52.61499999996808	995.5687945740656 
52.71599999996784	995.3527326427786 
52.81699999996761	995.1301193092396 
52.91799999996737	994.9010661148402 
53.018999999967136	994.6656827019156 
53.1199999999669	994.4240768460778 
53.220999999966665	994.1763544879967 
53.32199999996643	993.9226197646423 
53.422999999966194	993.6629750399909 
53.52399999996596	993.3975209352144 
53.62499999996572	993.126356358352 
53.72599999996549	992.8495785334751 
53.82699999996525	992.56728302936 
53.92799999996502	992.2795637876701 
54.02899999996478	991.986513150657 
54.12999999996455	991.6882218883937 
54.23099999996431	991.3847792255393 
54.331999999964076	991.076272867652 
54.43299999996384	990.7627890270528 
54.533999999963605	990.4444124482483 
54.63499999996337	990.1212264329204 
54.735999999963134	989.7933128644928 
54.8369999999629	989.4607522322766 
54.93799999996266	989.1236236552053 
55.03899999996243	988.782004905169 
55.13999999996219	988.4359724299434 
55.24099999996196	988.0856013757406 
55.34199999996172	987.7309656093629 
55.442999999961486	987.3721377399879 
55.54399999996125	987.009189140581 
55.644999999961016	986.6421899689409 
55.74599999996078	986.2712091883902 
55.846999999960545	985.8963145881114 
55.94799999996031	985.5175728031364 
56.048999999960074	985.1350493339972 
56.14999999995984	984.7488085660432 
56.2509999999596	984.3589137884239 
56.35199999995937	983.9654272127563 
56.45299999995913	983.5684099914681 
56.5539999999589	983.1679222358329 
56.65499999995866	982.7640230336932 
56.755999999958426	982.3567704668885 
56.85699999995819	981.9462216283808 
56.957999999957956	981.532432639093 
57.05899999995772	981.1154586644551 
57.159999999957485	980.6953539306751 
57.26099999995725	980.2721717407283 
57.361999999957014	979.845964490076 
57.46299999995678	979.4167836821174 
57.56399999995654	978.9846799433757 
57.66499999995631	978.5497030384292 
57.76599999995607	978.1119018845849 
57.86699999995584	977.671324566305 
57.9679999999556	977.228018349386 
58.068999999955366	976.7820296948969 
58.16999999995513	976.3334042728814 
58.270999999954896	975.8821869758216 
58.37199999995466	975.4284219318823 
58.472999999954425	974.9721525179191 
58.57399999995419	974.5134213722732 
58.674999999953954	974.0522704073414 
58.77599999995372	973.5887408219398 
58.87699999995348	973.1228731134498 
58.97799999995325	972.6547070897618 
59.07899999995301	972.1842818810151 
59.17999999995278	971.7116359511334 
59.28099999995254	971.2368071091726 
59.381999999952306	970.759832520466 
59.48299999995207	970.2807487175868 
59.583999999951835	969.7995916111187 
59.6849999999516	969.3163965002487 
59.785999999951365	968.8311980831741 
59.88699999995113	968.3440304673354 
59.987999999950894	967.8549271794735 
60.08899999995066	967.3655870269823 
60.18999999995042	966.8819182247045 
60.29099999995019	966.4069961250038 
60.39199999994995	965.9400544487851 
60.49299999994972	965.4810828984664 
60.59399999994948	965.0299221169704 
60.694999999949246	964.5864431063508 
60.79599999994901	964.1505145409283 
60.896999999948775	963.7220079017983 
60.99799999994854	963.3007968405075 
61.098999999948305	962.8867571376675 
61.19999999994807	962.4797666996022 
61.300999999947834	962.0797055076789 
61.4019999999476	961.6864555877252 
61.50299999994736	961.2999009738595 
61.60399999994713	960.9199276746588 
61.70499999994689	960.5464236394514 
61.80599999994666	960.1792787252973 
61.90699999994642	959.8183846645024 
62.007999999946186	959.4636350326924 
62.10899999994595	959.1149252174299 
62.209999999945715	958.7721523873631 
62.31099999994548	958.435215461904 
62.411999999945245	958.1040150814207 
62.51299999994501	957.7784535779334 
62.613999999944774	957.4584349463184 
62.71499999994454	957.1438648159938 
62.8159999999443	956.8346504230904 
62.91699999994407	956.5307005830982 
63.01799999994383	956.2319256639757 
63.1189999999436	955.9382375597174 
63.21999999994336	955.6495496643755 
63.320999999943126	955.3657768465157 
63.42199999994289	955.0868354241169 
63.522999999942655	954.8126431398921 
63.62399999994242	954.5431191370324 
63.724999999942185	954.2781839353613 
63.82599999994195	954.0177594078997 
63.926999999941714	953.7617687578243 
64.02799999994167	953.5101364958218 
64.12799999994215	953.265216648048 
64.22799999994263	953.0244257654103 
64.3279999999431	952.7876942400222 
64.42799999994358	952.5549536374758 
64.52799999994406	952.3261366770621 
64.62799999994454	952.1011772123173 
64.72799999994501	951.8800102119048 
64.82799999994549	951.6625717408145 
64.92799999994597	951.4487989418803 
65.02799999994645	951.238630017609 
65.12799999994692	951.0320042123171 
65.2279999999474	950.8288617945661 
65.32799999994788	950.6291440398967 
65.42799999994836	950.4327932138514 
65.52799999994883	950.2397525552852 
65.62799999994931	950.0499662599588 
65.72799999994979	949.8633794644022 
65.82799999995026	949.6799382300601 
65.92799999995074	949.4995895276952 
66.02799999995122	949.3222812220612 
66.1279999999517	949.1479620568296 
66.22799999995217	948.9765816397733 
66.32799999995265	948.8080904282002 
66.42799999995313	948.6424397146293 
66.52799999995361	948.479581612712 
66.62799999995408	948.3194690433882 
66.72799999995456	948.1620557212786 
66.82799999995504	948.0072961413007 
66.92799999995552	947.8551455655177 
67.027999999956	947.7055600102037 
67.12799999995647	947.5584962331299 
67.22799999995695	947.4139117210648 
67.32799999995743	947.2717646774811 
67.4279999999579	947.1320140104777 
67.52799999995838	946.994619320897 
67.62799999995886	946.8595408906493 
67.72799999995934	946.7267396712289 
67.82799999995981	946.5961772724264 
67.92799999996029	946.4678159512326 
68.02799999996077	946.3416186009251 
68.12799999996125	946.217548740343 
68.22799999996172	946.0955705033407 
68.3279999999622	945.9756486284201 
68.42799999996268	945.857748448536 
68.52799999996316	945.741835881076 
68.62799999996363	945.6278774180063 
68.72799999996411	945.5158401161868 
68.82799999996459	945.4056915878475 
68.92799999996507	945.2973999912248 
69.02799999996554	945.1909340213573 
69.12799999996602	945.0862629010363 
69.2279999999665	944.9833563719095 
69.32799999996698	944.8821846857318 
69.42799999996745	944.7827185957675 
69.52799999996793	944.6849293483355 
69.62799999996841	944.5887886744961 
69.72799999996889	944.4942687818797 
69.82799999996936	944.4013423466532 
69.92799999996984	944.3099825056197 
70.02799999997032	944.2201628484537 
70.1279999999708	944.1318574100677 
70.22799999997127	944.0450406631035 
70.32799999997175	943.959687510555 
70.42799999997223	943.8757732785118 
70.5279999999727	943.7932737090275 
70.62799999997318	943.7121649531065 
70.72799999997366	943.6324235638091 
70.82799999997414	943.5540264894761 
70.92799999997462	943.4769510670611 
71.0279999999751	943.4011750155831 
71.12799999997557	943.3266764296823 
71.22799999997605	943.2534337732894 
71.32799999997653	943.1814258733993 
71.427999999977	943.1106319139511 
71.52799999997748	943.0410314298094 
71.62799999997796	942.9726043008491 
71.72799999997844	942.9053307461396 
71.82799999997891	942.8391913182247 
71.92799999997939	942.7741668975028 
72.02799999997987	942.7102386866991 
72.12799999998035	942.6473882054303 
72.22799999998082	942.5855972848636 
72.3279999999813	942.5248480624654 
72.42799999998178	942.4651229768349 
72.52799999998226	942.4064047626309 
72.62799999998273	942.348676445576 
72.72799999998321	942.2919213375561 
72.82799999998369	942.2361230317896 
72.92799999998417	942.1812653980892 
73.02799999998464	942.1273325781956 
73.12799999998512	942.0743089811974 
73.2279999999856	942.0221792790201 
73.32799999998608	941.9709284019966 
73.42799999998655	941.92054153451 
73.52799999998703	941.8710041107137 
73.62799999998751	941.8223018103171 
73.72799999998799	941.7744205544459 
73.82799999998846	941.7273465015762 
73.92799999998894	941.681066043529 
74.02799999998942	941.635565801538 
74.1279999999899	941.5908326223827 
74.22799999999037	941.5468535745838 
74.32799999999085	941.5036159446687 
74.42799999999133	941.4611072334919 
74.5279999999918	941.4193151526257 
74.62799999999228	941.3782276208036 
74.72799999999276	941.3378327604333 
74.82799999999324	941.2981188941585 
74.92799999999372	941.2590745414847 
75.0279999999942	941.220688415461 
75.12799999999467	941.1829494194172 
75.22799999999515	941.1458466437539 
75.32799999999563	941.1093693627929 
75.4279999999961	941.0735070316725 
75.52799999999658	941.0382492833012 
75.62799999999706	941.0035859253611 
75.72799999999754	940.9695069373595 
75.82799999999801	940.936002467734 
75.92799999999849	940.9030628310055 
76.02799999999897	940.8706785049746 
76.12799999999945	940.8388401279735 
76.22799999999992	940.8075384961553 
76.3280000000004	940.7767645608378 
76.42800000000088	940.7465094258835 
76.52800000000136	940.7167643451307 
76.62800000000183	940.6875207198643 
76.72800000000231	940.6587700963304 
76.82800000000279	940.6305041632912 
76.92800000000327	940.6027147496237 
77.02800000000374	940.5753938219582 
77.12800000000422	940.5485334823535 
77.2280000000047	940.5221259660168 
77.32800000000518	940.4961636390559 
77.42800000000565	940.470638996276 
77.52800000000613	940.4455446590063 
77.62800000000661	940.4208733729698 
77.72800000000709	940.3966180061858 
77.82800000000756	940.3727715469068 
77.92800000000804	940.3493271015918 
78.02800000000852	940.3262778929158 
78.128000000009	940.3036172578074 
78.22800000000947	940.2813386455246 
78.32800000000995	940.2594356157615 
78.42800000001043	940.2379018367835 
78.5280000000109	940.2167310836019 
78.62800000001138	940.1959172361688 
78.72800000001186	940.1754542776138 
78.82800000001234	940.1553362924985 
78.92800000001282	940.1355574651114 
79.0280000000133	940.116112077784 
79.12800000001377	940.0969945092397 
79.22800000001425	940.0781992329665 
79.32800000001473	940.0597208156215 
79.4280000000152	940.0415539154591 
79.52800000001568	940.0236932807876 
79.62800000001616	940.0061337484502 
79.72800000001664	939.9888702423335 
79.82800000001711	939.9718977718986 
79.92800000001759	939.95521143074 
80.02800000001807	939.9388063951652 
80.12800000001855	939.922677922803 
80.22800000001902	939.9068213512312 
80.3280000000195	939.8912320966272 
80.42800000001998	939.8759056524465 
80.52800000002046	939.8608375881164 
80.62800000002093	939.8460235477571 
80.72800000002141	939.8314592489222 
80.82800000002189	939.8171404813605 
80.92800000002237	939.8030631057997 
81.02800000002284	939.7892230527489 
81.12800000002332	939.7756163213213 
81.2280000000238	939.7622389780797 
81.32800000002428	939.7490871558994 
81.42800000002475	939.7361570528477 
81.52800000002523	939.723444931087 
81.62800000002571	939.7109471157947 
81.72800000002619	939.6986599940994 
81.82800000002666	939.6865800140364 
81.92800000002714	939.6747036835222 
82.02800000002762	939.6630275693446 
82.1280000000281	939.6515482961695 
82.22800000002857	939.6402625455657 
82.32800000002905	939.6291670550459 
82.42800000002953	939.6182586171226 
82.52800000003	939.6075340783821 
82.62800000003048	939.5969903385727 
82.72800000003096	939.5866243497068 
82.82800000003144	939.5764331151821 
82.92800000003191	939.5664136889137 
83.02800000003239	939.556563174484 
83.12800000003287	939.5468787243036 
83.22800000003335	939.5373575387891 
83.32800000003382	939.527996865554 
83.4280000000343	939.5187939986128 
83.52800000003478	939.5097462775981 
83.62800000003526	939.5008510869931 
83.72800000003573	939.492105855373 
83.82800000003621	939.4835080546652 
83.92800000003669	939.4750551994141 
84.02800000003717	939.466744846068 
84.12800000003764	939.4585745922662 
84.22800000003812	939.4505420761506 
84.3280000000386	939.4426449756792 
84.42800000003908	939.4348810079566 
84.52800000003955	939.4272479285733 
84.62800000004003	939.419743530956 
84.72800000004051	939.4123656457322 
84.82800000004099	939.4051121401014 
84.92800000004146	939.3979809172173 
85.02800000004194	939.3909699155845 
85.12800000004242	939.3840771084621 
85.2280000000429	939.3773005032745 
85.32800000004337	939.3706381410399 
85.42800000004385	939.3640880958003 
85.52800000004433	939.3576484740673 
85.6280000000448	939.3513174142737 
85.72800000004528	939.3450930862354 
85.82800000004576	939.3389736906213 
85.92800000004624	939.3329574584355 
86.02800000004672	939.3270426505045 
86.1280000000472	939.3212275569728 
86.22800000004767	939.3155104968133 
86.32800000004815	939.3098898173365 
86.42800000004863	939.3043638937145 
86.5280000000491	939.298931128512 
86.62800000004958	939.2935899512247 
86.72800000005006	939.288338817823 
86.82800000005054	939.2831762103079 
86.92800000005101	939.2781006362723 
87.02800000005149	939.2731106284673 
87.12800000005197	939.268204744381 
87.22800000005245	939.2633815658183 
87.32800000005292	939.258639698494 
87.4280000000534	939.2539777716281 
87.52800000005388	939.2493944375492 
87.62800000005436	939.2448883713065 
87.72800000005483	939.240458270285 
87.82800000005531	939.2361028538297 
87.92800000005579	939.2318208628765 
88.02800000005627	939.2276110595857 
88.12800000005674	939.2234722269866 
88.22800000005722	939.2194031686247 
88.3280000000577	939.2154027082157 
88.42800000005818	939.2114696893049 
88.52800000005865	939.2076029749346 
88.62800000005913	939.2038014473139 
88.72800000005961	939.2000640074971 
88.82800000006009	939.1963895750631 
88.92800000006056	939.1927770878063 
89.02800000006104	939.1892255014285 
89.12800000006152	939.1857337892357 
89.228000000062	939.182300941843 
89.32800000006247	939.1789259668827 
89.42800000006295	939.1756078887151 
89.52800000006343	939.1723457481501 
89.6280000000639	939.1691386021671 
89.72800000006438	939.1659855236434 
89.82800000006486	939.1628856010868 
89.92800000006534	939.1598379383712 
90.02800000006582	939.156841654476 
90.1280000000663	939.1538958832366 
90.22800000006677	939.1509997730869 
90.32800000006725	939.1481524868199 
90.42800000006773	939.1453532013414 
90.5280000000682	939.1426011074329 
90.62800000006868	939.139895409518 
90.72800000006916	939.1372353254336 
90.82800000006964	939.1346200862016 
90.92800000007011	939.132048935808 
91.02800000007059	939.1295211309841 
91.12800000007107	939.1270359409914 
91.22800000007155	939.1245926474107 
91.32800000007202	939.1221905439343 
91.4280000000725	939.119828936161 
91.52800000007298	939.1175071413968 
91.62800000007346	939.1152244884574 
91.72800000007393	939.1129803174716 
91.82800000007441	939.1107739796953 
91.92800000007489	939.1086048373191 
92.02800000007537	939.1064722632865 
92.12800000007584	939.1043756411133 
92.22800000007632	939.1023143647064 
92.3280000000768	939.100287838193 
92.42800000007728	939.0982954757433 
92.52800000007775	939.0963367014048 
92.62800000007823	939.0944109489343 
92.72800000007871	939.0925176616354 
92.82800000007919	939.0906562921961 
92.92800000007966	939.0888263025304 
93.02800000008014	939.0870271636251 
93.12800000008062	939.0852583553852 
93.2280000000811	939.0835193664826 
93.32800000008157	939.081809694209 
93.42800000008205	939.0801288443339 
93.52800000008253	939.0784763309553 
93.628000000083	939.0768516763651 
93.72800000008348	939.075254410907 
93.82800000008396	939.0736840728437 
93.92800000008444	939.0721402082214 
94.02800000008492	939.070622370739 
94.1280000000854	939.0691301216201 
94.22800000008587	939.0676630294852 
94.32800000008635	939.0662206702264 
94.42800000008683	939.0648026268857 
94.5280000000873	939.0634084895356 
94.62800000008778	939.0620378551575 
94.72800000008826	939.0606903275302 
94.82800000008874	939.0593655171076 
94.92800000008921	939.0580630409149 
95.02800000008969	939.0567825224314 
95.12800000009017	939.0555235914844 
95.22800000009065	939.054285884142 
95.32800000009112	939.0530690426073 
95.4280000000916	939.0518727151155 
95.52800000009208	939.050696555832 
95.62800000009256	939.0495402247521 
95.72800000009303	939.048403387604 
95.82800000009351	939.0472857157504 
95.92800000009399	939.0461868860938 
96.02800000009447	939.0451065809843 
96.12800000009494	939.0440444881281 
96.22800000009542	939.0430003004942 
96.3280000000959	939.0419737162285 
96.42800000009638	939.0409644385667 
96.52800000009685	939.0399721757451 
96.62800000009733	939.0389966409216 
96.72800000009781	939.0380375520873 
96.82800000009829	939.0370946319896 
96.92800000009876	939.0361676080475 
97.02800000009924	939.0352562122779 
97.12800000009972	939.0343601812137 
97.2280000001002	939.0334792558309 
97.32800000010067	939.0326131814704 
97.42800000010115	939.0317617077674 
97.52800000010163	939.0309245885783 
97.6280000001021	939.030101581907 
97.72800000010258	939.0292924498405 
97.82800000010306	939.0284969584728 
97.92800000010354	939.0277148778446 
98.02800000010402	939.0269459818712 
98.12800000010449	939.0261900482795 
98.22800000010497	939.0254468585449 
98.32800000010545	939.0247161978253 
98.42800000010592	939.0239978549015 
98.5280000001064	939.0232916221144 
98.62800000010688	939.0225972953066 
98.72800000010736	939.0219146737612 
98.82800000010783	939.0212435601466 
98.92800000010831	939.0205837604562 
99.02800000010879	939.0199350839558 
99.12800000010927	939.0192973431256 
99.22800000010974	939.0186703536071 
99.32800000011022	939.0180539341501 
99.4280000001107	939.0174479065599 
99.52800000011118	939.0168520956458 
99.62800000011165	939.0162663291713 
99.72800000011213	939.0156904378019 
99.82800000011261	939.0151242550595 
99.92800000011309	939.0145676172717 
