0.001	997.928582751211 
0.10100000000000008	997.9285189313781 
0.20100000000000015	997.9285353324925 
0.3010000000000002	997.9285325905439 
0.4010000000000003	997.9285342348109 
0.5020000000000003	997.9285348981512 
0.6020000000000004	997.9285357445671 
0.7020000000000005	997.9285365368868 
0.8020000000000006	997.9285373233333 
0.9020000000000007	997.928538095256 
1.0030000000000003	997.928538861864 
1.1039999999999892	997.9285396154108 
1.204999999999978	997.9285403561219 
1.305999999999967	997.9285410842253 
1.4069999999999558	997.9285417999316 
1.5079999999999447	997.9285425034527 
1.6089999999999336	997.9285431949959 
1.7099999999999225	997.9285438747644 
1.8109999999999113	997.9285445429603 
1.9119999999999002	997.9285451997803 
2.0129999999998893	997.9285458454168 
2.113999999999878	997.9285464800614 
2.214999999999867	997.9285471039003 
2.315999999999856	997.9285477171178 
2.416999999999845	997.9285483198954 
2.5179999999998337	997.9285489124106 
2.6189999999998226	997.9285494948374 
2.7199999999998115	997.9285500673483 
2.8209999999998003	997.9285506301118 
2.921999999999789	997.9285511832937 
3.022999999999778	997.9285517270577 
3.123999999999767	997.928552261563 
3.224999999999756	997.9285527869696 
3.3259999999997447	997.92855330343 
3.4269999999997336	997.9285538110975 
3.5279999999997225	997.9285543101214 
3.6289999999997113	997.9285548006493 
3.7299999999997	997.9285552828255 
3.830999999999689	997.928555756792 
3.931999999999678	997.9285562226893 
4.031999999999681	997.9285566761596 
4.131999999999715	997.9285571219841 
4.231999999999748	997.9285575602927 
4.331999999999781	997.9285579912122 
4.431999999999815	997.9285584148672 
4.531999999999848	997.9285588313799 
4.6319999999998815	997.9285592408708 
4.731999999999915	997.9285596434582 
4.831999999999948	997.9285600392581 
4.931999999999982	997.928560428387 
5.032000000000015	997.9285608109548 
5.1320000000000485	997.9285611870732 
5.232000000000082	997.9285615568507 
5.332000000000115	997.9285619203945 
5.432000000000149	997.9285622778098 
5.532000000000182	997.9285626291992 
5.6320000000002155	997.9285629746647 
5.732000000000249	997.9285633143062 
5.832000000000282	997.9285636482224 
5.932000000000316	997.9285639765086 
6.032000000000349	997.9285642992614 
6.1320000000003825	997.9285646165727 
6.232000000000416	997.9285649285343 
6.332000000000449	997.9285652352369 
6.432000000000483	997.9285655367687 
6.532000000000516	997.9285658332171 
6.6320000000005495	997.9285661246681 
6.732000000000583	997.9285664112058 
6.832000000000616	997.9285666929126 
6.93200000000065	997.9285669698704 
7.032000000000683	997.9285672421587 
7.132000000000716	997.9285675098578 
7.23200000000075	997.9285677730425 
7.332000000000783	997.928568031792 
7.432000000000817	997.9285682861783 
7.53200000000085	997.9285685362763 
7.632000000000883	997.9285687821578 
7.732000000000917	997.9285690238942 
7.83200000000095	997.9285692615554 
7.932000000000984	997.9285694952099 
8.032000000000988	997.9285697249252 
8.133000000000932	997.9285699530072 
8.234000000000876	997.9285701772059 
8.33500000000082	997.9285703975874 
8.436000000000764	997.9285706142168 
8.537000000000708	997.9285708271578 
8.638000000000652	997.9285710364734 
8.739000000000596	997.9285712422248 
8.84000000000054	997.9285714444748 
8.941000000000484	997.9285716432798 
9.042000000000428	997.9285718387018 
9.143000000000372	997.9285720307955 
9.244000000000316	997.9285722196188 
9.34500000000026	997.9285724052271 
9.446000000000204	997.9285725876755 
9.547000000000148	997.9285727670175 
9.648000000000092	997.9285729433062 
9.749000000000036	997.9285731165934 
9.84999999999998	997.9285732869297 
9.950999999999924	997.9285734543665 
10.051999999999868	997.9285736189529 
10.152999999999812	997.9285737807367 
10.253999999999756	997.928573939766 
10.3549999999997	997.9285740960879 
10.455999999999644	997.9285742497482 
10.556999999999588	997.9285744007925 
10.657999999999532	997.9285745492651 
10.758999999999476	997.9285746952095 
10.85999999999942	997.9285748386694 
10.960999999999364	997.9285749796863 
11.061999999999308	997.9285751183028 
11.162999999999252	997.9285752545579 
11.263999999999196	997.9285753884946 
11.36499999999914	997.9285755201512 
11.465999999999084	997.9285756495672 
11.566999999999029	997.9285757767788 
11.667999999998973	997.9285759018247 
11.768999999998917	997.9285760247416 
11.86999999999886	997.9285761455656 
11.970999999998805	997.9285762643323 
12.071999999998749	997.9285763810772 
12.172999999998693	997.9285764958346 
12.273999999998637	997.9285766086381 
12.37499999999858	997.9285767195207 
12.475999999998525	997.9285768285157 
12.576999999998469	997.9285769356551 
12.677999999998413	997.9285770409701 
12.778999999998357	997.928577144492 
12.8799999999983	997.928577246252 
12.980999999998245	997.9285773462783 
13.081999999998189	997.9285774446031 
13.182999999998133	997.9285775412529 
13.283999999998077	997.9285776362576 
13.384999999998021	997.9285777296444 
13.485999999997965	997.9285778214413 
13.586999999997909	997.9285779116752 
13.687999999997853	997.928578000373 
13.788999999997797	997.9285780875607 
13.889999999997741	997.928578173264 
13.990999999997685	997.9285782575081 
14.091999999997629	997.9285783403176 
14.192999999997573	997.9285784217175 
14.293999999997517	997.9285785017315 
14.394999999997461	997.9285785803831 
14.495999999997405	997.9285786576954 
14.59699999999735	997.9285787336919 
14.697999999997293	997.928578808394 
14.798999999997237	997.9285788818241 
14.899999999997181	997.9285789540045 
15.000999999997125	997.9285790249554 
15.10199999999707	997.9285790946975 
15.202999999997013	997.928579163252 
15.303999999996957	997.9285792306421 
15.404999999996901	997.9285792968834 
15.505999999996845	997.9285793619981 
15.60699999999679	997.9285794260039 
15.707999999996733	997.9285794889197 
15.808999999996677	997.9285795507647 
15.909999999996622	997.9285796115564 
16.010999999996585	997.9285796713131 
16.110999999996707	997.9285797294754 
16.21099999999683	997.9285797866575 
16.31099999999695	997.9285798428754 
16.410999999997074	997.9285798981457 
16.510999999997196	997.928579952484 
16.61099999999732	997.9285800059063 
16.71099999999744	997.928580058428 
16.810999999997563	997.9285801100642 
16.910999999997685	997.9285801608299 
17.010999999997807	997.9285802107396 
17.11099999999793	997.928580259808 
17.21099999999805	997.9285803080495 
17.310999999998174	997.9285803554775 
17.410999999998296	997.9285804021059 
17.51099999999842	997.9285804479481 
17.61099999999854	997.9285804930171 
17.710999999998663	997.928580537327 
17.810999999998785	997.9285805808896 
17.910999999998907	997.9285806237183 
18.01099999999903	997.9285806658246 
18.11099999999915	997.928580707221 
18.210999999999274	997.9285807479193 
18.310999999999396	997.9285807879319 
18.410999999999518	997.9285808272697 
18.51099999999964	997.9285808659442 
18.610999999999763	997.928580903967 
18.710999999999885	997.9285809413486 
18.811000000000007	997.9285809781 
18.91100000000013	997.9285810142317 
19.01100000000025	997.9285810497544 
19.111000000000374	997.9285810846781 
19.211000000000496	997.9285811190125 
19.311000000000618	997.928581152768 
19.41100000000074	997.928581185956 
19.511000000000863	997.9285812185836 
19.611000000000985	997.9285812506618 
19.711000000001107	997.9285812821988 
19.81100000000123	997.9285813132043 
19.91100000000135	997.9285813436871 
20.011000000001474	997.928581373656 
20.111000000001596	997.9285814031196 
20.211000000001718	997.9285814320863 
20.31100000000184	997.9285814605646 
20.411000000001962	997.928581488563 
20.511000000002085	997.9285815160894 
20.611000000002207	997.9285815431514 
20.71100000000233	997.9285815697576 
20.81100000000245	997.928581595915 
20.911000000002574	997.9285816216317 
21.011000000002696	997.9285816469147 
21.111000000002818	997.9285816717713 
21.21100000000294	997.928581696209 
21.311000000003062	997.9285817202345 
21.411000000003185	997.9285817438551 
21.511000000003307	997.9285817670775 
21.61100000000343	997.9285817899079 
21.71100000000355	997.9285818123536 
21.811000000003673	997.9285818344218 
21.911000000003796	997.9285818561177 
22.011000000003918	997.9285818774478 
22.11100000000404	997.9285818984181 
22.211000000004162	997.928581919035 
22.311000000004285	997.9285819393043 
22.411000000004407	997.9285819592318 
22.51100000000453	997.9285819788233 
22.61100000000465	997.9285819980845 
22.711000000004773	997.9285820170212 
22.811000000004896	997.9285820356384 
22.911000000005018	997.9285820539417 
23.01100000000514	997.9285820719366 
23.111000000005262	997.9285820896281 
23.211000000005384	997.9285821070213 
23.311000000005507	997.9285821241211 
23.41100000000563	997.9285821409326 
23.51100000000575	997.928582157461 
23.611000000005873	997.9285821737107 
23.711000000005996	997.9285821896864 
23.811000000006118	997.9285822053928 
23.91100000000624	997.9285822208346 
24.011000000006362	997.9285822360158 
24.111000000006484	997.9285822509411 
24.211000000006607	997.9285822656148 
24.31100000000673	997.928582280041 
24.41100000000685	997.9285822942242 
24.511000000006973	997.9285823081681 
24.611000000007095	997.9285823218769 
24.711000000007218	997.9285823353546 
24.81100000000734	997.9285823486052 
24.911000000007462	997.9285823616326 
25.011000000007584	997.9285823744403 
25.111000000007706	997.9285823870322 
25.21100000000783	997.9285823994117 
25.31100000000795	997.9285824115824 
25.411000000008073	997.928582423548 
25.511000000008195	997.9285824353117 
25.611000000008318	997.928582446877 
25.71100000000844	997.9285824582473 
25.811000000008562	997.9285824694263 
25.911000000008684	997.9285824804166 
26.011000000008806	997.9285824912216 
26.11100000000893	997.9285825018444 
26.21100000000905	997.928582512288 
26.311000000009173	997.9285825225558 
26.411000000009295	997.9285825326502 
26.511000000009417	997.9285825425746 
26.61100000000954	997.9285825523314 
26.711000000009662	997.9285825619241 
26.811000000009784	997.9285825713552 
26.911000000009906	997.928582580627 
27.01100000001003	997.9285825897425 
27.11100000001015	997.9285825987046 
27.211000000010273	997.9285826075158 
27.311000000010395	997.928582616178 
27.411000000010517	997.9285826246942 
27.51100000001064	997.9285826330672 
27.611000000010762	997.9285826412987 
27.711000000010884	997.9285826493916 
27.811000000011006	997.928582657348 
27.91100000001113	997.9285826651703 
28.01100000001125	997.9285826728606 
28.111000000011373	997.9285826804212 
28.211000000011495	997.9285826878544 
28.311000000011617	997.9285826951623 
28.41100000001174	997.928582702347 
28.51100000001186	997.9285827094102 
28.611000000011984	997.9285827163546 
28.711000000012106	997.928582723182 
28.81100000001223	997.9285827298941 
28.91100000001235	997.9285827364931 
29.011000000012473	997.9285827429806 
29.111000000012595	997.928582749359 
29.211000000012717	997.9285827556297 
29.31100000001284	997.9285827617946 
29.41100000001296	997.9285827678557 
29.511000000013084	997.9285827738146 
29.611000000013206	997.928582779673 
29.71100000001333	997.9285827854326 
29.81100000001345	997.9285827910952 
29.911000000013573	997.9285827966622 
30.011000000013695	997.9285828021356 
30.111000000013817	997.9285828075165 
30.21100000001394	997.9285828128067 
30.31100000001406	997.928582818008 
30.411000000014184	997.9285828231212 
30.511000000014306	997.9285828281487 
30.61100000001443	997.928582833091 
30.71100000001455	997.9285828379503 
30.811000000014673	997.9285828427277 
30.911000000014795	997.9285828474247 
31.011000000014917	997.9285828520423 
31.11100000001504	997.928582856582 
31.21100000001516	997.9285828610454 
31.311000000015284	997.9285828654336 
31.411000000015406	997.9285828697476 
31.511000000015528	997.9285828739891 
31.61100000001565	997.9285828781592 
31.711000000015773	997.9285828822589 
31.811000000015895	997.9285828862893 
31.911000000016017	997.9285828902516 
32.0110000000161	997.9285828941471 
32.11200000001586	997.9285828980148 
32.213000000015626	997.928582901817 
32.31400000001539	997.9285829055543 
32.415000000015155	997.9285829092279 
32.51600000001492	997.9285829128389 
32.617000000014684	997.9285829163885 
32.71800000001445	997.9285829198772 
32.81900000001421	997.9285829233065 
32.92000000001398	997.9285829266774 
33.02100000001374	997.9285829299911 
33.12200000001351	997.9285829332482 
33.22300000001327	997.9285829364502 
33.32400000001304	997.928582939597 
33.4250000000128	997.9285829426906 
33.526000000012566	997.9285829457315 
33.62700000001233	997.9285829487202 
33.728000000012095	997.9285829516582 
33.82900000001186	997.9285829545461 
33.930000000011624	997.9285829573847 
34.03100000001139	997.9285829601748 
34.13200000001115	997.9285829629179 
34.23300000001092	997.9285829656139 
34.33400000001068	997.9285829682641 
34.43500000001045	997.928582970869 
34.53600000001021	997.9285829734296 
34.63700000000998	997.9285829759466 
34.73800000000974	997.9285829784208 
34.839000000009506	997.9285829808523 
34.94000000000927	997.9285829832429 
35.041000000009035	997.9285829855922 
35.1420000000088	997.9285829879022 
35.243000000008564	997.9285829901722 
35.34400000000833	997.9285829924039 
35.44500000000809	997.9285829945977 
35.54600000000786	997.9285829967537 
35.64700000000762	997.9285829988731 
35.74800000000739	997.9285830009567 
35.84900000000715	997.9285830030046 
35.950000000006916	997.9285830050176 
36.05100000000668	997.9285830069962 
36.152000000006446	997.928583008941 
36.25300000000621	997.9285830108529 
36.354000000005975	997.928583012732 
36.45500000000574	997.9285830145794 
36.556000000005504	997.9285830163947 
36.65700000000527	997.9285830181792 
36.75800000000503	997.928583019934 
36.8590000000048	997.9285830216579 
36.96000000000456	997.9285830233532 
37.06100000000433	997.9285830250192 
37.16200000000409	997.9285830266574 
37.263000000003856	997.9285830282671 
37.36400000000362	997.9285830298498 
37.465000000003386	997.9285830314054 
37.56600000000315	997.9285830329343 
37.667000000002915	997.9285830344372 
37.76800000000268	997.9285830359149 
37.869000000002444	997.9285830373669 
37.97000000000221	997.928583038794 
38.07100000000197	997.9285830401967 
38.17200000000174	997.9285830415758 
38.2730000000015	997.9285830429313 
38.37400000000127	997.9285830442636 
38.47500000000103	997.9285830455733 
38.576000000000796	997.9285830468607 
38.67700000000056	997.9285830481265 
38.778000000000326	997.9285830493703 
38.87900000000009	997.9285830505934 
38.979999999999855	997.9285830517946 
39.08099999999962	997.928583052976 
39.181999999999384	997.9285830541376 
39.28299999999915	997.9285830552795 
39.38399999999891	997.9285830564008 
39.48499999999868	997.9285830575044 
39.58599999999844	997.9285830585886 
39.68699999999821	997.9285830596542 
39.78799999999797	997.9285830607027 
39.888999999997736	997.928583061732 
39.9899999999975	997.9285830627448 
40.090999999997265	997.9285830637392 
40.19199999999703	997.9285830647178 
40.292999999996795	997.9285830656783 
40.39399999999656	997.9285830666238 
40.494999999996324	997.9285830675518 
40.59599999999609	997.9285830684647 
40.69699999999585	997.9285830693626 
40.79799999999562	997.9285830702436 
40.89899999999538	997.9285830711103 
40.99999999999515	997.9285830719631 
41.10099999999491	997.9285830728004 
41.201999999994676	997.9285830736229 
41.30299999999444	997.9285830744323 
41.403999999994205	997.9285830752282 
41.50499999999397	997.9285830760105 
41.605999999993735	997.9285830767783 
41.7069999999935	997.9285830775334 
41.807999999993264	997.9285830782758 
41.90899999999303	997.9285830790054 
42.00999999999279	997.9285830797231 
42.11099999999256	997.9285830804281 
42.21199999999232	997.9285830811217 
42.31299999999209	997.9285830818033 
42.41399999999185	997.9285830824732 
42.514999999991616	997.9285830831319 
42.61599999999138	997.9285830837792 
42.716999999991145	997.9285830844159 
42.81799999999091	997.9285830850416 
42.918999999990675	997.9285830856568 
43.01999999999044	997.9285830862617 
43.120999999990204	997.9285830868562 
43.22199999998997	997.9285830874409 
43.32299999998973	997.9285830880152 
43.4239999999895	997.9285830885791 
43.52499999998926	997.9285830891338 
43.62599999998903	997.9285830896791 
43.72699999998879	997.9285830902159 
43.827999999988556	997.928583090744 
43.92899999998832	997.9285830912607 
44.029999999988085	997.9285830917692 
44.13099999998785	997.92858309227 
44.231999999987615	997.928583092763 
44.33299999998738	997.9285830932453 
44.433999999987144	997.9285830937197 
44.53499999998691	997.9285830941873 
44.63599999998667	997.9285830946466 
44.73699999998644	997.9285830950964 
44.8379999999862	997.9285830955403 
44.93899999998597	997.9285830959766 
45.03999999998573	997.9285830964033 
45.140999999985496	997.9285830968252 
45.24199999998526	997.9285830972385 
45.342999999985025	997.9285830976443 
45.44399999998479	997.9285830980461 
45.544999999984555	997.9285830984365 
45.64599999998432	997.9285830988235 
45.746999999984084	997.9285830992025 
45.84799999998385	997.928583099575 
45.94899999998361	997.9285830999424 
46.04999999998338	997.9285831003014 
46.15099999998314	997.9285831006573 
46.25199999998291	997.9285831010033 
46.35299999998267	997.928583101348 
46.453999999982436	997.9285831016822 
46.5549999999822	997.9285831020154 
46.655999999981965	997.9285831023383 
46.75699999998173	997.9285831026602 
46.857999999981494	997.9285831029723 
46.95899999998126	997.9285831032831 
47.059999999981024	997.9285831035855 
47.16099999998079	997.9285831038854 
47.26199999998055	997.9285831041788 
47.36299999998032	997.928583104468 
47.46399999998008	997.9285831047525 
47.56499999997985	997.9285831050307 
47.66599999997961	997.928583105307 
47.766999999979376	997.9285831055747 
47.86799999997914	997.9285831058411 
47.968999999978905	997.9285831061019 
48.06999999997867	997.9285831063578 
48.170999999978434	997.9285831066115 
48.2719999999782	997.9285831068578 
48.372999999977964	997.9285831071026 
48.47399999997773	997.928583107343 
48.57499999997749	997.9285831075766 
48.67599999997726	997.9285831078096 
48.77699999997702	997.9285831080377 
48.87799999997679	997.9285831082602 
48.97899999997655	997.9285831084816 
49.079999999976316	997.928583108698 
49.18099999997608	997.9285831089095 
49.281999999975845	997.9285831091203 
49.38299999997561	997.9285831093266 
49.483999999975374	997.9285831095269 
49.58499999997514	997.9285831097271 
49.685999999974904	997.928583109923 
49.78699999997467	997.9285831101139 
49.88799999997443	997.9285831103031 
49.9889999999742	997.9285831104902 
50.08999999997396	997.9268494177602 
50.19099999997373	997.9144643259845 
50.29199999997349	997.8922697637855 
50.392999999973256	997.8601950048676 
50.49399999997302	997.8184846767732 
50.594999999972785	997.7672811906422 
50.69599999997255	997.7067518362221 
50.796999999972314	997.6370539960245 
50.89799999997208	997.5583440954624 
50.99899999997184	997.4707754972861 
51.09999999997161	997.3744990412965 
51.20099999997137	997.2696629807265 
51.30199999997114	997.1564130483273 
51.4029999999709	997.0348924950165 
51.50399999997067	996.9052421328838 
51.60499999997043	996.7676003766003 
51.705999999970196	996.622103284249 
51.80699999996996	996.4688845974442 
51.907999999969725	996.3080757807743 
52.00899999996949	996.1398060605653 
52.109999999969254	995.9642024629925 
52.21099999996902	995.7813898515362 
52.31199999996878	995.5914909638053 
52.41299999996855	995.3946264477293 
52.51399999996831	995.1909148971373 
52.61499999996808	994.9804728867313 
52.71599999996784	994.7634150064604 
52.81699999996761	994.5398538953164 
52.91799999996737	994.309900274544 
53.018999999967136	994.0736629802977 
53.1199999999669	993.8312489957325 
53.220999999966665	993.5827634825545 
53.32199999996643	993.3283098120312 
53.422999999966194	993.067989595474 
53.52399999996596	992.8019027142043 
53.62499999996572	992.5301473490058 
53.72599999996549	992.2528200090782 
53.82699999996525	991.9700155604959 
53.92799999996502	991.6818272541849 
54.02899999996478	991.3883467534199 
54.12999999996455	991.0896641608562 
54.23099999996431	990.7858680450985 
54.331999999964076	990.4770454668208 
54.43299999996384	990.1632820044392 
54.533999999963605	989.8446617793476 
54.63499999996337	989.521267480725 
54.735999999963134	989.193180389919 
54.8369999999629	988.860480404417 
54.93799999996266	988.5232460614036 
55.03899999996243	988.1815545609248 
55.13999999996219	987.835481788649 
55.24099999996196	987.4851023382502 
55.34199999996172	987.1304895334004 
55.442999999961486	986.7717154493938 
55.54399999996125	986.4088509344026 
55.644999999961016	986.0419656303663 
55.74599999996078	985.671127993532 
55.846999999960545	985.296405314639 
55.94799999996031	984.9178637387633 
56.048999999960074	984.5355682848226 
56.14999999995984	984.1495828647503 
56.2509999999596	983.7599703023427 
56.35199999995937	983.3667923517836 
56.45299999995913	982.9701097158588 
56.5539999999589	982.5699820638514 
56.65499999995866	982.1664680491428 
56.755999999958426	981.7596253265052 
56.85699999995819	981.3495105691057 
56.957999999957956	980.9361794852192 
57.05899999995772	980.5196868346542 
57.159999999957485	980.1000864449013 
57.26099999995725	979.6774312270082 
57.361999999957014	979.2517731911811 
57.46299999995678	978.8231634621236 
57.56399999995654	978.3916522941099 
57.66499999995631	977.9572890858075 
57.76599999995607	977.5201223948429 
57.86699999995584	977.0801999521211 
57.9679999999556	976.6375686759009 
58.068999999955366	976.1922746856312 
58.16999999995513	975.7443633155506 
58.270999999954896	975.293879128055 
58.37199999995466	974.8408659268412 
58.472999999954425	974.3853667698229 
58.57399999995419	973.9274239818276 
58.674999999953954	973.4670791670785 
58.77599999995372	973.0043732214627 
58.87699999995348	972.539346344591 
58.97799999995325	972.0720380516533 
59.07899999995301	971.6024871850707 
59.17999999995278	971.1307319259498 
59.28099999995254	970.656809805341 
59.381999999952306	970.1807577153077 
59.48299999995207	969.702611919805 
59.583999999951835	969.2224080653723 
59.6849999999516	968.7401811916474 
59.785999999951365	968.2559657416969 
59.88699999995113	967.7697955721756 
59.987999999950894	967.2817039633078 
60.08899999995066	966.7933942206182 
60.18999999995042	966.3138336181008 
60.29099999995019	965.8422697909236 
60.39199999994995	965.3787921721945 
60.49299999994972	964.9231886551729 
60.59399999994948	964.4753465710559 
60.694999999949246	964.0351281206102 
60.79599999994901	963.6024049127716 
60.896999999948775	963.1770490052539 
60.99799999994854	962.7589350399192 
61.098999999948305	962.3479397026825 
61.19999999994807	961.9439417979875 
61.300999999947834	961.5468221899295 
61.4019999999476	961.1564637716486 
61.50299999994736	960.7727514299871 
61.60399999994713	960.3955720116684 
61.70499999994689	960.0248142899144 
61.80599999994666	959.6603689316474 
61.90699999994642	959.3021284652476 
62.007999999946186	958.9499872488622 
62.10899999994595	958.6038414392506 
62.209999999945715	958.2635889611638 
62.31099999994548	957.9291294772429 
62.411999999945245	957.6003643584293 
62.51299999994501	957.2771966548819 
62.613999999944774	956.9595310673856 
62.71499999994454	956.6472739192498 
62.8159999999443	956.3403331286837 
62.91699999994407	956.0386181816406 
63.01799999994383	955.7420401051288 
63.1189999999436	955.4505114409725 
63.21999999994336	955.1639462200224 
63.320999999943126	954.8822599368018 
63.42199999994289	954.6053695245902 
63.522999999942655	954.333193330924 
63.62399999994242	954.0656510935211 
63.724999999942185	953.8026639166106 
63.82599999994195	953.5441542476668 
63.926999999941714	953.2900458545417 
64.02799999994167	953.0402638029824 
64.12799999994215	952.797144810379 
64.22799999994263	952.5581244233135 
64.3279999999431	952.3231335457142 
64.42799999994358	952.0921042463608 
64.52799999994406	951.8649697392469 
64.62799999994454	951.6416643642744 
64.72799999994501	951.4221235682708 
64.82799999994549	951.206283886329 
64.92799999994597	950.9940829234616 
65.02799999994645	950.7854593365626 
65.12799999994692	950.5803528166741 
65.2279999999474	950.3787040715538 
65.32799999994788	950.180454808533 
65.42799999994836	949.9855477176669 
65.52799999994883	949.7939264551657 
65.62799999994931	949.6055356271083 
65.72799999994979	949.4203207734283 
65.82799999995026	949.2382283521706 
65.92799999995074	949.0592057240135 
66.02799999995122	948.8832011370525 
66.1279999999517	948.7101637118382 
66.22799999995217	948.5400434266705 
66.32799999995265	948.3727911031343 
66.42799999995313	948.2083583918884 
66.52799999995361	948.0466977586839 
66.62799999995408	947.8877624706256 
66.72799999995456	947.7315065826625 
66.82799999995504	947.5778849243038 
66.92799999995552	947.4268530865635 
67.027999999956	947.2783674091199 
67.12799999995647	947.132384967699 
67.22799999995695	946.9888635616595 
67.32799999995743	946.8477617017996 
67.4279999999579	946.709038598358 
67.52799999995838	946.5726541492271 
67.62799999995886	946.4385689283563 
67.72799999995934	946.3067441743584 
67.82799999995981	946.1771417793007 
67.92799999996029	946.0497242776912 
68.02799999996077	945.9244548356478 
68.12799999996125	945.8012972402494 
68.22799999996172	945.6802158890683 
68.3279999999622	945.5611757798779 
68.42799999996268	945.444142500535 
68.52799999996316	945.3290822190302 
68.62799999996363	945.2159616737088 
68.72799999996411	945.1047481636566 
68.82799999996459	944.9954095392455 
68.92799999996507	944.8879141928389 
69.02799999996554	944.7822310496554 
69.12799999996602	944.6783295587862 
69.2279999999665	944.5761796843639 
69.32799999996698	944.4757518968773 
69.42799999996745	944.3770171646369 
69.52799999996793	944.2799469453828 
69.62799999996841	944.1845131780319 
69.72799999996889	944.0906882745674 
69.82799999996936	943.9984451120639 
69.92799999996984	943.9077570248451 
70.02799999997032	943.8185977967769 
70.1279999999708	943.7309416536879 
70.22799999997127	943.6447632559185 
70.32799999997175	943.5600376909971 
70.42799999997223	943.4767404664364 
70.5279999999727	943.3948475026541 
70.62799999997318	943.3143351260129 
70.72799999997366	943.2351800619747 
70.82799999997414	943.1573594283745 
70.92799999997462	943.0808507288053 
71.0279999999751	943.0056318461127 
71.12799999997557	942.931681036004 
71.22799999997605	942.858976920761 
71.32799999997653	942.7874984830602 
71.427999999977	942.7172250598978 
71.52799999997748	942.6481363366149 
71.62799999997796	942.5802123410274 
71.72799999997844	942.5134334376492 
71.82799999997891	942.4477803220193 
71.92799999997939	942.3832340151185 
72.02799999997987	942.3197758578856 
72.12799999998035	942.2573875058195 
72.22799999998082	942.1960509236818 
72.3279999999813	942.1357483802777 
72.42799999998178	942.0764624433332 
72.52799999998226	942.0181759744551 
72.62799999998273	941.9608721241772 
72.72799999998321	941.9045343270881 
72.82799999998369	941.8491462970435 
72.92799999998417	941.7946920224589 
73.02799999998464	941.7411557616788 
73.12799999998512	941.6885220384277 
73.2279999999856	941.6367756373367 
73.32799999998608	941.5859015995427 
73.42799999998655	941.5358852183674 
73.52799999998703	941.4867120350629 
73.62799999998751	941.4383678346331 
73.72799999998799	941.3908386417247 
73.82799999998846	941.3441107165871 
73.92799999998894	941.2981705511004 
74.02799999998942	941.2530048648707 
74.1279999999899	941.20860060139 
74.22799999999037	941.1649449242625 
74.32799999999085	941.1220252134959 
74.42799999999133	941.079829061848 
74.5279999999918	941.0383442712466 
74.62799999999228	940.9975588492573 
74.72799999999276	940.9574610056201 
74.82799999999324	940.9180391488416 
74.92799999999372	940.8792818828414 
75.0279999999942	940.8411780036598 
75.12799999999467	940.8037164962176 
75.22799999999515	940.766886531133 
75.32799999999563	940.7306774615914 
75.4279999999961	940.6950788202658 
75.52799999999658	940.6600803162926 
75.62799999999706	940.6256718322957 
75.72799999999754	940.5918434214614 
75.82799999999801	940.5585853046651 
75.92799999999849	940.5258878676423 
76.02799999999897	940.4937416582097 
76.12799999999945	940.4621373835336 
76.22799999999992	940.4310659074423 
76.3280000000004	940.4005182477857 
76.42800000000088	940.3704855738393 
76.52800000000136	940.3409592037505 
76.62800000000183	940.3119306020284 
76.72800000000231	940.2833913770785 
76.82800000000279	940.2553332787743 
76.92800000000327	940.2277481960738 
77.02800000000374	940.2006281546751 
77.12800000000422	940.1739653147092 
77.2280000000047	940.1477519684761 
77.32800000000518	940.1219805382157 
77.42800000000565	940.0966435739158 
77.52800000000613	940.0717337511617 
77.62800000000661	940.0472438690152 
77.72800000000709	940.0231668479352 
77.82800000000756	939.9994957277306 
77.92800000000804	939.9762236655484 
78.02800000000852	939.9533439338951 
78.128000000009	939.9308499186923 
78.22800000000947	939.9087351173644 
78.32800000000995	939.8869931369595 
78.42800000001043	939.8656176923004 
78.5280000000109	939.8446026041682 
78.62800000001138	939.8239417975168 
78.72800000001186	939.8036292997141 
78.82800000001234	939.7836592388193 
78.92800000001282	939.7640258418819 
79.0280000000133	939.7447234332745 
79.12800000001377	939.7257464330524 
79.22800000001425	939.7070893553404 
79.32800000001473	939.6887468067442 
79.4280000000152	939.6707134847969 
79.52800000001568	939.6529841764211 
79.62800000001616	939.6355537564235 
79.72800000001664	939.6184171860148 
79.82800000001711	939.6015695113504 
79.92800000001759	939.5850058621007 
80.02800000001807	939.5687214500421 
80.12800000001855	939.552711567672 
80.22800000001902	939.5369715868508 
80.3280000000195	939.5214969574602 
80.42800000001998	939.5062832060911 
80.52800000002046	939.4913259347477 
80.62800000002093	939.4766208195795 
80.72800000002141	939.4621636096273 
80.82800000002189	939.4479501255977 
80.92800000002237	939.433976258653 
81.02800000002284	939.4202379692255 
81.12800000002332	939.4067312858457 
81.2280000000238	939.3934523039986 
81.32800000002428	939.3803971849934 
81.42800000002475	939.3675621548527 
81.52800000002523	939.3549435032232 
81.62800000002571	939.3425375823018 
81.72800000002619	939.3303408057816 
81.82800000002666	939.3183496478158 
81.92800000002714	939.3065606419977 
82.02800000002762	939.2949703803581 
82.1280000000281	939.283575512382 
82.22800000002857	939.2723727440375 
82.32800000002905	939.2613588368259 
82.42800000002953	939.2505306068441 
82.52800000003	939.2398849238651 
82.62800000003048	939.2294187104322 
82.72800000003096	939.2191289409697 
82.82800000003144	939.2090126409081 
82.92800000003191	939.1990668858259 
83.02800000003239	939.189288800601 
83.12800000003287	939.1796755585825 
83.22800000003335	939.170224380772 
83.32800000003382	939.1609325350203 
83.4280000000343	939.1517973352389 
83.52800000003478	939.1428161406219 
83.62800000003526	939.1339863548835 
83.72800000003573	939.1253054255068 
83.82800000003621	939.1167708430065 
83.92800000003669	939.1083801402037 
84.02800000003717	939.1001308915121 
84.12800000003764	939.0920207122366 
84.22800000003812	939.0840472578849 
84.3280000000386	939.0762082234884 
84.42800000003908	939.0685013429376 
84.52800000003955	939.0609243883254 
84.62800000004003	939.0534751693042 
84.72800000004051	939.0461515324511 
84.82800000004099	939.0389513606482 
84.92800000004146	939.0318725724675 
85.02800000004194	939.0249131215716 
85.12800000004242	939.0180709961209 
85.2280000000429	939.0113442181918 
85.32800000004337	939.0047308432053 
85.42800000004385	938.9982289593664 
85.52800000004433	938.991836687108 
85.6280000000448	938.9855521785508 
85.72800000004528	938.9793736169679 
85.82800000004576	938.9732992162586 
85.92800000004624	938.9673272204342 
86.02800000004672	938.9614559031083 
86.1280000000472	938.9556835669988 
86.22800000004767	938.9500085434379 
86.32800000004815	938.9444291918884 
86.42800000004863	938.9389438994696 
86.5280000000491	938.933551080492 
86.62800000004958	938.928249175999 
86.72800000005006	938.9230366533135 
86.82800000005054	938.9179120055983 
86.92800000005101	938.9128737514197 
87.02800000005149	938.9079204343178 
87.12800000005197	938.9030506223866 
87.22800000005245	938.8982629078587 
87.32800000005292	938.8935559067016 
87.4280000000534	938.888928258213 
87.52800000005388	938.8843786246326 
87.62800000005436	938.8799056907502 
87.72800000005483	938.8755081635296 
87.82800000005531	938.8711847717318 
87.92800000005579	938.8669342655505 
88.02800000005627	938.8627554162475 
88.12800000005674	938.8586470158008 
88.22800000005722	938.8546078765527 
88.3280000000577	938.850636830868 
88.42800000005818	938.8467327307955 
88.52800000005865	938.8428944477369 
88.62800000005913	938.8391208721212 
88.72800000005961	938.835410913081 
88.82800000006009	938.8317634981416 
88.92800000006056	938.8281775729066 
89.02800000006104	938.8246521007569 
89.12800000006152	938.821186062547 
89.228000000062	938.8177784563142 
89.32800000006247	938.8144282969864 
89.42800000006295	938.8111346160995 
89.52800000006343	938.807896461515 
89.6280000000639	938.8047128971465 
89.72800000006438	938.8015830026882 
89.82800000006486	938.7985058733502 
89.92800000006534	938.7954806195947 
90.02800000006582	938.7925063668799 
90.1280000000663	938.7895822554099 
90.22800000006677	938.7867074398796 
90.32800000006725	938.783881089238 
90.42800000006773	938.7811023864432 
90.5280000000682	938.7783705282257 
90.62800000006868	938.7756847248611 
90.72800000006916	938.7730441999356 
90.82800000006964	938.7704481901252 
90.92800000007011	938.7678959449756 
91.02800000007059	938.7653867266828 
91.12800000007107	938.7629198098815 
91.22800000007155	938.7604944814349 
91.32800000007202	938.7581100402284 
91.4280000000725	938.7557657969668 
91.52800000007298	938.7534610739759 
91.62800000007346	938.7511952050062 
91.72800000007393	938.748967535039 
91.82800000007441	938.7467774200999 
91.92800000007489	938.744624227069 
92.02800000007537	938.7425073335006 
92.12800000007584	938.7404261274439 
92.22800000007632	938.7383800072624 
92.3280000000768	938.7363683814634 
92.42800000007728	938.7343906685254 
92.52800000007775	938.7324462967309 
92.62800000007823	938.7305347040001 
92.72800000007871	938.72865533773 
92.82800000007919	938.7268076546322 
92.92800000007966	938.7249911205786 
93.02800000008014	938.7232052104443 
93.12800000008062	938.721449407959 
93.2280000000811	938.7197232055544 
93.32800000008157	938.7180261042188 
93.42800000008205	938.7163576133547 
93.52800000008253	938.7147172506341 
93.628000000083	938.7131045418607 
93.72800000008348	938.7115190208315 
93.82800000008396	938.7099602292044 
93.92800000008444	938.7084277163635 
94.02800000008492	938.7069210392896 
94.1280000000854	938.7054397624319 
94.22800000008587	938.7039834575828 
94.32800000008635	938.7025517037532 
94.42800000008683	938.7011440870511 
94.5280000000873	938.6997602005624 
94.62800000008778	938.6983996442328 
94.72800000008826	938.6970620247531 
94.82800000008874	938.6957469554429 
94.92800000008921	938.6944540561423 
95.02800000008969	938.6931829530997 
95.12800000009017	938.6919332788641 
95.22800000009065	938.6907046721791 
95.32800000009112	938.6894967778791 
95.4280000000916	938.6883092467856 
95.52800000009208	938.6871417356068 
95.62800000009256	938.6859939068386 
95.72800000009303	938.6848654286663 
95.82800000009351	938.6837559748687 
95.92800000009399	938.6826652247248 
96.02800000009447	938.6815928629211 
96.12800000009494	938.6805385794573 
96.22800000009542	938.6795020695631 
96.3280000000959	938.6784830336019 
96.42800000009638	938.6774811769915 
96.52800000009685	938.6764962101149 
96.62800000009733	938.6755278482375 
96.72800000009781	938.6745758114249 
96.82800000009829	938.6736398244628 
96.92800000009876	938.6727196167751 
97.02800000009924	938.6718149223477 
97.12800000009972	938.670925479652 
97.2280000001002	938.6700510315676 
97.32800000010067	938.6691913253088 
97.42800000010115	938.6683461123515 
97.52800000010163	938.6675151483612 
97.6280000001021	938.6666981931222 
97.72800000010258	938.6658950104697 
97.82800000010306	938.6651053682192 
97.92800000010354	938.6643290381005 
98.02800000010402	938.6635657956917 
98.12800000010449	938.6628154203552 
98.22800000010497	938.6620776951718 
98.32800000010545	938.6613524068798 
98.42800000010592	938.6606393458128 
98.5280000001064	938.6599383058388 
98.62800000010688	938.6592490843011 
98.72800000010736	938.6585714819591 
98.82800000010783	938.6579053029318 
98.92800000010831	938.6572503546397 
99.02800000010879	938.6566064477507 
99.12800000010927	938.6559733961233 
99.22800000010974	938.6553510167548 
99.32800000011022	938.6547391297283 
99.4280000001107	938.6541375581592 
99.52800000011118	938.6535461281443 
99.62800000011165	938.6529646687139 
99.72800000011213	938.6523930117785 
99.82800000011261	938.6518309920841 
99.92800000011309	938.6512784471619 
