0.001	1003.6314263458991 
0.10100000000000008	1003.6313999361952 
0.20100000000000015	1003.6314016754766 
0.3010000000000002	1003.6314036342694 
0.4010000000000003	1003.631403950957 
0.5020000000000003	1003.6314049934998 
0.6020000000000004	1003.631405765033 
0.7020000000000005	1003.6314065968241 
0.8020000000000006	1003.6314073947175 
0.9020000000000007	1003.6314081842784 
1.0030000000000003	1003.6314089669512 
1.1039999999999892	1003.6314097365972 
1.204999999999978	1003.6314104930719 
1.305999999999967	1003.6314112366829 
1.4069999999999558	1003.6314119676293 
1.5079999999999447	1003.6314126861319 
1.6089999999999336	1003.6314133924017 
1.7099999999999225	1003.6314140866466 
1.8109999999999113	1003.6314147690711 
1.9119999999999002	1003.6314154398782 
2.0129999999998893	1003.6314160992636 
2.113999999999878	1003.6314167474226 
2.214999999999867	1003.6314173845467 
2.315999999999856	1003.6314180108228 
2.416999999999845	1003.6314186264364 
2.5179999999998337	1003.6314192315698 
2.6189999999998226	1003.6314198263992 
2.7199999999998115	1003.6314204111017 
2.8209999999998003	1003.6314209858494 
2.921999999999789	1003.6314215508114 
3.022999999999778	1003.6314221061544 
3.123999999999767	1003.6314226520426 
3.224999999999756	1003.6314231886377 
3.3259999999997447	1003.6314237160962 
3.4269999999997336	1003.6314242345743 
3.5279999999997225	1003.6314247442252 
3.6289999999997113	1003.6314252451987 
3.7299999999997	1003.631425737643 
3.830999999999689	1003.6314262217029 
3.931999999999678	1003.6314266975221 
4.031999999999681	1003.6314271606481 
4.131999999999715	1003.6314276159669 
4.231999999999748	1003.6314280636094 
4.331999999999781	1003.6314285037051 
4.431999999999815	1003.6314289363821 
4.531999999999848	1003.6314293617645 
4.6319999999998815	1003.6314297799755 
4.731999999999915	1003.6314301911357 
4.831999999999948	1003.6314305953645 
4.931999999999982	1003.6314309927799 
5.032000000000015	1003.6314313834946 
5.1320000000000485	1003.6314317676226 
5.232000000000082	1003.6314321452746 
5.332000000000115	1003.63143251656 
5.432000000000149	1003.6314328815863 
5.532000000000182	1003.6314332404586 
5.6320000000002155	1003.631433593281 
5.732000000000249	1003.6314339401551 
5.832000000000282	1003.6314342811809 
5.932000000000316	1003.6314346164608 
6.032000000000349	1003.6314349460848 
6.1320000000003825	1003.6314352701536 
6.232000000000416	1003.6314355887586 
6.332000000000449	1003.6314359019925 
6.432000000000483	1003.6314362099454 
6.532000000000516	1003.631436512707 
6.6320000000005495	1003.6314368103642 
6.732000000000583	1003.6314371030035 
6.832000000000616	1003.6314373907095 
6.93200000000065	1003.6314376735651 
7.032000000000683	1003.6314379516518 
7.132000000000716	1003.6314382250496 
7.23200000000075	1003.6314384938423 
7.332000000000783	1003.6314387581002 
7.432000000000817	1003.6314390179042 
7.53200000000085	1003.6314392733279 
7.632000000000883	1003.6314395244456 
7.732000000000917	1003.6314397713297 
7.83200000000095	1003.6314400140518 
7.932000000000984	1003.6314402526818 
8.032000000000988	1003.6314404872898 
8.133000000000932	1003.6314407202282 
8.234000000000876	1003.6314409492012 
8.33500000000082	1003.631441174276 
8.436000000000764	1003.6314413955182 
8.537000000000708	1003.6314416129941 
8.638000000000652	1003.631441826767 
8.739000000000596	1003.6314420368999 
8.84000000000054	1003.6314422434546 
8.941000000000484	1003.6314424464965 
9.042000000000428	1003.6314426460785 
9.143000000000372	1003.6314428422636 
9.244000000000316	1003.6314430351075 
9.34500000000026	1003.6314432246684 
9.446000000000204	1003.6314434110021 
9.547000000000148	1003.631443594163 
9.648000000000092	1003.6314437742061 
9.749000000000036	1003.6314439511832 
9.84999999999998	1003.6314441251475 
9.950999999999924	1003.631444296149 
10.051999999999868	1003.6314444642408 
10.152999999999812	1003.6314446294696 
10.253999999999756	1003.6314447918857 
10.3549999999997	1003.6314449515361 
10.455999999999644	1003.631445108469 
10.556999999999588	1003.6314452627294 
10.657999999999532	1003.6314454143641 
10.758999999999476	1003.6314455634164 
10.85999999999942	1003.6314457099309 
10.960999999999364	1003.6314458539513 
11.061999999999308	1003.631445995519 
11.162999999999252	1003.6314461346768 
11.263999999999196	1003.6314462714643 
11.36499999999914	1003.6314464059261 
11.465999999999084	1003.6314465380974 
11.566999999999029	1003.6314466680178 
11.667999999998973	1003.6314467957266 
11.768999999998917	1003.6314469212609 
11.86999999999886	1003.631447044658 
11.970999999998805	1003.6314471659539 
12.071999999998749	1003.6314472851849 
12.172999999998693	1003.6314474023857 
12.273999999998637	1003.6314475175911 
12.37499999999858	1003.6314476308356 
12.475999999998525	1003.6314477421515 
12.576999999998469	1003.6314478515724 
12.677999999998413	1003.63144795913 
12.778999999998357	1003.6314480648566 
12.8799999999983	1003.6314481687828 
12.980999999998245	1003.6314482709405 
13.081999999998189	1003.6314483713586 
13.182999999998133	1003.6314484700666 
13.283999999998077	1003.6314485670944 
13.384999999998021	1003.6314486624697 
13.485999999997965	1003.6314487562217 
13.586999999997909	1003.6314488483771 
13.687999999997853	1003.6314489389637 
13.788999999997797	1003.631449028008 
13.889999999997741	1003.6314491155365 
13.990999999997685	1003.6314492015744 
14.091999999997629	1003.6314492861474 
14.192999999997573	1003.6314493692809 
14.293999999997517	1003.6314494509986 
14.394999999997461	1003.631449531325 
14.495999999997405	1003.631449610284 
14.59699999999735	1003.6314496878985 
14.697999999997293	1003.6314497641913 
14.798999999997237	1003.6314498391853 
14.899999999997181	1003.631449912903 
15.000999999997125	1003.631449985364 
15.10199999999707	1003.6314500565916 
15.202999999997013	1003.6314501266064 
15.303999999996957	1003.6314501954298 
15.404999999996901	1003.6314502630839 
15.505999999996845	1003.6314503295847 
15.60699999999679	1003.6314503949534 
15.707999999996733	1003.6314504592094 
15.808999999996677	1003.6314505223716 
15.909999999996622	1003.6314505844578 
16.010999999996585	1003.6314506454867 
16.110999999996707	1003.6314507048876 
16.21099999999683	1003.6314507632874 
16.31099999999695	1003.6314508207025 
16.410999999997074	1003.6314508771496 
16.510999999997196	1003.6314509326451 
16.61099999999732	1003.631450987205 
16.71099999999744	1003.6314510408454 
16.810999999997563	1003.6314510935811 
16.910999999997685	1003.631451145428 
17.010999999997807	1003.6314511964001 
17.11099999999793	1003.631451246514 
17.21099999999805	1003.6314512957823 
17.310999999998174	1003.6314513442204 
17.410999999998296	1003.6314513918418 
17.51099999999842	1003.6314514386601 
17.61099999999854	1003.6314514846891 
17.710999999998663	1003.631451529942 
17.810999999998785	1003.6314515744331 
17.910999999998907	1003.6314516181735 
18.01099999999903	1003.6314516611764 
18.11099999999915	1003.6314517034542 
18.210999999999274	1003.6314517450195 
18.310999999999396	1003.6314517858837 
18.410999999999518	1003.6314518260594 
18.51099999999964	1003.6314518655577 
18.610999999999763	1003.6314519043901 
18.710999999999885	1003.6314519425675 
18.811000000000007	1003.6314519801015 
18.91100000000013	1003.6314520170029 
19.01100000000025	1003.631452053282 
19.111000000000374	1003.6314520889492 
19.211000000000496	1003.631452124015 
19.311000000000618	1003.6314521584901 
19.41100000000074	1003.6314521923831 
19.511000000000863	1003.6314522257068 
19.611000000000985	1003.6314522584678 
19.711000000001107	1003.6314522906764 
19.81100000000123	1003.6314523223423 
19.91100000000135	1003.6314523534742 
20.011000000001474	1003.6314523840812 
20.111000000001596	1003.631452414172 
20.211000000001718	1003.6314524437556 
20.31100000000184	1003.6314524728404 
20.411000000001962	1003.6314525014352 
20.511000000002085	1003.6314525295476 
20.611000000002207	1003.6314525571862 
20.71100000000233	1003.6314525843585 
20.81100000000245	1003.6314526110732 
20.911000000002574	1003.6314526373376 
21.011000000002696	1003.6314526631588 
21.111000000002818	1003.6314526885448 
21.21100000000294	1003.6314527135028 
21.311000000003062	1003.63145273804 
21.411000000003185	1003.6314527621636 
21.511000000003307	1003.6314527858804 
21.61100000000343	1003.6314528091971 
21.71100000000355	1003.6314528321211 
21.811000000003673	1003.6314528546587 
21.911000000003796	1003.6314528768172 
22.011000000003918	1003.6314528986012 
22.11100000000404	1003.6314529200182 
22.211000000004162	1003.6314529410743 
22.311000000004285	1003.631452961775 
22.411000000004407	1003.6314529821268 
22.51100000000453	1003.6314530021356 
22.61100000000465	1003.631453021807 
22.711000000004773	1003.6314530411466 
22.811000000004896	1003.6314530601605 
22.911000000005018	1003.6314530788536 
23.01100000000514	1003.6314530972317 
23.111000000005262	1003.6314531152999 
23.211000000005384	1003.6314531330634 
23.311000000005507	1003.6314531505275 
23.41100000000563	1003.6314531676971 
23.51100000000575	1003.6314531845771 
23.611000000005873	1003.6314532011731 
23.711000000005996	1003.631453217489 
23.811000000006118	1003.6314532335299 
23.91100000000624	1003.6314532493005 
24.011000000006362	1003.6314532648051 
24.111000000006484	1003.6314532800483 
24.211000000006607	1003.6314532950341 
24.31100000000673	1003.6314533097677 
24.41100000000685	1003.6314533242528 
24.511000000006973	1003.6314533384937 
24.611000000007095	1003.6314533524943 
24.711000000007218	1003.6314533662592 
24.81100000000734	1003.631453379792 
24.911000000007462	1003.631453393097 
25.011000000007584	1003.6314534061773 
25.111000000007706	1003.6314534190374 
25.21100000000783	1003.6314534316805 
25.31100000000795	1003.6314534441103 
25.411000000008073	1003.6314534563305 
25.511000000008195	1003.631453468345 
25.611000000008318	1003.6314534801564 
25.71100000000844	1003.631453491769 
25.811000000008562	1003.6314535031858 
25.911000000008684	1003.6314535144102 
26.011000000008806	1003.6314535254453 
26.11100000000893	1003.6314535362943 
26.21100000000905	1003.6314535469603 
26.311000000009173	1003.6314535574468 
26.411000000009295	1003.6314535677562 
26.511000000009417	1003.6314535778919 
26.61100000000954	1003.6314535878565 
26.711000000009662	1003.6314535976535 
26.811000000009784	1003.6314536072852 
26.911000000009906	1003.6314536167546 
27.01100000001003	1003.6314536260644 
27.11100000001015	1003.6314536352173 
27.211000000010273	1003.631453644216 
27.311000000010395	1003.6314536530629 
27.411000000010517	1003.6314536617605 
27.51100000001064	1003.6314536703115 
27.611000000010762	1003.6314536787186 
27.711000000010884	1003.6314536869837 
27.811000000011006	1003.6314536951095 
27.91100000001113	1003.6314537030984 
28.01100000001125	1003.6314537109524 
28.111000000011373	1003.6314537186743 
28.211000000011495	1003.6314537262655 
28.311000000011617	1003.6314537337289 
28.41100000001174	1003.6314537410665 
28.51100000001186	1003.6314537482804 
28.611000000011984	1003.6314537553726 
28.711000000012106	1003.6314537623451 
28.81100000001223	1003.6314537692002 
28.91100000001235	1003.6314537759397 
29.011000000012473	1003.6314537825655 
29.111000000012595	1003.6314537890795 
29.211000000012717	1003.6314537954839 
29.31100000001284	1003.6314538017801 
29.41100000001296	1003.6314538079704 
29.511000000013084	1003.631453814056 
29.611000000013206	1003.6314538200392 
29.71100000001333	1003.6314538259214 
29.81100000001345	1003.6314538317048 
29.911000000013573	1003.6314538373904 
30.011000000013695	1003.6314538429802 
30.111000000013817	1003.6314538484758 
30.21100000001394	1003.6314538538785 
30.31100000001406	1003.6314538591904 
30.411000000014184	1003.631453864413 
30.511000000014306	1003.6314538695472 
30.61100000001443	1003.631453874595 
30.71100000001455	1003.6314538795577 
30.811000000014673	1003.631453884437 
30.911000000014795	1003.6314538892337 
31.011000000014917	1003.6314538939498 
31.11100000001504	1003.6314538985863 
31.21100000001516	1003.6314539031448 
31.311000000015284	1003.6314539076262 
31.411000000015406	1003.6314539120323 
31.511000000015528	1003.631453916364 
31.61100000001565	1003.6314539206229 
31.711000000015773	1003.6314539248098 
31.811000000015895	1003.6314539289259 
31.911000000016017	1003.6314539329727 
32.0110000000161	1003.6314539369513 
32.11200000001586	1003.6314539409015 
32.213000000015626	1003.6314539447843 
32.31400000001539	1003.6314539486013 
32.415000000015155	1003.631453952353 
32.51600000001492	1003.631453956041 
32.617000000014684	1003.6314539596658 
32.71800000001445	1003.6314539632291 
32.81900000001421	1003.6314539667316 
32.92000000001398	1003.6314539701744 
33.02100000001374	1003.6314539735585 
33.12200000001351	1003.6314539768849 
33.22300000001327	1003.6314539801548 
33.32400000001304	1003.6314539833688 
33.4250000000128	1003.6314539865282 
33.526000000012566	1003.6314539896335 
33.62700000001233	1003.6314539926861 
33.728000000012095	1003.6314539956868 
33.82900000001186	1003.6314539986361 
33.930000000011624	1003.631454001535 
34.03100000001139	1003.6314540043848 
34.13200000001115	1003.631454007186 
34.23300000001092	1003.6314540099394 
34.33400000001068	1003.6314540126459 
34.43500000001045	1003.6314540153062 
34.53600000001021	1003.6314540179214 
34.63700000000998	1003.631454020492 
34.73800000000974	1003.6314540230187 
34.839000000009506	1003.6314540255025 
34.94000000000927	1003.6314540279437 
35.041000000009035	1003.631454030343 
35.1420000000088	1003.6314540327023 
35.243000000008564	1003.6314540350205 
35.34400000000833	1003.6314540372995 
35.44500000000809	1003.63145403954 
35.54600000000786	1003.6314540417418 
35.64700000000762	1003.6314540439067 
35.74800000000739	1003.6314540460347 
35.84900000000715	1003.6314540481262 
35.950000000006916	1003.6314540501821 
36.05100000000668	1003.631454052203 
36.152000000006446	1003.6314540541892 
36.25300000000621	1003.6314540561418 
36.354000000005975	1003.6314540580606 
36.45500000000574	1003.6314540599471 
36.556000000005504	1003.6314540618013 
36.65700000000527	1003.6314540636242 
36.75800000000503	1003.6314540654156 
36.8590000000048	1003.6314540671765 
36.96000000000456	1003.6314540689079 
37.06100000000433	1003.6314540706093 
37.16200000000409	1003.6314540722822 
37.263000000003856	1003.6314540739262 
37.36400000000362	1003.6314540755428 
37.465000000003386	1003.6314540771309 
37.56600000000315	1003.6314540786929 
37.667000000002915	1003.6314540802283 
37.76800000000268	1003.6314540817367 
37.869000000002444	1003.6314540832195 
37.97000000000221	1003.6314540846774 
38.07100000000197	1003.63145408611 
38.17200000000174	1003.631454087519 
38.2730000000015	1003.6314540889035 
38.37400000000127	1003.6314540902641 
38.47500000000103	1003.631454091602 
38.576000000000796	1003.6314540929164 
38.67700000000056	1003.6314540942091 
38.778000000000326	1003.6314540954787 
38.87900000000009	1003.6314540967275 
38.979999999999855	1003.6314540979549 
39.08099999999962	1003.6314540991613 
39.181999999999384	1003.6314541003479 
39.28299999999915	1003.6314541015133 
39.38399999999891	1003.6314541026592 
39.48499999999868	1003.6314541037856 
39.58599999999844	1003.6314541048935 
39.68699999999821	1003.6314541059811 
39.78799999999797	1003.631454107052 
39.888999999997736	1003.6314541081035 
39.9899999999975	1003.6314541091375 
40.090999999997265	1003.6314541101539 
40.19199999999703	1003.6314541111525 
40.292999999996795	1003.6314541121342 
40.39399999999656	1003.6314541130993 
40.494999999996324	1003.6314541140474 
40.59599999999609	1003.6314541149806 
40.69699999999585	1003.6314541158961 
40.79799999999562	1003.6314541167968 
40.89899999999538	1003.6314541176827 
40.99999999999515	1003.631454118552 
41.10099999999491	1003.6314541194077 
41.201999999994676	1003.6314541202488 
41.30299999999444	1003.6314541210753 
41.403999999994205	1003.6314541218869 
41.50499999999397	1003.6314541226855 
41.605999999993735	1003.6314541234703 
41.7069999999935	1003.6314541242425 
41.807999999993264	1003.631454125001 
41.90899999999303	1003.6314541257462 
42.00999999999279	1003.6314541264782 
42.11099999999256	1003.6314541271985 
42.21199999999232	1003.6314541279063 
42.31299999999209	1003.6314541286022 
42.41399999999185	1003.6314541292866 
42.514999999991616	1003.6314541299589 
42.61599999999138	1003.6314541306205 
42.716999999991145	1003.6314541312704 
42.81799999999091	1003.6314541319094 
42.918999999990675	1003.631454132538 
43.01999999999044	1003.6314541331554 
43.120999999990204	1003.631454133763 
43.22199999998997	1003.6314541343601 
43.32299999998973	1003.6314541349457 
43.4239999999895	1003.631454135522 
43.52499999998926	1003.6314541360883 
43.62599999998903	1003.6314541366454 
43.72699999998879	1003.6314541371936 
43.827999999988556	1003.6314541377326 
43.92899999998832	1003.6314541382608 
44.029999999988085	1003.6314541387801 
44.13099999998785	1003.6314541392913 
44.231999999987615	1003.6314541397945 
44.33299999998738	1003.6314541402883 
44.433999999987144	1003.6314541407726 
44.53499999998691	1003.6314541412494 
44.63599999998667	1003.6314541417198 
44.73699999998644	1003.6314541421791 
44.8379999999862	1003.6314541426315 
44.93899999998597	1003.6314541430777 
45.03999999998573	1003.631454143514 
45.140999999985496	1003.6314541439436 
45.24199999998526	1003.6314541443678 
45.342999999985025	1003.6314541447812 
45.44399999998479	1003.6314541451898 
45.544999999984555	1003.6314541455916 
45.64599999998432	1003.6314541459847 
45.746999999984084	1003.6314541463743 
45.84799999998385	1003.6314541467532 
45.94899999998361	1003.6314541471282 
46.04999999998338	1003.6314541474957 
46.15099999998314	1003.631454147857 
46.25199999998291	1003.6314541482129 
46.35299999998267	1003.6314541485619 
46.453999999982436	1003.6314541489064 
46.5549999999822	1003.6314541492434 
46.655999999981965	1003.6314541495764 
46.75699999998173	1003.6314541499021 
46.857999999981494	1003.6314541502236 
46.95899999998126	1003.6314541505393 
47.059999999981024	1003.6314541508493 
47.16099999998079	1003.6314541511557 
47.26199999998055	1003.6314541514542 
47.36299999998032	1003.6314541517521 
47.46399999998008	1003.6314541520393 
47.56499999997985	1003.6314541523263 
47.66599999997961	1003.6314541526051 
47.766999999979376	1003.6314541528807 
47.86799999997914	1003.6314541531535 
47.968999999978905	1003.6314541534176 
48.06999999997867	1003.6314541536817 
48.170999999978434	1003.631454153938 
48.2719999999782	1003.6314541541906 
48.372999999977964	1003.6314541544426 
48.47399999997773	1003.631454154684 
48.57499999997749	1003.6314541549251 
48.67599999997726	1003.6314541551642 
48.77699999997702	1003.6314541553938 
48.87799999997679	1003.6314541556235 
48.97899999997655	1003.6314541558501 
49.079999999976316	1003.6314541560682 
49.18099999997608	1003.6314541562864 
49.281999999975845	1003.6314541565031 
49.38299999997561	1003.6314541567098 
49.483999999975374	1003.6314541569164 
49.58499999997514	1003.6314541571231 
49.685999999974904	1003.6314541573199 
49.78699999997467	1003.6314541575151 
49.88799999997443	1003.6314541577103 
49.9889999999742	1003.6314541579012 
50.08999999997396	1003.6253272275189 
50.19099999997373	1003.6057732693542 
50.29199999997349	1003.5767346691438 
50.392999999973256	1003.5375255053518 
50.49399999997302	1003.4884834408529 
50.594999999972785	1003.4297467465013 
50.69599999997255	1003.3614848687222 
50.796999999972314	1003.2838595468511 
50.89799999997208	1003.1970301616926 
50.99899999997184	1003.1011534570707 
51.09999999997161	1002.9963834531623 
51.20099999997137	1002.8828715684306 
51.30199999997114	1002.7607666370434 
51.4029999999709	1002.630214960923 
51.50399999997067	1002.4913603506677 
51.60499999997043	1002.344344168529 
51.705999999970196	1002.1893053699581 
51.80699999996996	1002.0263805446165 
51.907999999969725	1001.8557039566449 
52.00899999996949	1001.677407584262 
52.109999999969254	1001.4916211586806 
52.21099999996902	1001.298472202364 
52.31199999996878	1001.0980860666343 
52.41299999996855	1000.8905859686339 
52.51399999996831	1000.6760930276623 
52.61499999996808	1000.4547263008938 
52.71599999996784	1000.2266028184857 
52.81699999996761	999.9918376180897 
52.91799999996737	999.750543778775 
53.018999999967136	999.5028324543739 
53.1199999999669	999.2488129062629 
53.220999999966665	998.9885925355782 
53.32199999996643	998.7222769148918 
53.422999999966194	998.4499698193412 
53.52399999996596	998.1717732572324 
53.62499999996572	997.8877875001214 
53.72599999996549	997.598111112383 
53.82699999996525	997.3028409802776 
53.92799999996502	997.0020723405204 
54.02899999996478	996.6958988083669 
54.12999999996455	996.3844124052199 
54.23099999996431	996.0677035857636 
54.331999999964076	995.7458612646401 
54.43299999996384	995.4189728426687 
54.533999999963605	995.0871242326185 
54.63499999996337	994.7503998845451 
54.735999999963134	994.4088828106924 
54.8369999999629	994.0626546099749 
54.93799999996266	993.7117954920366 
55.03899999996243	993.3563843009069 
55.13999999996219	992.996498538251 
55.24099999996196	992.6322143862227 
55.34199999996172	992.2636067299318 
55.442999999961486	991.8907491795252 
55.54399999996125	991.5137140918943 
55.644999999961016	991.132572592014 
55.74599999996078	990.7473945939144 
55.846999999960545	990.3582488213001 
55.94799999996031	989.9652028278149 
56.048999999960074	989.5683230169626 
56.14999999995984	989.1676746616886 
56.2509999999596	988.7633219236303 
56.35199999995937	988.3553278720348 
56.45299999995913	987.94375450236 
56.5539999999589	987.5286627545555 
56.65499999995866	987.1101125310322 
56.755999999958426	986.6881627143293 
56.85699999995819	986.262871184476 
56.957999999957956	985.8342948360606 
57.05899999995772	985.4024895950091 
57.159999999957485	984.9675104350765 
57.26099999995725	984.5294113940556 
57.361999999957014	984.0882455897189 
57.46299999995678	983.6440652354748 
57.56399999995654	983.1969216557694 
57.66499999995631	982.7468653012213 
57.76599999995607	982.2939457634977 
57.86699999995584	981.8382117899389 
57.9679999999556	981.3797112979341 
58.068999999955366	980.918491389051 
58.16999999995513	980.4545983629264 
58.270999999954896	979.9880777309196 
58.37199999995466	979.5189742295312 
58.472999999954425	979.0473318335992 
58.57399999995419	978.5731937692628 
58.674999999953954	978.0966025267132 
58.77599999995372	977.6175998727193 
58.87699999995348	977.1362268629492 
58.97799999995325	976.6525238540728 
59.07899999995301	976.1665305156657 
59.17999999995278	975.6782858419052 
59.28099999995254	975.1878281630715 
59.381999999952306	974.6951951568478 
59.48299999995207	974.2004238594352 
59.583999999951835	973.7035506764712 
59.6849999999516	973.204611393766 
59.785999999951365	972.7036411878557 
59.88699999995113	972.2006746363775 
59.987999999950894	971.6957457282623 
60.08899999995066	971.1948646477446 
60.18999999995042	970.7055806807566 
60.29099999995019	970.223896506458 
60.39199999994995	969.7505585572707 
60.49299999994972	969.2852527806526 
60.59399999994948	968.8278734015577 
60.694999999949246	968.3782806483945 
60.79599999994901	967.9363424776927 
60.896999999948775	967.5019285827094 
60.99799999994854	967.0749108230051 
61.098999999948305	966.6551632900262 
61.19999999994807	966.2425621991698 
61.300999999947834	965.8369858795165 
61.4019999999476	965.4383147299366 
61.50299999994736	965.0464311860264 
61.60399999994713	964.661219684873 
61.70499999994689	964.2825666311165 
61.80599999994666	963.9103603634159 
61.90699999994642	963.5444911215299 
62.007999999946186	963.1848510139491 
62.10899999994595	962.8313339860783 
62.209999999945715	962.4838357889636 
62.31099999994548	962.1422539485494 
62.411999999945245	961.8064877354586 
62.51299999994501	961.4764381352912 
62.613999999944774	961.1520078194239 
62.71499999994454	960.833101116309 
62.8159999999443	960.5196239832617 
62.91699999994407	960.2114839787287 
63.01799999994383	959.9085902350265 
63.1189999999436	959.6108534315472 
63.21999999994336	959.3181857684166 
63.320999999943126	959.0305009406044 
63.42199999994289	958.7477141124733 
63.522999999942655	958.4697418927606 
63.62399999994242	958.1965023099887 
63.724999999942185	957.9279147882917 
63.82599999994195	957.6639001236524 
63.926999999941714	957.40438046055 
64.02799999994167	957.1492792689983 
64.12799999994215	956.9009830270749 
64.22799999994263	956.6568726710062 
64.3279999999431	956.4168776333115 
64.42799999994358	956.1809285361664 
64.52799999994406	955.9489571713481 
64.62799999994454	955.7208964805183 
64.72799999994501	955.4966805358367 
64.82799999994549	955.2762445209037 
64.92799999994597	955.0595247120223 
65.02799999994645	954.8464584597771 
65.12799999994692	954.636984170924 
65.2279999999474	954.4310412905849 
65.32799999994788	954.2285702847413 
65.42799999994836	954.0295126230254 
65.52799999994883	953.8338107618005 
65.62799999994931	953.6414081275242 
65.72799999994979	953.4522491003967 
65.82799999995026	953.2662789982799 
65.92799999995074	953.0834440608911 
66.02799999995122	952.9036914342628 
66.1279999999517	952.7269691554616 
66.22799999995217	952.5532261375679 
66.32799999995265	952.3824121549078 
66.42799999995313	952.2144778285334 
66.52799999995361	952.0493746119491 
66.62799999995408	951.8870547770763 
66.72799999995456	951.7274714004581 
66.82799999995504	951.570578349693 
66.92799999995552	951.4163302700994 
67.027999999956	951.2646825716051 
67.12799999995647	951.1155914158564 
67.22799999995695	950.9690137035458 
67.32799999995743	950.8249070619521 
67.4279999999579	950.6832298326925 
67.52799999995838	950.5439410596794 
67.62799999995886	950.4070004772793 
67.72799999995934	950.2723684986761 
67.82799999995981	950.1400062044245 
67.92799999996029	950.0098753312003 
68.02799999996077	949.8819382607386 
68.12799999996125	949.7561580089605 
68.22799999996172	949.6324982152796 
68.3279999999622	949.5109231320926 
68.42799999996268	949.391397614445 
68.52799999996316	949.2738871098712 
68.62799999996363	949.1583576484057 
68.72799999996411	949.0447758327634 
68.82799999996459	948.9331088286858 
68.92799999996507	948.8233243554481 
69.02799999996554	948.7153906765276 
69.12799999996602	948.6092765904309 
69.2279999999665	948.5049514216707 
69.32799999996698	948.4023850119034 
69.42799999996745	948.3015477112052 
69.52799999996793	948.202410369505 
69.62799999996841	948.104944328156 
69.72799999996889	948.0091214116513 
69.82799999996936	947.9149139194782 
69.92799999996984	947.8222946181127 
70.02799999997032	947.7312367331446 
70.1279999999708	947.6417139415373 
70.22799999997127	947.5537003640214 
70.32799999997175	947.4671705576102 
70.42799999997223	947.3820995082464 
70.5279999999727	947.29846262357 
70.62799999997318	947.2162357258098 
70.72799999997366	947.1353950447941 
70.82799999997414	947.0559172110796 
70.92799999997462	946.9777792491946 
71.0279999999751	946.9009585709983 
71.12799999997557	946.8254329691499 
71.22799999997605	946.7511806106899 
71.32799999997653	946.6781800307288 
71.427999999977	946.6064101262408 
71.52799999997748	946.5358501499647 
71.62799999997796	946.4664797044051 
71.72799999997844	946.3982787359373 
71.82799999997891	946.3312275290083 
71.92799999997939	946.2653067004384 
72.02799999997987	946.2004971938187 
72.12799999998035	946.1367802740023 
72.22799999998082	946.074137521685 
72.3279999999813	946.0125508280853 
72.42799999998178	945.9520023897073 
72.52799999998226	945.8924747031925 
72.62799999998273	945.8339505602644 
72.72799999998321	945.7764130427478 
72.82799999998369	945.7198455176841 
72.92799999998417	945.664231632519 
73.02799999998464	945.6095553103776 
73.12799999998512	945.5558007454147 
73.2279999999856	945.5029523982477 
73.32799999998608	945.4509949914634 
73.42799999998655	945.3999135052027 
73.52799999998703	945.3496931728163 
73.62799999998751	945.3003194765987 
73.72799999998799	945.25177814359 
73.82799999998846	945.204055141449 
73.92799999998894	945.1571366743989 
74.02799999998942	945.1110091792383 
74.1279999999899	945.0656593214192 
74.22799999999037	945.021073991194 
74.32799999999085	944.9772402998242 
74.42799999999133	944.934145575856 
74.5279999999918	944.8917773614554 
74.62799999999228	944.8501234088096 
74.72799999999276	944.8091716765833 
74.82799999999324	944.7689103264396 
74.92799999999372	944.729327719618 
75.0279999999942	944.6904124135688 
75.12799999999467	944.6521531586457 
75.22799999999515	944.614538894854 
75.32799999999563	944.5775587486529 
75.4279999999961	944.5412020298131 
75.52799999999658	944.5054582283251 
75.62799999999706	944.4703170113629 
75.72799999999754	944.4357682202939 
75.82799999999801	944.4018018677455 
75.92799999999849	944.3684081347164 
76.02799999999897	944.3355773677382 
76.12799999999945	944.3033000760843 
76.22799999999992	944.271566929028 
76.3280000000004	944.240368753143 
76.42800000000088	944.2096965296528 
76.52800000000136	944.1795413918239 
76.62800000000183	944.1498946224025 
76.72800000000231	944.120747651091 
76.82800000000279	944.0920920520786 
76.92800000000327	944.0639195415962 
77.02800000000374	944.036221975527 
77.12800000000422	944.0089913470536 
77.2280000000047	943.9822197843376 
77.32800000000518	943.95589954825 
77.42800000000565	943.9300230301309 
77.52800000000613	943.904582749589 
77.62800000000661	943.8795713523425 
77.72800000000709	943.8549816080908 
77.82800000000756	943.8308064084242 
77.92800000000804	943.8070387647706 
78.02800000000852	943.7836718063731 
78.128000000009	943.7606987783063 
78.22800000000947	943.7381130395217 
78.32800000000995	943.7159080609277 
78.42800000001043	943.6940774235045 
78.5280000000109	943.6726148164448 
78.62800000001138	943.6515140353346 
78.72800000001186	943.6307689803537 
78.82800000001234	943.6103736545174 
78.92800000001282	943.5903221619395 
79.0280000000133	943.5706087061296 
79.12800000001377	943.5512275883169 
79.22800000001425	943.5321732058038 
79.32800000001473	943.5134400503442 
79.4280000000152	943.4950227065534 
79.52800000001568	943.4769158503402 
79.62800000001616	943.4591142473716 
79.72800000001664	943.441612751555 
79.82800000001711	943.424406303554 
79.92800000001759	943.4074899293241 
80.02800000001807	943.3908587386765 
80.12800000001855	943.3745079238614 
80.22800000001902	943.3584327581817 
80.3280000000195	943.3426285946255 
80.42800000001998	943.3270908645197 
80.52800000002046	943.3118150762149 
80.62800000002093	943.2967968137821 
80.72800000002141	943.282031735738 
80.82800000002189	943.2675155737901 
80.92800000002237	943.2532441316035 
81.02800000002284	943.239213283586 
81.12800000002332	943.2254189736959 
81.2280000000238	943.211857214272 
81.32800000002428	943.1985240848765 
81.42800000002475	943.1854157311652 
81.52800000002523	943.1725283637732 
81.62800000002571	943.1598582572159 
81.72800000002619	943.1474017488159 
81.82800000002666	943.135155237643 
81.92800000002714	943.1231151834733 
82.02800000002762	943.1112781057643 
82.1280000000281	943.0996405826506 
82.22800000002857	943.0881992499551 
82.32800000002905	943.0769508002134 
82.42800000002953	943.0658919817214 
82.52800000003	943.0550195975934 
82.62800000003048	943.044330504838 
82.72800000003096	943.033821613449 
82.82800000003144	943.0234898855142 
82.92800000003191	943.0133323343347 
83.02800000003239	943.0033460235635 
83.12800000003287	942.9935280663553 
83.22800000003335	942.9838756245326 
83.32800000003382	942.974385907765 
83.4280000000343	942.965056172763 
83.52800000003478	942.9558837224847 
83.62800000003526	942.9468659053556 
83.72800000003573	942.9380001145036 
83.82800000003621	942.9292837870024 
83.92800000003669	942.9207144031358 
84.02800000003717	942.9122894856623 
84.12800000003764	942.9040065991061 
84.22800000003812	942.8958633490474 
84.3280000000386	942.8878573814344 
84.42800000003908	942.8799863818995 
84.52800000003955	942.8722480750921 
84.62800000004003	942.8646402240211 
84.72800000004051	942.8571606294067 
84.82800000004099	942.8498071290454 
84.92800000004146	942.8425775971864 
85.02800000004194	942.8354699439143 
85.12800000004242	942.828482114547 
85.2280000000429	942.8216120890419 
85.32800000004337	942.8148578814089 
85.42800000004385	942.8082175391411 
85.52800000004433	942.8016891426463 
85.6280000000448	942.7952708046944 
85.72800000004528	942.7889606698707 
85.82800000004576	942.7827569140393 
85.92800000004624	942.7766577438181 
86.02800000004672	942.7706613960559 
86.1280000000472	942.764766137328 
86.22800000004767	942.7589702634313 
86.32800000004815	942.7532720988935 
86.42800000004863	942.7476699964875 
86.5280000000491	942.7421623367563 
86.62800000004958	942.736747527544 
86.72800000005006	942.731424003537 
86.82800000005054	942.7261902258089 
86.92800000005101	942.7210446813783 
87.02800000005149	942.7159858827697 
87.12800000005197	942.7110123675848 
87.22800000005245	942.7061226980778 
87.32800000005292	942.7013154607431 
87.4280000000534	942.6965892659022 
87.52800000005388	942.6919427473061 
87.62800000005436	942.6873745617379 
87.72800000005483	942.6828833886256 
87.82800000005531	942.6784679296594 
87.92800000005579	942.674126908418 
88.02800000005627	942.6698590699974 
88.12800000005674	942.6656631806496 
88.22800000005722	942.6615380274266 
88.3280000000577	942.6574824178276 
88.42800000005818	942.6534951794566 
88.52800000005865	942.6495751596809 
88.62800000005913	942.6457212253009 
88.72800000005961	942.6419322622197 
88.82800000006009	942.6382071751232 
88.92800000006056	942.634544887163 
89.02800000006104	942.6309443396424 
89.12800000006152	942.6274044917163 
89.228000000062	942.6239243200826 
89.32800000006247	942.620502818694 
89.42800000006295	942.6171389984609 
89.52800000006343	942.6138318869704 
89.6280000000639	942.6105805282009 
89.72800000006438	942.6073839822493 
89.82800000006486	942.6042413250573 
89.92800000006534	942.6011516481444 
90.02800000006582	942.5981140583476 
90.1280000000663	942.5951276775573 
90.22800000006677	942.5921916424719 
90.32800000006725	942.5893051043403 
90.42800000006773	942.5864672287217 
90.5280000000682	942.5836771952431 
90.62800000006868	942.5809341973599 
90.72800000006916	942.5782374421257 
90.82800000006964	942.5755861499626 
90.92800000007011	942.5729795544339 
91.02800000007059	942.5704169020241 
91.12800000007107	942.5678974519212 
91.22800000007155	942.5654204758023 
91.32800000007202	942.5629852576224 
91.4280000000725	942.5605910934079 
91.52800000007298	942.5582372910528 
91.62800000007346	942.5559231701203 
91.72800000007393	942.5536480616432 
91.82800000007441	942.5514113079323 
91.92800000007489	942.549212262387 
92.02800000007537	942.5470502893062 
92.12800000007584	942.5449247637064 
92.22800000007632	942.5428350711396 
92.3280000000768	942.5407806075177 
92.42800000007728	942.5387607789356 
92.52800000007775	942.5367750015007 
92.62800000007823	942.5348227011642 
92.72800000007871	942.5329033135542 
92.82800000007919	942.5310162838142 
92.92800000007966	942.5291610664409 
93.02800000008014	942.5273371251278 
93.12800000008062	942.5255439326088 
93.2280000000811	942.5237809705083 
93.32800000008157	942.5220477291883 
93.42800000008205	942.5203437076026 
93.52800000008253	942.5186684131529 
93.628000000083	942.5170213615442 
93.72800000008348	942.5154020766471 
93.82800000008396	942.5138100903577 
93.92800000008444	942.512244942464 
94.02800000008492	942.5107061805135 
94.1280000000854	942.5091933596802 
94.22800000008587	942.5077060426374 
94.32800000008635	942.5062437994311 
94.42800000008683	942.5048062073553 
94.5280000000873	942.5033928508315 
94.62800000008778	942.502003321285 
94.72800000008826	942.5006372170307 
94.82800000008874	942.4992941431558 
94.92800000008921	942.4979737114026 
95.02800000008969	942.4966755400619 
95.12800000009017	942.4953992538573 
95.22800000009065	942.4941444838396 
95.32800000009112	942.4929108672796 
95.4280000000916	942.491698047563 
95.52800000009208	942.4905056740886 
95.62800000009256	942.4893334021629 
95.72800000009303	942.4881808929066 
95.82800000009351	942.4870478131519 
95.92800000009399	942.4859338353477 
96.02800000009447	942.4848386374648 
96.12800000009494	942.4837619029037 
96.22800000009542	942.4827033204011 
96.3280000000959	942.4816625839422 
96.42800000009638	942.48063939267 
96.52800000009685	942.479633450801 
96.62800000009733	942.4786444675362 
96.72800000009781	942.4776721569812 
96.82800000009829	942.4767162380591 
96.92800000009876	942.4757764344339 
97.02800000009924	942.4748524744258 
97.12800000009972	942.4739440909369 
97.2280000001002	942.4730510213712 
97.32800000010067	942.4721730075601 
97.42800000010115	942.4713097956875 
97.52800000010163	942.4704611362149 
97.6280000001021	942.4696267838125 
97.72800000010258	942.4688064972847 
97.82800000010306	942.4680000395037 
97.92800000010354	942.467207177338 
98.02800000010402	942.4664276815873 
98.12800000010449	942.4656613269141 
98.22800000010497	942.4649078917807 
98.32800000010545	942.4641671583839 
98.42800000010592	942.4634389125923 
98.5280000001064	942.4627229438847 
98.62800000010688	942.4620190452881 
98.72800000010736	942.4613270133199 
98.82800000010783	942.4606466479266 
98.92800000010831	942.459977752429 
99.02800000010879	942.4593201334624 
99.12800000010927	942.4586736009213 
99.22800000010974	942.4580379679068 
99.32800000011022	942.4574130506695 
99.4280000001107	942.4567986685583 
99.52800000011118	942.4561946439677 
99.62800000011165	942.4556008022856 
99.72800000011213	942.4550169718448 
99.82800000011261	942.4544429838709 
99.92800000011309	942.4538786724353 
