0.0	1000.2773501401275 
0.001	1000.5689848168896 
0.002	1000.8746230158414 
0.003	1001.1939816109177 
0.004	1001.5267754988629 
0.005	1001.8727177419066 
0.006	1002.231519717668 
0.007	1002.6028912750439 
0.008	1002.9865408947047 
0.009000000000000001	1003.3821758527569 
0.010000000000000002	1003.7895023861324 
0.011000000000000003	1004.2082258583063 
0.012000000000000004	1004.6380509240179 
0.013000000000000005	1005.0786816917774 
0.014000000000000005	1005.5298218830535 
0.015000000000000006	1005.9911749871709 
0.016000000000000007	1006.4624444110813 
0.017000000000000008	1006.9433336233079 
0.01800000000000001	1007.4335462915012 
0.01900000000000001	1007.9327864131726 
0.02000000000000001	1008.4407584393009 
0.02100000000000001	1008.9571673906213 
0.022000000000000013	1009.4817189665166 
0.023000000000000013	1010.0141196465289 
0.024000000000000014	1010.5540767845998 
0.025000000000000015	1011.1012986962253 
0.026000000000000016	1011.6554947387813 
0.027000000000000017	1012.2163753853347 
0.028000000000000018	1012.7836522923047 
0.02900000000000002	1013.3570383613791 
0.03000000000000002	1013.936247796123 
0.03100000000000002	1014.5209961537415 
0.03200000000000002	1015.1110003924737 
0.03300000000000002	1015.7059789151048 
0.03400000000000002	1016.3056516090891 
0.035000000000000024	1016.9097398837706 
0.036000000000000025	1017.5179667051843 
0.037000000000000026	1018.1300566289076 
0.03800000000000003	1018.7457358314163 
0.03900000000000003	1019.3647321403818 
0.04000000000000003	1019.9867750643231 
0.04100000000000003	1020.6115958220041 
0.04200000000000003	1021.2389273719408 
0.04300000000000003	1021.8685044423551 
0.04400000000000003	1022.5000635618849 
0.04500000000000003	1023.1333430913292 
0.046000000000000034	1023.7680832566789 
0.047000000000000035	1024.4040261836528 
0.048000000000000036	1025.040915933931 
0.04900000000000004	1025.6784985432446 
0.05000000000000004	1026.3165220614574 
0.05100000000000004	1026.9547365947426 
0.05200000000000004	1027.592894349933 
0.05300000000000004	1028.2307496810945 
0.05400000000000004	1028.868059138354 
0.05500000000000004	1029.504581518979 
0.05600000000000004	1030.1400779206942 
0.057000000000000044	1030.7743117971931 
0.058000000000000045	1031.4070490157837 
0.059000000000000045	1032.0380579170906 
0.060000000000000046	1032.6671093767193 
0.06100000000000005	1033.2939768687713 
0.06200000000000005	1033.918436531085 
0.06300000000000004	1034.5402672320668 
0.06400000000000004	1035.1592506389634 
0.06500000000000004	1035.775171287419 
0.06600000000000004	1036.3878166521483 
0.06700000000000005	1036.9969772185555 
0.06800000000000005	1037.602446555117 
0.06900000000000005	1038.2040213863463 
0.07000000000000005	1038.801501666152 
0.07100000000000005	1039.3946906514 
0.07200000000000005	1039.983394975488 
0.07300000000000005	1040.567424721741 
0.07400000000000005	1041.1465934964365 
0.07500000000000005	1041.7207185012687 
0.07600000000000005	1042.2896206050652 
0.07700000000000005	1042.85312441457 
0.07800000000000006	1043.411058344113 
0.07900000000000006	1043.9632546839866 
0.08000000000000006	1044.5095496673607 
0.08100000000000006	1045.0497835355643 
0.08200000000000006	1045.583800601577 
0.08300000000000006	1046.1114493115722 
0.08400000000000006	1046.6325823043655 
0.08500000000000006	1047.1470564686251 
0.08600000000000006	1047.654732997711 
0.08700000000000006	1048.155477442016 
0.08800000000000006	1048.6491597586873 
0.08900000000000007	1049.1356543586191 
0.09000000000000007	1049.6148401506118 
0.09100000000000007	1050.0866005826003 
0.09200000000000007	1050.5508236798662 
0.09300000000000007	1051.0074020801517 
0.09400000000000007	1051.4562330656045 
0.09500000000000007	1051.8972185914884 
0.09600000000000007	1052.3302653116061 
0.09700000000000007	1052.7552846003828 
0.09800000000000007	1053.1721925715717 
0.09900000000000007	1053.5809100935492 
0.10000000000000007	1053.9813628011714 
0.10100000000000008	1054.373481104176 
0.10200000000000008	1054.7572001921187 
0.10300000000000008	1055.1324600358355 
0.10400000000000008	1055.4992053854396 
0.10500000000000008	1055.8573857648562 
0.10600000000000008	1056.206955462912 
0.10700000000000008	1056.5478735210022 
0.10800000000000008	1056.8801037173587 
0.10900000000000008	1057.2036145479542 
0.11000000000000008	1057.5183792040789 
0.11100000000000008	1057.8243755466326 
0.11200000000000009	1058.1215860771797 
0.11300000000000009	1058.4099979058192 
0.11400000000000009	1058.6896027159266 
0.11500000000000009	1058.9603967258274 
0.11600000000000009	1059.222380647466 
0.11700000000000009	1059.47555964214 
0.11800000000000009	1059.719943273369 
0.11900000000000009	1059.9555454569713 
0.12000000000000009	1060.18238440843 
0.1210000000000001	1060.4004825876211 
0.1220000000000001	1060.6098666409932 
0.1230000000000001	1060.8105673412772 
0.1240000000000001	1061.0026195248142 
0.12500000000000008	1061.1860620265907 
0.12600000000000008	1061.360937613067 
0.12700000000000009	1061.5272929128946 
0.12800000000000009	1061.6851783456066 
0.1290000000000001	1061.834648048382 
0.1300000000000001	1061.975759800972 
0.1310000000000001	1062.1085749488827 
0.1320000000000001	1062.233158324911 
0.1330000000000001	1062.3495781691242 
0.1340000000000001	1062.4579060473818 
0.1350000000000001	1062.5582167684906 
0.1360000000000001	1062.6505883000898 
0.1370000000000001	1062.735101683357 
0.1380000000000001	1062.8118409466317 
0.1390000000000001	1062.8808930180455 
0.1400000000000001	1062.9423476372538 
0.1410000000000001	1062.9962972663568 
0.1420000000000001	1063.042837000103 
0.1430000000000001	1063.0820644754613 
0.1440000000000001	1063.1140797806506 
0.1450000000000001	1063.1389853637147 
0.1460000000000001	1063.1568859407232 
0.1470000000000001	1063.167888403688 
0.1480000000000001	1063.172101728272 
0.1490000000000001	1063.1696368813748 
0.1500000000000001	1063.1606067286702 
0.1510000000000001	1063.1451259421785 
0.1520000000000001	1063.1233109079421 
0.1530000000000001	1063.0952796338852 
0.1540000000000001	1063.061151657923 
0.1550000000000001	1063.0210479563964 
0.1560000000000001	1062.9750908528968 
0.1570000000000001	1062.9234039275475 
0.1580000000000001	1062.8661119268083 
0.1590000000000001	1062.8033406738634 
0.16000000000000011	1062.7352169796545 
0.16100000000000012	1062.6618685546168 
0.16200000000000012	1062.5834239211758 
0.16300000000000012	1062.5000123270574 
0.16400000000000012	1062.411763659465 
0.16500000000000012	1062.3188083601742 
0.16600000000000012	1062.221277341595 
0.16700000000000012	1062.119301903843 
0.16800000000000012	1062.0130136528717 
0.16900000000000012	1061.9025444197018 
0.17000000000000012	1061.7880261807925 
0.17100000000000012	1061.669590979591 
0.17200000000000013	1061.547370849299 
0.17300000000000013	1061.4214977368893 
0.17400000000000013	1061.2921034284059 
0.17500000000000013	1061.1593194755808 
0.17600000000000013	1061.0232771237936 
0.17700000000000013	1060.8841072414039 
0.17800000000000013	1060.7419402504806 
0.17900000000000013	1060.596906058954 
0.18000000000000013	1060.4491339942092 
0.18100000000000013	1060.2987527381476 
0.18200000000000013	1060.1458902637276 
0.18300000000000013	1059.9906737730082 
0.18400000000000014	1059.833229636708 
0.18500000000000014	1059.6736833352932 
0.18600000000000014	1059.5121594016098 
0.18700000000000014	1059.3487813650675 
0.18800000000000014	1059.183671697387 
0.18900000000000014	1059.016951759919 
0.19000000000000014	1058.8487417525403 
0.19100000000000014	1058.6791606641311 
0.19200000000000014	1058.5083262246421 
0.19300000000000014	1058.3363548587483 
0.19400000000000014	1058.1633616410945 
0.19500000000000015	1057.9894602531317 
0.19600000000000015	1057.8147629415428 
0.19700000000000015	1057.6393804782556 
0.19800000000000015	1057.4634221220401 
0.19900000000000015	1057.2869955816855 
0.20000000000000015	1057.11020698075 
0.20100000000000015	1056.93316082388 
0.20200000000000015	1056.7559599646863 
0.20300000000000015	1056.578705575175 
0.20400000000000015	1056.401497116717 
0.20500000000000015	1056.2244323125512 
0.20600000000000016	1056.0476071218063 
0.20700000000000016	1055.8711157150321 
0.20800000000000016	1055.6950504512256 
0.20900000000000016	1055.5195018563388 
0.21000000000000016	1055.344558603254 
0.21100000000000016	1055.1703074932118 
0.21200000000000016	1054.996833438675 
0.21300000000000016	1054.8242194476136 
0.21400000000000016	1054.6525466091932 
0.21500000000000016	1054.4818940808482 
0.21600000000000016	1054.312339076724 
0.21700000000000016	1054.143956857467 
0.21800000000000017	1053.9768207213458 
0.21900000000000017	1053.8110019966819 
0.22000000000000017	1053.6465700355702 
0.22100000000000017	1053.483592208871 
0.22200000000000017	1053.3221339024485 
0.22300000000000017	1053.162258514639 
0.22400000000000017	1053.004027454924 
0.22500000000000017	1052.8475001437876 
0.22600000000000017	1052.692734013736 
0.22700000000000017	1052.539784511457 
0.22800000000000017	1052.3887051010931 
0.22900000000000018	1052.2395472686135 
0.23000000000000018	1052.0923605272508 
0.23100000000000018	1051.9471924239888 
0.23200000000000018	1051.804088547072 
0.23300000000000018	1051.6630925345153 
0.23400000000000018	1051.5242460835887 
0.23500000000000018	1051.3875889612548 
0.23600000000000018	1051.2531590155343 
0.23700000000000018	1051.1209921877737 
0.23800000000000018	1050.9911225257945 
0.23900000000000018	1050.8635821978955 
0.24000000000000019	1050.7384015076877 
0.2410000000000002	1050.6156089097344 
0.2420000000000002	1050.495231025975 
0.2430000000000002	1050.3772926629056 
0.2440000000000002	1050.2618168294941 
0.2450000000000002	1050.1488247558048 
0.2460000000000002	1050.0383359123084 
0.2470000000000002	1049.9303680298533 
0.2480000000000002	1049.8249371202744 
0.2490000000000002	1049.722057497616 
0.25000000000000017	1049.6217417999435 
0.25100000000000017	1049.5240010117218 
0.25200000000000017	1049.428844486737 
0.25300000000000017	1049.336279971536 
0.25400000000000017	1049.2463136293638 
0.25500000000000017	1049.1589500645725 
0.25600000000000017	1049.0741923474814 
0.2570000000000002	1048.9920420396645 
0.2580000000000002	1048.9124992196432 
0.2590000000000002	1048.835562508961 
0.2600000000000002	1048.7612290986199 
0.2610000000000002	1048.689494775856 
0.2620000000000002	1048.6203539512312 
0.2630000000000002	1048.5537996860216 
0.2640000000000002	1048.4898237198815 
0.2650000000000002	1048.4284164987591 
0.2660000000000002	1048.3695672030485 
0.2670000000000002	1048.3132637759525 
0.2680000000000002	1048.2594929520387 
0.2690000000000002	1048.2082402859699 
0.2700000000000002	1048.1594901813862 
0.2710000000000002	1048.1132259199237 
0.2720000000000002	1048.0694296903462 
0.2730000000000002	1048.0280826177752 
0.2740000000000002	1047.9891647929985 
0.2750000000000002	1047.9526553018375 
0.2760000000000002	1047.9185322545586 
0.2770000000000002	1047.88677281531 
0.2780000000000002	1047.8573532315647 
0.2790000000000002	1047.8302488635568 
0.2800000000000002	1047.8054342136913 
0.2810000000000002	1047.7828829559135 
0.2820000000000002	1047.76256796502 
0.2830000000000002	1047.7444613458988 
0.2840000000000002	1047.7285344626796 
0.2850000000000002	1047.7147579677828 
0.2860000000000002	1047.7031018308514 
0.2870000000000002	1047.6935353675506 
0.2880000000000002	1047.6860272682231 
0.2890000000000002	1047.680545626386 
0.2900000000000002	1047.6770579670547 
0.2910000000000002	1047.6755312748837 
0.2920000000000002	1047.67593202211 
0.2930000000000002	1047.6782261962865 
0.2940000000000002	1047.6823793277958 
0.2950000000000002	1047.6883565171313 
0.2960000000000002	1047.6961224619333 
0.2970000000000002	1047.705641483774 
0.2980000000000002	1047.716877554674 
0.2990000000000002	1047.7297943233486 
0.3000000000000002	1047.7443551411654 
0.3010000000000002	1047.76052308781 
0.3020000000000002	1047.7782609966498 
0.3030000000000002	1047.7975314797836 
0.3040000000000002	1047.8182969527732 
0.3050000000000002	1047.840519659046 
0.3060000000000002	1047.8641616939624 
0.3070000000000002	1047.889185028538 
0.3080000000000002	1047.9155515328173 
0.3090000000000002	1047.9432229988902 
0.3100000000000002	1047.9721611635437 
0.3110000000000002	1048.002327730544 
0.3120000000000002	1048.0336843925443 
0.3130000000000002	1048.0661928526097 
0.3140000000000002	1048.0998148453573 
0.3150000000000002	1048.1345121577046 
0.3160000000000002	1048.1702466492218 
0.3170000000000002	1048.2069802720841 
0.3180000000000002	1048.244675090621 
0.31900000000000023	1048.2832933004565 
0.32000000000000023	1048.3227972472394 
0.32100000000000023	1048.363149444958 
0.32200000000000023	1048.4043125938394 
0.32300000000000023	1048.4462495978282 
0.32400000000000023	1048.4889235816433 
0.32500000000000023	1048.5322979074117 
0.32600000000000023	1048.5763361908757 
0.32700000000000023	1048.6210023171739 
0.32800000000000024	1048.6662604561936 
0.32900000000000024	1048.7120750774945 
0.33000000000000024	1048.7584109648017 
0.33100000000000024	1048.8052332300692 
0.33200000000000024	1048.8525073271135 
0.33300000000000024	1048.9001990648148 
0.33400000000000024	1048.9482746198905 
0.33500000000000024	1048.9967005492374 
0.33600000000000024	1049.0454438018457 
0.33700000000000024	1049.0944717302857 
0.33800000000000024	1049.1437521017663 
0.33900000000000025	1049.1932531087703 
0.34000000000000025	1049.2429433792638 
0.34100000000000025	1049.2927919864862 
0.34200000000000025	1049.3427684583182 
0.34300000000000025	1049.3928427862336 
0.34400000000000025	1049.442985433835 
0.34500000000000025	1049.493167344978 
0.34600000000000025	1049.5433599514845 
0.34700000000000025	1049.59353518045 
0.34800000000000025	1049.6436654611466 
0.34900000000000025	1049.6937237315258 
0.35000000000000026	1049.743683444324 
0.35100000000000026	1049.7935185727756 
0.35200000000000026	1049.843203615935 
0.35300000000000026	1049.892713603614 
0.35400000000000026	1049.9420241009382 
0.35500000000000026	1049.9911112125228 
0.35600000000000026	1050.0399515862803 
0.35700000000000026	1050.0885224168546 
0.35800000000000026	1050.1368014486948 
0.35900000000000026	1050.184766978767 
0.36000000000000026	1050.232397858913 
0.36100000000000027	1050.2796734978597 
0.36200000000000027	1050.326573862883 
0.36300000000000027	1050.373079481132 
0.36400000000000027	1050.4191714406206 
0.36500000000000027	1050.4648313908888 
0.36600000000000027	1050.5100415433412 
0.36700000000000027	1050.5547846712675 
0.36800000000000027	1050.5990441095505 
0.36900000000000027	1050.6428037540677 
0.3700000000000003	1050.6860480607916 
0.3710000000000003	1050.728762044595 
0.3720000000000003	1050.770931277767 
0.3730000000000003	1050.8125418882455 
0.3740000000000003	1050.853580557572 
0.3750000000000003	1050.8940345185758 
0.3760000000000003	1050.9338915527917 
0.3770000000000003	1050.9731399876189 
0.3780000000000003	1051.011768693227 
0.3790000000000003	1051.0497670792142 
0.3800000000000003	1051.0871250910266 
0.3810000000000003	1051.1238332061391 
0.3820000000000003	1051.1598824300129 
0.3830000000000003	1051.1952642918266 
0.3840000000000003	1051.2299708399935 
0.3850000000000003	1051.2639946374693 
0.3860000000000003	1051.2973287568561 
0.3870000000000003	1051.3299667753097 
0.3880000000000003	1051.361902769255 
0.3890000000000003	1051.3931313089192 
0.3900000000000003	1051.4236474526847 
0.3910000000000003	1051.453446741271 
0.3920000000000003	1051.4825251917512 
0.3930000000000003	1051.5108792914084 
0.3940000000000003	1051.538505991439 
0.3950000000000003	1051.5654027005091 
0.3960000000000003	1051.5915672781705 
0.3970000000000003	1051.6169980281406 
0.3980000000000003	1051.6416936914547 
0.3990000000000003	1051.6656534394956 
0.4000000000000003	1051.6888768669055 
0.4010000000000003	1051.7113639843888 
0.4020000000000003	1051.733115211409 
0.4030000000000003	1051.754131368788 
0.4040000000000003	1051.77441367121 
0.4050000000000003	1051.7939637196414 
0.4060000000000003	1051.8127834936672 
0.4070000000000003	1051.8308753437516 
0.4080000000000003	1051.8482419834293 
0.4090000000000003	1051.8648864814315 
0.4100000000000003	1051.880812253754 
0.4110000000000003	1051.8960230556688 
0.4120000000000003	1051.9105229736917 
0.4130000000000003	1051.9243164175027 
0.4140000000000003	1051.9374081118317 
0.4150000000000003	1051.9498030883092 
0.4160000000000003	1051.9615066772922 
0.4170000000000003	1051.9725244996646 
0.4180000000000003	1051.9828624586228 
0.4190000000000003	1051.9925267314466 
0.4200000000000003	1052.0015237612636 
0.4210000000000003	1052.0098602488092 
0.4220000000000003	1052.0175431441896 
0.4230000000000003	1052.0245796386491 
0.4240000000000003	1052.0309771563489 
0.4250000000000003	1052.0367433461606 
0.4260000000000003	1052.041886073479 
0.4270000000000003	1052.0464134120573 
0.4280000000000003	1052.0503336358709 
0.4290000000000003	1052.053655211012 
0.4300000000000003	1052.05638678762 
0.4310000000000003	1052.0585371918514 
0.43200000000000033	1052.0601154178914 
0.43300000000000033	1052.0611306200146 
0.43400000000000033	1052.0615921046938 
0.43500000000000033	1052.0615093227634 
0.43600000000000033	1052.060891861641 
0.43700000000000033	1052.0597494376082 
0.43800000000000033	1052.0580918881553 
0.43900000000000033	1052.0559291643942 
0.44000000000000034	1052.0532713235395 
0.44100000000000034	1052.0501285214636 
0.44200000000000034	1052.0465110053276 
0.44300000000000034	1052.0424291062893 
0.44400000000000034	1052.037893232295 
0.44500000000000034	1052.0329138609518 
0.44600000000000034	1052.0275015324894 
0.44700000000000034	1052.0216668428077 
0.44800000000000034	1052.0154204366172 
0.44900000000000034	1052.008773000672 
0.45000000000000034	1052.0017352570974 
0.45100000000000035	1051.9943179568168 
0.45200000000000035	1051.986531873075 
0.45300000000000035	1051.978387795065 
0.45400000000000035	1051.9698965216567 
0.45500000000000035	1051.9610688552302 
0.45600000000000035	1051.9519155956152 
0.45700000000000035	1051.9424475341384 
0.45800000000000035	1051.9326754477793 
0.45900000000000035	1051.9226100934372 
0.46000000000000035	1051.9122622023096 
0.46100000000000035	1051.9016424743832 
0.46200000000000035	1051.8907615730386 
0.46300000000000036	1051.8796301197706 
0.46400000000000036	1051.8682586890238 
0.46500000000000036	1051.8566578031448 
0.46600000000000036	1051.8448379274523 
0.46700000000000036	1051.8328094654246 
0.46800000000000036	1051.8205827540064 
0.46900000000000036	1051.8081680590344 
0.47000000000000036	1051.795575570783 
0.47100000000000036	1051.78281539963 
0.47200000000000036	1051.769897571841 
0.47300000000000036	1051.7568320254782 
0.47400000000000037	1051.7436286064249 
0.47500000000000037	1051.7302970645358 
0.47600000000000037	1051.7168470499043 
0.47700000000000037	1051.7032881092528 
0.47800000000000037	1051.6896296824427 
0.47900000000000037	1051.6758810991055 
0.48000000000000037	1051.6620515753934 
0.48100000000000037	1051.648150210851 
0.4820000000000004	1051.6341859854056 
0.4830000000000004	1051.6201677564766 
0.4840000000000004	1051.606104256205 
0.4850000000000004	1051.5920040887995 
0.4860000000000004	1051.5778757280004 
0.4870000000000004	1051.5637275146614 
0.4880000000000004	1051.5495676544467 
0.4890000000000004	1051.5354042156432 
0.4900000000000004	1051.5212451270888 
0.4910000000000004	1051.507098176213 
0.4920000000000004	1051.492971007191 
0.4930000000000004	1051.4788711192098 
0.4940000000000004	1051.4648058648445 
0.4950000000000004	1051.4507824485459 
0.4960000000000004	1051.4368079252354 
0.4970000000000004	1051.422889199008 
0.4980000000000004	1051.4090330219428 
0.4990000000000004	1051.3952459930167 
0.5000000000000003	1051.3815345571245 
0.5010000000000003	1051.3679050042 
0.5020000000000003	1051.35436346844 
0.5030000000000003	1051.340915927626 
0.5040000000000003	1051.3275682025478 
0.5050000000000003	1051.3143259565222 
0.5060000000000003	1051.3011946950085 
0.5070000000000003	1051.2881797653176 
0.5080000000000003	1051.275286356415 
0.5090000000000003	1051.2625194988148 
0.5100000000000003	1051.2498840645628 
0.5110000000000003	1051.2373847673098 
0.5120000000000003	1051.225026162469 
0.5130000000000003	1051.2128126474613 
0.5140000000000003	1051.2007484620415 
0.5150000000000003	1051.188837688708 
0.5160000000000003	1051.177084253192 
0.5170000000000003	1051.1654919250261 
0.5180000000000003	1051.1540643181872 
0.5190000000000003	1051.1428048918178 
0.5200000000000004	1051.1317169510185 
0.5210000000000004	1051.1208036477124 
0.5220000000000004	1051.1100679815804 
0.5230000000000004	1051.0995128010636 
0.5240000000000004	1051.0891408044324 
0.5250000000000004	1051.078954540921 
0.5260000000000004	1051.0689564119232 
0.5270000000000004	1051.0591486722512 
0.5280000000000004	1051.0495334314526 
0.5290000000000004	1051.0401126551849 
0.5300000000000004	1051.0308881666463 
0.5310000000000004	1051.0218616480606 
0.5320000000000004	1051.0130346422143 
0.5330000000000004	1051.0044085540433 
0.5340000000000004	1050.99598465227 
0.5350000000000004	1050.9877640710856 
0.5360000000000004	1050.9797478118796 
0.5370000000000004	1050.9719367450102 
0.5380000000000004	1050.964331611619 
0.5390000000000004	1050.956933025484 
0.5400000000000004	1050.9497414749112 
0.5410000000000004	1050.9427573246633 
0.5420000000000004	1050.9359808179227 
0.5430000000000004	1050.9294120782872 
0.5440000000000004	1050.9230511117987 
0.5450000000000004	1050.916897808999 
0.5460000000000004	1050.9109519470169 
0.5470000000000004	1050.9052131916787 
0.5480000000000004	1050.899681099646 
0.5490000000000004	1050.8943551205746 
0.5500000000000004	1050.8892345992965 
0.5510000000000004	1050.8843187780212 
0.5520000000000004	1050.8796067985554 
0.5530000000000004	1050.8750977045397 
0.5540000000000004	1050.8707904437003 
0.5550000000000004	1050.8666838701154 
0.5560000000000004	1050.8627767464925 
0.5570000000000004	1050.8590677464576 
0.5580000000000004	1050.8555554568538 
0.5590000000000004	1050.8522383800464 
0.5600000000000004	1050.8491149362367 
0.5610000000000004	1050.8461834657787 
0.5620000000000004	1050.8434422315015 
0.5630000000000004	1050.840889421032 
0.5640000000000004	1050.8385231491206 
0.5650000000000004	1050.8363414599653 
0.5660000000000004	1050.8343423295348 
0.5670000000000004	1050.8325236678888 
0.5680000000000004	1050.830883321494 
0.5690000000000004	1050.8294190755341 
0.5700000000000004	1050.828128656216 
0.5710000000000004	1050.8270097330642 
0.5720000000000004	1050.8260599212106 
0.5730000000000004	1050.8252767836716 
0.5740000000000004	1050.8246578336152 
0.5750000000000004	1050.8242005366162 
0.5760000000000004	1050.8239023128976 
0.5770000000000004	1050.8237605395593 
0.5780000000000004	1050.8237725527895 
0.5790000000000004	1050.8239356500621 
0.5800000000000004	1050.8242470923167 
0.5810000000000004	1050.824704106119 
0.5820000000000004	1050.8253038858047 
0.5830000000000004	1050.8260435956024 
0.5840000000000004	1050.8269203717364 
0.5850000000000004	1050.8279313245077 
0.5860000000000004	1050.8290735403539 
0.5870000000000004	1050.8303440838854 
0.5880000000000004	1050.831739999898 
0.5890000000000004	1050.8332583153622 
0.5900000000000004	1050.834896041386 
0.5910000000000004	1050.8366501751536 
0.5920000000000004	1050.8385177018372 
0.5930000000000004	1050.8404955964816 
0.5940000000000004	1050.8425808258614 
0.5950000000000004	1050.844770350312 
0.5960000000000004	1050.847061125529 
0.5970000000000004	1050.8494501043413 
0.5980000000000004	1050.8519342384532 
0.5990000000000004	1050.8545104801576 
0.6000000000000004	1050.857175784018 
0.6010000000000004	1050.8599271085197 
0.6020000000000004	1050.8627614176914 
0.6030000000000004	1050.8656756826929 
0.6040000000000004	1050.868666883373 
0.6050000000000004	1050.8717320097942 
0.6060000000000004	1050.8748680637257 
0.6070000000000004	1050.8780720601028 
0.6080000000000004	1050.8813410284545 
0.6090000000000004	1050.8846720142972 
0.6100000000000004	1050.8880620804955 
0.6110000000000004	1050.8915083085888 
0.6120000000000004	1050.895007800085 
0.6130000000000004	1050.8985576777213 
0.6140000000000004	1050.902155086688 
0.6150000000000004	1050.9057971958225 
0.6160000000000004	1050.9094811987657 
0.6170000000000004	1050.9132043150862 
0.6180000000000004	1050.9169637913706 
0.6190000000000004	1050.920756902278 
0.6200000000000004	1050.924580951563 
0.6210000000000004	1050.9284332730615 
0.6220000000000004	1050.932311231645 
0.6230000000000004	1050.9362122241398 
0.6240000000000004	1050.9401336802132 
0.6250000000000004	1050.9440730632243 
0.6260000000000004	1050.9480278710432 
0.6270000000000004	1050.951995636835 
0.6280000000000004	1050.9559739298113 
0.6290000000000004	1050.9599603559484 
0.6300000000000004	1050.9639525586726 
0.6310000000000004	1050.9679482195122 
0.6320000000000005	1050.9719450587174 
0.6330000000000005	1050.9759408358475 
0.6340000000000005	1050.9799333503263 
0.6350000000000005	1050.9839204419652 
0.6360000000000005	1050.9878999914556 
0.6370000000000005	1050.9918699208283 
0.6380000000000005	1050.9958281938837 
0.6390000000000005	1050.9997728165902 
0.6400000000000005	1051.0037018374524 
0.6410000000000005	1051.0076133478494 
0.6420000000000005	1051.0115054823432 
0.6430000000000005	1051.0153764189577 
0.6440000000000005	1051.0192243794286 
0.6450000000000005	1051.023047629425 
0.6460000000000005	1051.0268444787425 
0.6470000000000005	1051.030613281468 
0.6480000000000005	1051.034352436118 
0.6490000000000005	1051.0380603857486 
0.6500000000000005	1051.0417356180396 
0.6510000000000005	1051.0453766653527 
0.6520000000000005	1051.0489821047624 
0.6530000000000005	1051.0525505580633 
0.6540000000000005	1051.056080691751 
0.6550000000000005	1051.0595712169797 
0.6560000000000005	1051.0630208894945 
0.6570000000000005	1051.0664285095413 
0.6580000000000005	1051.0697929217527 
0.6590000000000005	1051.0731130150116 
0.6600000000000005	1051.076387722293 
0.6610000000000005	1051.0796160204834 
0.6620000000000005	1051.0827969301788 
0.6630000000000005	1051.0859295154632 
0.6640000000000005	1051.0890128836656 
0.6650000000000005	1051.092046185098 
0.6660000000000005	1051.0950286127734 
0.6670000000000005	1051.0979594021057 
0.6680000000000005	1051.1008378305914 
0.6690000000000005	1051.1036632174726 
0.6700000000000005	1051.1064349233832 
0.6710000000000005	1051.109152349979 
0.6720000000000005	1051.1118149395509 
0.6730000000000005	1051.1144221746213 
0.6740000000000005	1051.1169735775275 
0.6750000000000005	1051.1194687099885 
0.6760000000000005	1051.1219071726578 
0.6770000000000005	1051.124288604663 
0.6780000000000005	1051.126612683132 
0.6790000000000005	1051.1288791227055 
0.6800000000000005	1051.1310876750385 
0.6810000000000005	1051.1332381282893 
0.6820000000000005	1051.135330306597 
0.6830000000000005	1051.1373640695485 
0.6840000000000005	1051.139339311635 
0.6850000000000005	1051.141255961699 
0.6860000000000005	1051.1431139823717 
0.6870000000000005	1051.144913369501 
0.6880000000000005	1051.146654151572 
0.6890000000000005	1051.1483363891186 
0.6900000000000005	1051.1499601741284 
0.6910000000000005	1051.1515256294404 
0.6920000000000005	1051.153032908135 
0.6930000000000005	1051.1544821929203 
0.6940000000000005	1051.1558736955103 
0.6950000000000005	1051.1572076559987 
0.6960000000000005	1051.1584843422288 
0.6970000000000005	1051.1597040491577 
0.6980000000000005	1051.1608670982175 
0.6990000000000005	1051.1619738366728 
0.7000000000000005	1051.1630246369743 
0.7010000000000005	1051.164019896111 
0.7020000000000005	1051.1649600349601 
0.7030000000000005	1051.165845497633 
0.7040000000000005	1051.1666767508225 
0.7050000000000005	1051.167454283148 
0.7060000000000005	1051.1681786044983 
0.7070000000000005	1051.1688502453774 
0.7080000000000005	1051.169469756247 
0.7090000000000005	1051.170037706872 
0.7100000000000005	1051.170554685665 
0.7110000000000005	1051.1710212990322 
0.7120000000000005	1051.1714381707225 
0.7130000000000005	1051.1718059411762 
0.7140000000000005	1051.172125266877 
0.7150000000000005	1051.1723968197057 
0.7160000000000005	1051.1726212862977 
0.7170000000000005	1051.1727993674028 
0.7180000000000005	1051.1729317772483 
0.7190000000000005	1051.1730192429065 
0.7200000000000005	1051.1730625036657 
0.7210000000000005	1051.173062310405 
0.7220000000000005	1051.1730194249744 
0.7230000000000005	1051.17293461958 
0.7240000000000005	1051.1728086761723 
0.7250000000000005	1051.1726423858418 
0.7260000000000005	1051.1724365482196 
0.7270000000000005	1051.1721919708834 
0.7280000000000005	1051.1719094687696 
0.7290000000000005	1051.1715898635914 
0.7300000000000005	1051.1712339832645 
0.7310000000000005	1051.1708426613377 
0.7320000000000005	1051.1704167364314 
0.7330000000000005	1051.1699570516835 
0.7340000000000005	1051.1694644542013 
0.7350000000000005	1051.1689397945215 
0.7360000000000005	1051.1683839260781 
0.7370000000000005	1051.1677977046775 
0.7380000000000005	1051.1671819879812 
0.7390000000000005	1051.1665376349974 
0.7400000000000005	1051.1658655055805 
0.7410000000000005	1051.1651664599378 
0.7420000000000005	1051.1644413581466 
0.7430000000000005	1051.1636910596783 
0.7440000000000005	1051.1629164229314 
0.7450000000000006	1051.1621183047744 
0.7460000000000006	1051.1612975600958 
0.7470000000000006	1051.1604550413647 
0.7480000000000006	1051.1595915981995 
0.7490000000000006	1051.1587080769461 
0.7500000000000006	1051.157805320265 
0.7510000000000006	1051.1568841667279 
0.7520000000000006	1051.1559454504243 
0.7530000000000006	1051.1549900005757 
0.7540000000000006	1051.1540186411617 
0.7550000000000006	1051.153032190553 
0.7560000000000006	1051.1520314611562 
0.7570000000000006	1051.1510172590665 
0.7580000000000006	1051.149990383731 
0.7590000000000006	1051.1489516276208 
0.7600000000000006	1051.1479017759143 
0.7610000000000006	1051.1468416061875 
0.7620000000000006	1051.145771888116 
0.7630000000000006	1051.144693383187 
0.7640000000000006	1051.1436068444175 
0.7650000000000006	1051.1425130160876 
0.7660000000000006	1051.141412633478 
0.7670000000000006	1051.1403064226204 
0.7680000000000006	1051.1391951000558 
0.7690000000000006	1051.138079372604 
0.7700000000000006	1051.13695993714 
0.7710000000000006	1051.1358374803829 
0.7720000000000006	1051.134712678691 
0.7730000000000006	1051.1335861978687 
0.7740000000000006	1051.1324586929816 
0.7750000000000006	1051.1313308081806 
0.7760000000000006	1051.130203176536 
0.7770000000000006	1051.1290764198798 
0.7780000000000006	1051.127951148657 
0.7790000000000006	1051.1268279617873 
0.7800000000000006	1051.1257074465334 
0.7810000000000006	1051.1245901783795 
0.7820000000000006	1051.1234767209187 
0.7830000000000006	1051.1223676257475 
0.7840000000000006	1051.1212634323704 
0.7850000000000006	1051.120164668112 
0.7860000000000006	1051.1190718480382 
0.7870000000000006	1051.1179854748839 
0.7880000000000006	1051.116906038991 
0.7890000000000006	1051.1158340182526 
0.7900000000000006	1051.1147698780667 
0.7910000000000006	1051.1137140712956 
0.7920000000000006	1051.112667038235 
0.7930000000000006	1051.1116292065897 
0.7940000000000006	1051.110600991456 
0.7950000000000006	1051.1095827953136 
0.7960000000000006	1051.1085750080215 
0.7970000000000006	1051.107578006824 
0.7980000000000006	1051.106592156362 
0.7990000000000006	1051.1056178086912 
0.8000000000000006	1051.1046553033075 
0.8010000000000006	1051.1037049671781 
0.8020000000000006	1051.1027671147804 
0.8030000000000006	1051.1018420481453 
0.8040000000000006	1051.1009300569085 
0.8050000000000006	1051.1000314183664 
0.8060000000000006	1051.0991463975383 
0.8070000000000006	1051.098275247235 
0.8080000000000006	1051.0974182081322 
0.8090000000000006	1051.096575508849 
0.8100000000000006	1051.0957473660328 
0.8110000000000006	1051.0949339844492 
0.8120000000000006	1051.0941355570758 
0.8130000000000006	1051.093352265202 
0.8140000000000006	1051.092584278533 
0.8150000000000006	1051.091831755299 
0.8160000000000006	1051.0910948423684 
0.8170000000000006	1051.0903736753653 
0.8180000000000006	1051.089668378791 
0.8190000000000006	1051.0889790661502 
0.8200000000000006	1051.0883058400807 
0.8210000000000006	1051.087648792487 
0.8220000000000006	1051.087008004677 
0.8230000000000006	1051.086383547503 
0.8240000000000006	1051.0857754815052 
0.8250000000000006	1051.0851838570595 
0.8260000000000006	1051.0846087145271 
0.8270000000000006	1051.084050084408 
0.8280000000000006	1051.0835079874967 
0.8290000000000006	1051.0829824350408 
0.8300000000000006	1051.0824734289022 
0.8310000000000006	1051.0819809617208 
0.8320000000000006	1051.08150501708 
0.8330000000000006	1051.0810455696744 
0.8340000000000006	1051.08060258548 
0.8350000000000006	1051.0801760219258 
0.8360000000000006	1051.0797658280671 
0.8370000000000006	1051.0793719447613 
0.8380000000000006	1051.0789943048435 
0.8390000000000006	1051.0786328333047 
0.8400000000000006	1051.0782874474717 
0.8410000000000006	1051.0779580571862 
0.8420000000000006	1051.077644564987 
0.8430000000000006	1051.0773468662917 
0.8440000000000006	1051.0770648495798 
0.8450000000000006	1051.0767983965761 
0.8460000000000006	1051.0765473824354 
0.8470000000000006	1051.0763116759256 
0.8480000000000006	1051.0760911396142 
0.8490000000000006	1051.0758856300522 
0.8500000000000006	1051.0756949979598 
0.8510000000000006	1051.0755190884113 
0.8520000000000006	1051.0753577410198 
0.8530000000000006	1051.075210790123 
0.8540000000000006	1051.0750780649666 
0.8550000000000006	1051.074959389889 
0.8560000000000006	1051.0748545845045 
0.8570000000000007	1051.0747634638867 
0.8580000000000007	1051.0746858387506 
0.8590000000000007	1051.0746215156341 
0.8600000000000007	1051.0745702970787 
0.8610000000000007	1051.0745319818095 
0.8620000000000007	1051.0745063649133 
0.8630000000000007	1051.0744932380167 
0.8640000000000007	1051.074492389462 
0.8650000000000007	1051.0745036044832 
0.8660000000000007	1051.0745266653787 
0.8670000000000007	1051.0745613516842 
0.8680000000000007	1051.074607440344 
0.8690000000000007	1051.074664705879 
0.8700000000000007	1051.074732920556 
0.8710000000000007	1051.0748118545528 
0.8720000000000007	1051.074901276122 
0.8730000000000007	1051.075000951755 
0.8740000000000007	1051.075110646341 
0.8750000000000007	1051.0752301233263 
0.8760000000000007	1051.075359144871 
0.8770000000000007	1051.075497472004 
0.8780000000000007	1051.0756448647746 
0.8790000000000007	1051.0758010824038 
0.8800000000000007	1051.075965883432 
0.8810000000000007	1051.0761390258656 
0.8820000000000007	1051.0763202673202 
0.8830000000000007	1051.076509365162 
0.8840000000000007	1051.076706076648 
0.8850000000000007	1051.076910159061 
0.8860000000000007	1051.0771213698456 
0.8870000000000007	1051.0773394667392 
0.8880000000000007	1051.0775642079013 
0.8890000000000007	1051.0777953520412 
0.8900000000000007	1051.0780326585414 
0.8910000000000007	1051.0782758875803 
0.8920000000000007	1051.0785248002508 
0.8930000000000007	1051.078779158677 
0.8940000000000007	1051.079038726129 
0.8950000000000007	1051.0793032671334 
0.8960000000000007	1051.0795725475823 
0.8970000000000007	1051.0798463348397 
0.8980000000000007	1051.0801243978444 
0.8990000000000007	1051.0804065072111 
0.9000000000000007	1051.0806924353285 
0.9010000000000007	1051.0809819564543 
0.9020000000000007	1051.0812748468074 
0.9030000000000007	1051.0815708846594 
0.9040000000000007	1051.0818698504197 
0.9050000000000007	1051.0821715267216 
0.9060000000000007	1051.082475698503 
0.9070000000000007	1051.082782153086 
0.9080000000000007	1051.0830906802535 
0.9090000000000007	1051.0834010723215 
0.9100000000000007	1051.0837131242117 
0.9110000000000007	1051.0840266335188 
0.9120000000000007	1051.084341400576 
0.9130000000000007	1051.0846572285182 
0.9140000000000007	1051.084973923342 
0.9150000000000007	1051.0852912939638 
0.9160000000000007	1051.085609152274 
0.9170000000000007	1051.0859273131896 
0.9180000000000007	1051.0862455947042 
0.9190000000000007	1051.086563817935 
0.9200000000000007	1051.0868818071674 
0.9210000000000007	1051.0871993898966 
0.9220000000000007	1051.087516396868 
0.9230000000000007	1051.0878326621137 
0.9240000000000007	1051.088148022987 
0.9250000000000007	1051.0884623201948 
0.9260000000000007	1051.088775397827 
0.9270000000000007	1051.089087103384 
0.9280000000000007	1051.0893972878011 
0.9290000000000007	1051.0897058054725 
0.9300000000000007	1051.0900125142693 
0.9310000000000007	1051.09031727556 
0.9320000000000007	1051.0906199542237 
0.9330000000000007	1051.0909204186657 
0.9340000000000007	1051.0912185408274 
0.9350000000000007	1051.0915141961962 
0.9360000000000007	1051.0918072638117 
0.9370000000000007	1051.0920976262719 
0.9380000000000007	1051.0923851697346 
0.9390000000000007	1051.0926697839193 
0.9400000000000007	1051.0929513621052 
0.9410000000000007	1051.0932298011287 
0.9420000000000007	1051.093505001378 
0.9430000000000007	1051.0937768667861 
0.9440000000000007	1051.0940453048227 
0.9450000000000007	1051.0943102264823 
0.9460000000000007	1051.094571546273 
0.9470000000000007	1051.0948291822024 
0.9480000000000007	1051.0950830557604 
0.9490000000000007	1051.0953330919035 
0.9500000000000007	1051.0955792190348 
0.9510000000000007	1051.0958213689833 
0.9520000000000007	1051.096059476982 
0.9530000000000007	1051.096293481644 
0.9540000000000007	1051.0965233249376 
0.9550000000000007	1051.0967489521595 
0.9560000000000007	1051.096970311907 
0.9570000000000007	1051.0971873560482 
0.9580000000000007	1051.0974000396923 
0.9590000000000007	1051.0976083211567 
0.9600000000000007	1051.0978121619346 
0.9610000000000007	1051.0980115266605 
0.9620000000000007	1051.0982063830747 
0.9630000000000007	1051.0983967019872 
0.9640000000000007	1051.0985824572392 
0.9650000000000007	1051.0987636256655 
0.9660000000000007	1051.0989401870543 
0.9670000000000007	1051.0991121241066 
0.9680000000000007	1051.0992794223953 
0.9690000000000007	1051.099442070322 
0.9700000000000008	1051.099600059075 
0.9710000000000008	1051.0997533825844 
0.9720000000000008	1051.0999020374775 
0.9730000000000008	1051.1000460230339 
0.9740000000000008	1051.100185341139 
0.9750000000000008	1051.1003199962372 
0.9760000000000008	1051.100449995285 
0.9770000000000008	1051.100575347703 
0.9780000000000008	1051.1006960653267 
0.9790000000000008	1051.100812162359 
0.9800000000000008	1051.1009236553195 
0.9810000000000008	1051.1010305629957 
0.9820000000000008	1051.1011329063917 
0.9830000000000008	1051.101230708679 
0.9840000000000008	1051.1013239951442 
0.9850000000000008	1051.1014127931396 
0.9860000000000008	1051.10149713203 
0.9870000000000008	1051.1015770431427 
0.9880000000000008	1051.1016525597145 
0.9890000000000008	1051.10172371684 
0.9900000000000008	1051.1017905514204 
0.9910000000000008	1051.1018531021105 
0.9920000000000008	1051.1019114092662 
0.9930000000000008	1051.1019655148934 
0.9940000000000008	1051.1020154625949 
0.9950000000000008	1051.102061297518 
0.9960000000000008	1051.1021030663035 
0.9970000000000008	1051.102140817032 
0.9980000000000008	1051.1021745991736 
0.9990000000000008	1051.1022044635351 
1.0000000000000007	1051.1022304622084 
1.0010000000000006	1051.1022526485187 
1.0020000000000004	1051.1022710769748 
1.0030000000000003	1051.1022858032163 
1.0040000000000002	1051.1022968839636 
1.0050000000000001	1051.1023043769678 
1.006	1051.10230834096 
1.007	1051.102308835602 
1.0079999999999998	1051.1023059214358 
1.0089999999999997	1051.102299659836 
1.0099999999999996	1051.1022901129604 
1.0109999999999995	1051.1022773437014 
1.0119999999999993	1051.102261415639 
1.0129999999999992	1051.1022423929928 
1.0139999999999991	1051.102220340575 
1.014999999999999	1051.102195323745 
1.015999999999999	1051.1021674083624 
1.0169999999999988	1051.1021366607422 
1.0179999999999987	1051.1021031476098 
1.0189999999999986	1051.1020669360569 
1.0199999999999985	1051.102028093498 
1.0209999999999984	1051.1019866876265 
1.0219999999999982	1051.1019427863735 
1.0229999999999981	1051.1018964578645 
1.023999999999998	1051.1018477703794 
1.024999999999998	1051.1017967923108 
1.0259999999999978	1051.1017435921249 
1.0269999999999977	1051.1016882383215 
1.0279999999999976	1051.101630799396 
1.0289999999999975	1051.101571343801 
1.0299999999999974	1051.1015099399092 
1.0309999999999973	1051.1014466559768 
1.0319999999999971	1051.1013815601075 
1.032999999999997	1051.1013147202177 
1.033999999999997	1051.1012462040017 
1.0349999999999968	1051.1011760788979 
1.0359999999999967	1051.1011044120567 
1.0369999999999966	1051.101031270307 
1.0379999999999965	1051.1009567201256 
1.0389999999999964	1051.1008808276063 
1.0399999999999963	1051.1008036584294 
1.0409999999999962	1051.1007252778331 
1.041999999999996	1051.100645750585 
1.042999999999996	1051.1005651409541 
1.0439999999999958	1051.1004835126837 
1.0449999999999957	1051.1004009289654 
1.0459999999999956	1051.100317452414 
1.0469999999999955	1051.1002331450422 
1.0479999999999954	1051.1001480682376 
1.0489999999999953	1051.100062282738 
1.0499999999999952	1051.0999758486112 
1.050999999999995	1051.0998888252316 
1.051999999999995	1051.0998012712603 
1.0529999999999948	1051.0997132446246 
1.0539999999999947	1051.0996248024987 
1.0549999999999946	1051.099536001286 
1.0559999999999945	1051.0994468965996 
1.0569999999999944	1051.099357543247 
1.0579999999999943	1051.0992679952128 
1.0589999999999942	1051.0991783056434 
1.059999999999994	1051.099088526832 
1.060999999999994	1051.098998710205 
1.0619999999999938	1051.098908906308 
1.0629999999999937	1051.0988191647934 
1.0639999999999936	1051.0987295344091 
1.0649999999999935	1051.0986400629863 
1.0659999999999934	1051.0985507974294 
1.0669999999999933	1051.0984617837064 
1.0679999999999932	1051.0983730668395 
1.068999999999993	1051.098284690897 
1.069999999999993	1051.0981966989848 
1.0709999999999928	1051.0981091332408 
1.0719999999999927	1051.098022034827 
1.0729999999999926	1051.0979354439241 
1.0739999999999925	1051.097849399727 
1.0749999999999924	1051.0977639404396 
1.0759999999999923	1051.097679103271 
1.0769999999999922	1051.0975949244332 
1.077999999999992	1051.0975114391374 
1.078999999999992	1051.0974286815924 
1.0799999999999919	1051.097346685003 
1.0809999999999917	1051.0972654815696 
1.0819999999999916	1051.0971851024874 
1.0829999999999915	1051.0971055779469 
1.0839999999999914	1051.0970269371348 
1.0849999999999913	1051.0969492082356 
1.0859999999999912	1051.096872418433 
1.086999999999991	1051.0967965939124 
1.087999999999991	1051.0967217598645 
1.0889999999999909	1051.0966479404883 
1.0899999999999908	1051.096575158995 
1.0909999999999906	1051.096503437612 
1.0919999999999905	1051.0964327975892 
1.0929999999999904	1051.0963632592025 
1.0939999999999903	1051.0962948417612 
1.0949999999999902	1051.0962275636132 
1.09599999999999	1051.0961614421522 
1.09699999999999	1051.0960964938245 
1.0979999999999899	1051.0960327341363 
1.0989999999999898	1051.0959701776626 
1.0999999999999897	1051.0959088380537 
1.1009999999999895	1051.0958487280454 
1.1019999999999894	1051.0957898594672 
1.1029999999999893	1051.0957322432516 
1.1039999999999892	1051.0956758894442 
1.104999999999989	1051.0956208072132 
1.105999999999989	1051.09556700486 
1.1069999999999889	1051.0955144898292 
1.1079999999999888	1051.0954632687206 
1.1089999999999887	1051.0954133472992 
1.1099999999999886	1051.0953647305073 
1.1109999999999884	1051.095317422476 
1.1119999999999883	1051.095271426537 
1.1129999999999882	1051.095226745235 
1.113999999999988	1051.0951833803401 
1.114999999999988	1051.0951413328598 
1.115999999999988	1051.0951006030527 
1.1169999999999878	1051.095061190441 
1.1179999999999877	1051.0950230938233 
1.1189999999999876	1051.094986311289 
1.1199999999999875	1051.0949508402307 
1.1209999999999873	1051.0949166773587 
1.1219999999999872	1051.0948838187142 
1.1229999999999871	1051.0948522596832 
1.123999999999987	1051.0948219950112 
1.124999999999987	1051.094793018817 
1.1259999999999868	1051.0947653246064 
1.1269999999999867	1051.0947389052876 
1.1279999999999866	1051.0947137531848 
1.1289999999999865	1051.094689860053 
1.1299999999999863	1051.0946672170924 
1.1309999999999862	1051.094645814963 
1.1319999999999861	1051.0946256438 
1.132999999999986	1051.0946066932277 
1.133999999999986	1051.0945889523737 
1.1349999999999858	1051.094572409885 
1.1359999999999857	1051.0945570539418 
1.1369999999999856	1051.0945428722725 
1.1379999999999855	1051.0945298521688 
1.1389999999999854	1051.0945179804996 
1.1399999999999852	1051.0945072437264 
1.1409999999999851	1051.0944976279177 
1.141999999999985	1051.0944891187637 
1.142999999999985	1051.0944817015907 
1.1439999999999848	1051.0944753613755 
1.1449999999999847	1051.0944700827608 
1.1459999999999846	1051.0944658500687 
1.1469999999999845	1051.0944626473147 
1.1479999999999844	1051.094460458223 
1.1489999999999843	1051.0944592662402 
1.1499999999999841	1051.094459054549 
1.150999999999984	1051.0944598060826 
1.151999999999984	1051.0944615035385 
1.1529999999999838	1051.094464129392 
1.1539999999999837	1051.09446766591 
1.1549999999999836	1051.0944720951647 
1.1559999999999835	1051.0944773990466 
1.1569999999999834	1051.0944835592777 
1.1579999999999833	1051.0944905574252 
1.1589999999999832	1051.0944983749137 
1.159999999999983	1051.0945069930387 
1.160999999999983	1051.094516392979 
1.1619999999999828	1051.0945265558084 
1.1629999999999827	1051.0945374625096 
1.1639999999999826	1051.0945490939853 
1.1649999999999825	1051.0945614310701 
1.1659999999999824	1051.0945744545431 
1.1669999999999823	1051.094588145139 
1.1679999999999822	1051.0946024835594 
1.168999999999982	1051.094617450485 
1.169999999999982	1051.0946330265856 
1.1709999999999818	1051.0946491925317 
1.1719999999999817	1051.0946659290053 
1.1729999999999816	1051.0946832167097 
1.1739999999999815	1051.0947010363807 
1.1749999999999814	1051.0947193687962 
1.1759999999999813	1051.0947381947863 
1.1769999999999812	1051.094757495243 
1.177999999999981	1051.0947772511297 
1.178999999999981	1051.0947974434907 
1.1799999999999808	1051.0948180534604 
1.1809999999999807	1051.0948390622714 
1.1819999999999806	1051.0948604512641 
1.1829999999999805	1051.094882201895 
1.1839999999999804	1051.0949042957445 
1.1849999999999803	1051.0949267145256 
1.1859999999999802	1051.094949440091 
1.18699999999998	1051.0949724544419 
1.18799999999998	1051.0949957397336 
1.1889999999999799	1051.0950192782843 
1.1899999999999797	1051.0950430525816 
1.1909999999999796	1051.095067045289 
1.1919999999999795	1051.0950912392525 
1.1929999999999794	1051.0951156175072 
1.1939999999999793	1051.095140163283 
1.1949999999999792	1051.0951648600114 
1.195999999999979	1051.0951896913296 
1.196999999999979	1051.0952146410873 
1.1979999999999789	1051.095239693352 
1.1989999999999787	1051.0952648324126 
1.1999999999999786	1051.095290042786 
1.2009999999999785	1051.0953153092205 
1.2019999999999784	1051.095340616701 
1.2029999999999783	1051.095365950452 
1.2039999999999782	1051.0953912959437 
1.204999999999978	1051.0954166388935 
1.205999999999978	1051.0954419652708 
1.2069999999999779	1051.0954672613002 
1.2079999999999778	1051.0954925134647 
1.2089999999999776	1051.0955177085086 
1.2099999999999775	1051.0955428334403 
1.2109999999999774	1051.0955678755347 
1.2119999999999773	1051.0955928223361 
1.2129999999999772	1051.0956176616598 
1.213999999999977	1051.0956423815946 
1.214999999999977	1051.0956669705042 
1.2159999999999769	1051.095691417029 
1.2169999999999768	1051.095715710088 
1.2179999999999767	1051.0957398388791 
1.2189999999999765	1051.0957637928814 
1.2199999999999764	1051.095787561855 
1.2209999999999763	1051.095811135843 
1.2219999999999762	1051.0958345051704 
1.222999999999976	1051.095857660446 
1.223999999999976	1051.095880592562 
1.2249999999999759	1051.0959032926942 
1.2259999999999758	1051.0959257523018 
1.2269999999999757	1051.0959479631276 
1.2279999999999756	1051.0959699171972 
1.2289999999999754	1051.0959916068184 
1.2299999999999753	1051.096013024581 
1.2309999999999752	1051.0960341633554 
1.2319999999999751	1051.096055016292 
1.232999999999975	1051.09607557682 
1.233999999999975	1051.0960958386468 
1.2349999999999748	1051.096115795755 
1.2359999999999747	1051.0961354424026 
1.2369999999999746	1051.0961547731204 
1.2379999999999745	1051.0961737827106 
1.2389999999999743	1051.096192466245 
1.2399999999999742	1051.0962108190624 
1.2409999999999741	1051.0962288367678 
1.241999999999974	1051.0962465152286 
1.242999999999974	1051.0962638505735 
1.2439999999999738	1051.0962808391894 
1.2449999999999737	1051.0962974777192 
1.2459999999999736	1051.0963137630592 
1.2469999999999735	1051.0963296923562 
1.2479999999999734	1051.0963452630044 
1.2489999999999732	1051.0963604726433 
1.2499999999999731	1051.096375319154 
1.250999999999973	1051.0963898006569 
1.251999999999973	1051.0964039155074 
1.2529999999999728	1051.0964176622938 
1.2539999999999727	1051.0964310398335 
1.2549999999999726	1051.0964440471696 
1.2559999999999725	1051.0964566835676 
1.2569999999999724	1051.096468948512 
1.2579999999999723	1051.0964808417025 
1.2589999999999721	1051.0964923630506 
1.259999999999972	1051.096503512676 
1.260999999999972	1051.0965142909024 
1.2619999999999718	1051.0965246982544 
1.2629999999999717	1051.0965347354534 
1.2639999999999716	1051.0965444034134 
1.2649999999999715	1051.0965537032378 
1.2659999999999714	1051.096562636215 
1.2669999999999713	1051.0965712038144 
1.2679999999999712	1051.0965794076828 
1.268999999999971	1051.0965872496402 
1.269999999999971	1051.0965947316754 
1.2709999999999708	1051.0966018559423 
1.2719999999999707	1051.0966086247558 
1.2729999999999706	1051.096615040588 
1.2739999999999705	1051.096621106063 
1.2749999999999704	1051.0966268239538 
1.2759999999999703	1051.0966321971782 
1.2769999999999702	1051.0966372287937 
1.27799999999997	1051.0966419219942 
1.27899999999997	1051.0966462801057 
1.2799999999999698	1051.0966503065815 
1.2809999999999697	1051.0966540049992 
1.2819999999999696	1051.0966573790554 
1.2829999999999695	1051.0966604325622 
1.2839999999999694	1051.096663169443 
1.2849999999999693	1051.0966655937282 
1.2859999999999692	1051.096667709551 
1.286999999999969	1051.0966695211437 
1.287999999999969	1051.0966710328332 
1.2889999999999688	1051.0966722490375 
1.2899999999999687	1051.0966731742608 
1.2909999999999686	1051.0966738130899 
1.2919999999999685	1051.0966741701905 
1.2929999999999684	1051.096674250303 
1.2939999999999683	1051.0966740582387 
1.2949999999999682	1051.0966735988752 
1.295999999999968	1051.0966728771534 
1.296999999999968	1051.0966718980733 
1.2979999999999678	1051.09667066669 
1.2989999999999677	1051.0966691881104 
1.2999999999999676	1051.0966674674887 
1.3009999999999675	1051.0966655100237 
1.3019999999999674	1051.0966633209546 
1.3029999999999673	1051.0966609055567 
1.3039999999999672	1051.0966582691394 
1.304999999999967	1051.0966554170411 
1.305999999999967	1051.0966523546267 
1.3069999999999669	1051.0966490872838 
1.3079999999999667	1051.0966456204196 
1.3089999999999666	1051.096641959457 
1.3099999999999665	1051.0966381098317 
1.3109999999999664	1051.0966340769892 
1.3119999999999663	1051.0966298663807 
1.3129999999999662	1051.0966254834611 
1.313999999999966	1051.0966209336852 
1.314999999999966	1051.096616222505 
1.3159999999999659	1051.0966113553661 
1.3169999999999658	1051.0966063377057 
1.3179999999999656	1051.0966011749492 
1.3189999999999655	1051.0965958725074 
1.3199999999999654	1051.0965904357738 
1.3209999999999653	1051.0965848701221 
1.3219999999999652	1051.0965791809033 
1.322999999999965	1051.096573373443 
1.323999999999965	1051.0965674530398 
1.3249999999999649	1051.0965614249612 
1.3259999999999648	1051.0965552944429 
1.3269999999999647	1051.0965490666854 
1.3279999999999645	1051.096542746852 
1.3289999999999644	1051.096536340067 
1.3299999999999643	1051.0965298514125 
1.3309999999999642	1051.0965232859276 
1.331999999999964	1051.0965166486053 
1.332999999999964	1051.0965099443913 
1.3339999999999639	1051.0965031781818 
1.3349999999999638	1051.0964963548213 
1.3359999999999637	1051.0964894791011 
1.3369999999999636	1051.0964825557578 
1.3379999999999634	1051.0964755894713 
1.3389999999999633	1051.0964685848635 
1.3399999999999632	1051.0964615464964 
1.340999999999963	1051.0964544788706 
1.341999999999963	1051.0964473864244 
1.342999999999963	1051.096440273532 
1.3439999999999628	1051.096433144502 
1.3449999999999627	1051.0964260035769 
1.3459999999999626	1051.096418854931 
1.3469999999999624	1051.0964117026701 
1.3479999999999623	1051.0964045508297 
1.3489999999999622	1051.0963974033743 
1.3499999999999621	1051.096390264197 
1.350999999999962	1051.0963831371173 
1.351999999999962	1051.0963760258817 
1.3529999999999618	1051.0963689341618 
1.3539999999999617	1051.096361865554 
1.3549999999999616	1051.096354823579 
1.3559999999999615	1051.0963478116812 
1.3569999999999613	1051.0963408332275 
1.3579999999999612	1051.0963338915071 
1.3589999999999611	1051.0963269897318 
1.359999999999961	1051.0963201310342 
1.360999999999961	1051.0963133184684 
1.3619999999999608	1051.0963065550095 
1.3629999999999607	1051.096299843553 
1.3639999999999606	1051.0962931869146 
1.3649999999999605	1051.0962865878305 
1.3659999999999604	1051.0962800489565 
1.3669999999999602	1051.096273572869 
1.3679999999999601	1051.096267162064 
1.36899999999996	1051.0962608189575 
1.36999999999996	1051.0962545458858 
1.3709999999999598	1051.096248345105 
1.3719999999999597	1051.0962422187918 
1.3729999999999596	1051.096236169043 
1.3739999999999595	1051.0962301978768 
1.3749999999999594	1051.0962243072318 
1.3759999999999593	1051.0962184989678 
1.3769999999999591	1051.0962127748667 
1.377999999999959	1051.096207136632 
1.378999999999959	1051.0962015858904 
1.3799999999999588	1051.0961961241906 
1.3809999999999587	1051.0961907530047 
1.3819999999999586	1051.0961854737297 
1.3829999999999585	1051.0961802876861 
1.3839999999999584	1051.09617519612 
1.3849999999999583	1051.0961702002028 
1.3859999999999582	1051.0961653010327 
1.386999999999958	1051.0961604996344 
1.387999999999958	1051.0961557969608 
1.3889999999999578	1051.0961511938929 
1.3899999999999577	1051.096146691241 
1.3909999999999576	1051.096142289746 
1.3919999999999575	1051.096137990079 
1.3929999999999574	1051.0961337928425 
1.3939999999999573	1051.0961296985724 
1.3949999999999572	1051.0961257077377 
1.395999999999957	1051.0961218207412 
1.396999999999957	1051.0961180379218 
1.3979999999999568	1051.096114359554 
1.3989999999999567	1051.0961107858495 
1.3999999999999566	1051.096107316959 
1.4009999999999565	1051.0961039529711 
1.4019999999999564	1051.0961006939156 
1.4029999999999563	1051.0960975397627 
1.4039999999999562	1051.0960944904255 
1.404999999999956	1051.09609154576 
1.405999999999956	1051.0960887055667 
1.4069999999999558	1051.0960859695917 
1.4079999999999557	1051.0960833375277 
1.4089999999999556	1051.096080809015 
1.4099999999999555	1051.0960783836422 
1.4109999999999554	1051.0960760609487 
1.4119999999999553	1051.0960738404247 
1.4129999999999552	1051.096071721512 
1.413999999999955	1051.0960697036064 
1.414999999999955	1051.096067786058 
1.4159999999999549	1051.0960659681725 
1.4169999999999547	1051.0960642492123 
1.4179999999999546	1051.0960626283982 
1.4189999999999545	1051.0960611049095 
1.4199999999999544	1051.0960596778866 
1.4209999999999543	1051.096058346431 
1.4219999999999542	1051.0960571096066 
1.422999999999954	1051.0960559664416 
1.423999999999954	1051.096054915929 
1.4249999999999539	1051.0960539570283 
1.4259999999999537	1051.096053088666 
1.4269999999999536	1051.096052309737 
1.4279999999999535	1051.0960516191062 
1.4289999999999534	1051.0960510156096 
1.4299999999999533	1051.0960504980549 
1.4309999999999532	1051.0960500652227 
1.431999999999953	1051.0960497158685 
1.432999999999953	1051.0960494487229 
1.4339999999999529	1051.096049262493 
1.4349999999999528	1051.096049155864 
1.4359999999999526	1051.0960491274996 
1.4369999999999525	1051.0960491760436 
1.4379999999999524	1051.096049300121 
1.4389999999999523	1051.0960494983385 
1.4399999999999522	1051.0960497692865 
1.440999999999952	1051.0960501115396 
1.441999999999952	1051.0960505236578 
1.4429999999999519	1051.0960510041873 
1.4439999999999518	1051.0960515516622 
1.4449999999999517	1051.0960521646048 
1.4459999999999515	1051.096052841527 
1.4469999999999514	1051.096053580931 
1.4479999999999513	1051.0960543813117 
1.4489999999999512	1051.0960552411548 
1.449999999999951	1051.0960561589409 
1.450999999999951	1051.0960571331443 
1.4519999999999509	1051.096058162235 
1.4529999999999508	1051.0960592446795 
1.4539999999999507	1051.096060378941 
1.4549999999999506	1051.0960615634815 
1.4559999999999504	1051.0960627967615 
1.4569999999999503	1051.0960640772419 
1.4579999999999502	1051.0960654033838 
1.4589999999999501	1051.0960667736506 
1.45999999999995	1051.0960681865074 
1.46099999999995	1051.0960696404231 
1.4619999999999498	1051.0960711338707 
1.4629999999999497	1051.0960726653275 
1.4639999999999496	1051.0960742332766 
1.4649999999999495	1051.0960758362075 
1.4659999999999493	1051.096077472617 
1.4669999999999492	1051.0960791410093 
1.4679999999999491	1051.096080839897 
1.468999999999949	1051.0960825678021 
1.469999999999949	1051.096084323256 
1.4709999999999488	1051.096086104801 
1.4719999999999487	1051.0960879109905 
1.4729999999999486	1051.096089740389 
1.4739999999999485	1051.0960915915741 
1.4749999999999484	1051.0960934631353 
1.4759999999999482	1051.0960953536762 
1.4769999999999481	1051.096097261814 
1.477999999999948	1051.0960991861807 
1.478999999999948	1051.0961011254228 
1.4799999999999478	1051.0961030782025 
1.4809999999999477	1051.0961050431981 
1.4819999999999476	1051.096107019104 
1.4829999999999475	1051.0961090046317 
1.4839999999999474	1051.0961109985096 
1.4849999999999473	1051.0961129994841 
1.4859999999999471	1051.0961150063195 
1.486999999999947	1051.0961170177984 
1.487999999999947	1051.0961190327223 
1.4889999999999468	1051.0961210499117 
1.4899999999999467	1051.0961230682067 
1.4909999999999466	1051.0961250864668 
1.4919999999999465	1051.096127103572 
1.4929999999999464	1051.096129118422 
1.4939999999999463	1051.0961311299372 
1.4949999999999461	1051.0961331370593 
1.495999999999946	1051.0961351387502 
1.496999999999946	1051.0961371339936 
1.4979999999999458	1051.0961391217943 
1.4989999999999457	1051.096141101179 
1.4999999999999456	1051.0961430711957 
1.5009999999999455	1051.0961450309146 
1.5019999999999454	1051.0961469794277 
1.5029999999999453	1051.0961489158492 
1.5039999999999452	1051.096150839316 
1.504999999999945	1051.0961527489865 
1.505999999999945	1051.0961546440421 
1.5069999999999448	1051.0961565236867 
1.5079999999999447	1051.0961583871463 
1.5089999999999446	1051.0961602336697 
1.5099999999999445	1051.0961620625283 
1.5109999999999444	1051.096163873016 
1.5119999999999443	1051.0961656644492 
1.5129999999999442	1051.0961674361674 
1.513999999999944	1051.096169187532 
1.514999999999944	1051.096170917927 
1.5159999999999438	1051.0961726267592 
1.5169999999999437	1051.0961743134571 
1.5179999999999436	1051.0961759774723 
1.5189999999999435	1051.096177618278 
1.5199999999999434	1051.09617923537 
