0.0	1000.0 
0.001	1000.0157648734887 
0.002	1000.0472104765635 
0.003	1000.0942414749928 
0.004	1000.1567518602603 
0.005	1000.2346254439161 
0.006	1000.3277363319397 
0.007	1000.4359493806593 
0.008	1000.5591206356179 
0.009000000000000001	1000.6970977546162 
0.010000000000000002	1000.8497204160115 
0.011000000000000003	1001.0168207132104 
0.012000000000000004	1001.1982235361572 
0.013000000000000005	1001.3937469405004 
0.014000000000000005	1001.6032025050135 
0.015000000000000006	1001.8263956777477 
0.016000000000000007	1002.0631261113125 
0.017000000000000008	1002.3131879876136 
0.01800000000000001	1002.5763703323122 
0.01900000000000001	1002.8524573192308 
0.02000000000000001	1003.141228564886 
0.02100000000000001	1003.4424594133061 
0.022000000000000013	1003.7559212112697 
0.023000000000000013	1004.0813815740883 
0.024000000000000014	1004.418604642052 
0.025000000000000015	1004.7673513276552 
0.026000000000000016	1005.1273795537237 
0.027000000000000017	1005.4984444825719 
0.028000000000000018	1005.8802987363307 
0.02900000000000002	1006.2726926085966 
0.03000000000000002	1006.6753742675706 
0.03100000000000002	1007.0880899508686 
0.03200000000000002	1007.5105841521992 
0.03300000000000002	1007.9425998001261 
0.03400000000000002	1008.3838784291423 
0.035000000000000024	1008.8341603432999 
0.036000000000000025	1009.2931847726562 
0.037000000000000026	1009.7606900228044 
0.03800000000000003	1010.2364136177721 
0.03900000000000003	1010.7200924365803 
0.04000000000000003	1011.2114628437619 
0.04100000000000003	1011.7102608141465 
0.04200000000000003	1012.2162220522242 
0.04300000000000003	1012.7290821064008 
0.04400000000000003	1013.2485764784622 
0.04500000000000003	1013.7744407285613 
0.046000000000000034	1014.306410576043 
0.047000000000000035	1014.8442219964147 
0.048000000000000036	1015.3876113147682 
0.04900000000000004	1015.9363152959509 
0.05000000000000004	1016.4900712317773 
0.05100000000000004	1017.0486170255605 
0.05200000000000004	1017.6116912742372 
0.05300000000000004	1018.1790333483447 
0.05400000000000004	1018.7503834700999 
0.05500000000000004	1019.3254827898154 
0.05600000000000004	1019.904073460875 
0.057000000000000044	1020.485898713479 
0.058000000000000045	1021.0707029273519 
0.059000000000000045	1021.6582317035957 
0.060000000000000046	1022.2482319358502 
0.06100000000000005	1022.8404518809156 
0.06200000000000005	1023.4346412289698 
0.06300000000000004	1024.0305511735037 
0.06400000000000004	1024.6279344810796 
0.06500000000000004	1025.226545561005 
0.06600000000000004	1025.8261405349997 
0.06700000000000005	1026.426477306921 
0.06800000000000005	1027.0273156325957 
0.06900000000000005	1027.628417189797 
0.07000000000000005	1028.2295456483912 
0.07100000000000005	1028.8304667406685 
0.07200000000000005	1029.430948331855 
0.07300000000000005	1030.0307604908005 
0.07400000000000005	1030.6296755608198 
0.07500000000000005	1031.2274682306575 
0.07600000000000005	1031.823915605539 
0.07700000000000005	1032.418797278259 
0.07800000000000006	1033.0118954002526 
0.07900000000000006	1033.602994752586 
0.08000000000000006	1034.1918828168 
0.08100000000000006	1034.7783498455294 
0.08200000000000006	1035.3621889328185 
0.08300000000000006	1035.9431960840502 
0.08400000000000006	1036.5211702853967 
0.08500000000000006	1037.095913572703 
0.08600000000000006	1037.6672310997062 
0.08700000000000006	1038.2349312054944 
0.08800000000000006	1038.7988254811066 
0.08900000000000007	1039.3587288351725 
0.09000000000000007	1039.9144595584933 
0.09100000000000007	1040.4658393874606 
0.09200000000000007	1041.0126935662154 
0.09300000000000007	1041.5548509074445 
0.09400000000000007	1042.0921438517178 
0.09500000000000007	1042.624408525269 
0.09600000000000007	1043.151484796123 
0.09700000000000007	1043.6732163284782 
0.09800000000000007	1044.189450635254 
0.09900000000000007	1044.7000391287124 
0.10000000000000007	1045.204837169075 
0.10100000000000008	1045.7037041110468 
0.10200000000000008	1046.1965033481756 
0.10300000000000008	1046.68310235497 
0.10400000000000008	1047.1633727267063 
0.10500000000000008	1047.6371902168578 
0.10600000000000008	1048.1044347720886 
0.10700000000000008	1048.5649905647488 
0.10800000000000008	1049.0187460228244 
0.10900000000000008	1049.4655938572882 
0.11000000000000008	1049.905431086812 
0.11100000000000008	1050.3381590597996 
0.11200000000000009	1050.7636834737052 
0.11300000000000009	1051.1819143916093 
0.11400000000000009	1051.5927662560264 
0.11500000000000009	1051.996157899922 
0.11600000000000009	1052.3920125549275 
0.11700000000000009	1052.7802578567364 
0.11800000000000009	1053.1608258476788 
0.11900000000000009	1053.533652976471 
0.12000000000000009	1053.8986800951411 
0.1210000000000001	1054.2558524531366 
0.1220000000000001	1054.6051196886276 
0.1230000000000001	1054.946435817015 
0.1240000000000001	1055.2797592166678 
0.12500000000000008	1055.6050526119056 
0.12600000000000008	1055.922283053259 
0.12700000000000009	1056.2314218950314 
0.12800000000000009	1056.5324447701994 
0.1290000000000001	1056.8253315626857 
0.1300000000000001	1057.1100663770465 
0.1310000000000001	1057.3866375056134 
0.1320000000000001	1057.6550373931373 
0.1330000000000001	1057.9152625989816 
0.1340000000000001	1058.1673137569164 
0.1350000000000001	1058.4111955325664 
0.1360000000000001	1058.646916578568 
0.1370000000000001	1058.8744894874956 
0.1380000000000001	1059.0939307426142 
0.1390000000000001	1059.305260666522 
0.1400000000000001	1059.5085033677449 
0.1410000000000001	1059.703686685352 
0.1420000000000001	1059.8908421316532 
0.1430000000000001	1060.0700048330511 
0.1440000000000001	1060.2412134691144 
0.1450000000000001	1060.4045102099442 
0.1460000000000001	1060.559940651903 
0.1470000000000001	1060.7075537517796 
0.1480000000000001	1060.8474017594624 
0.1490000000000001	1060.9795401491915 
0.1500000000000001	1061.1040275494688 
0.1510000000000001	1061.2209256716937 
0.1520000000000001	1061.3302992376032 
0.1530000000000001	1061.4322159055873 
0.1540000000000001	1061.5267461959572 
0.1550000000000001	1061.6139634152355 
0.1560000000000001	1061.6939435795475 
0.1570000000000001	1061.766765337184 
0.1580000000000001	1061.8325098904081 
0.1590000000000001	1061.8912609165807 
0.16000000000000011	1061.9431044886755 
0.16100000000000012	1061.9881289952557 
0.16200000000000012	1062.0264250599803 
0.16300000000000012	1062.0580854607144 
0.16400000000000012	1062.0832050483086 
0.16500000000000012	1062.1018806651161 
0.16600000000000012	1062.1142110633168 
0.16700000000000012	1062.1202968231119 
0.16800000000000012	1062.1202402708548 
0.16900000000000012	1062.1141453971823 
0.17000000000000012	1062.1021177752075 
0.17100000000000012	1062.084264478838 
0.17200000000000013	1062.0606940012756 
0.17300000000000013	1062.031516173761 
0.17400000000000013	1061.9968420846162 
0.17500000000000013	1061.9567839986435 
0.17600000000000013	1061.9114552769342 
0.17700000000000013	1061.8609702971419 
0.17800000000000013	1061.8054443742687 
0.17900000000000013	1061.744993682019 
0.18000000000000013	1061.6797351747641 
0.18100000000000013	1061.6097865101713 
0.18200000000000013	1061.5352659725363 
0.18300000000000013	1061.456292396869 
0.18400000000000014	1061.3729850937707 
0.18500000000000014	1061.2854637751477 
0.18600000000000014	1061.1938484807972 
0.18700000000000014	1061.0982595059056 
0.18800000000000014	1060.9988173294964 
0.18900000000000014	1060.89564254386 
0.19000000000000014	1060.788855785001 
0.19100000000000014	1060.6785776641339 
0.19200000000000014	1060.564928700258 
0.19300000000000014	1060.4480292538403 
0.19400000000000014	1060.3279994616335 
0.19500000000000015	1060.204959172654 
0.19600000000000015	1060.079027885348 
0.19700000000000015	1059.9503246859638 
0.19800000000000015	1059.8189681881543 
0.19900000000000015	1059.685076473832 
0.20000000000000015	1059.5487670352893 
0.20100000000000015	1059.4101567186085 
0.20200000000000015	1059.2693616683712 
0.20300000000000015	1059.1264972736865 
0.20400000000000015	1058.9816781155484 
0.20500000000000015	1058.8350179155357 
0.20600000000000016	1058.6866294858644 
0.20700000000000016	1058.5366246808037 
0.20800000000000016	1058.3851143494614 
0.20900000000000016	1058.2322082899482 
0.21000000000000016	1058.0780152049247 
0.21100000000000016	1057.9226426585378 
0.21200000000000016	1057.7661970347494 
0.21300000000000016	1057.6087834970588 
0.21400000000000016	1057.4505059496212 
0.21500000000000016	1057.2914669997642 
0.21600000000000016	1057.131767921899 
0.21700000000000016	1056.9715086228255 
0.21800000000000017	1056.810787608431 
0.21900000000000017	1056.6497019517744 
0.22000000000000017	1056.4883472625575 
0.22100000000000017	1056.3268176579713 
0.22200000000000017	1056.1652057349181 
0.22300000000000017	1056.0036025435957 
0.22400000000000017	1055.842097562441 
0.22500000000000017	1055.6807786744223 
0.22600000000000017	1055.51973214467 
0.22700000000000017	1055.3590425994378 
0.22800000000000017	1055.1987930063829 
0.22900000000000018	1055.039064656151 
0.23000000000000018	1054.8799371452587 
0.23100000000000018	1054.7214883602576 
0.23200000000000018	1054.5637944631658 
0.23300000000000018	1054.4069298781565 
0.23400000000000018	1054.2509672794847 
0.23500000000000018	1054.0959775806418 
0.23600000000000018	1053.9420299247172 
0.23700000000000018	1053.7891916759556 
0.23800000000000018	1053.6375284124915 
0.23900000000000018	1053.4871039202433 
0.24000000000000019	1053.3379801879503 
0.2410000000000002	1053.190217403336 
0.2420000000000002	1053.0438739503777 
0.2430000000000002	1052.8990064076652 
0.2440000000000002	1052.755669547829 
0.2450000000000002	1052.6139163380196 
0.2460000000000002	1052.4737979414183 
0.2470000000000002	1052.3353637197592 
0.2480000000000002	1052.1986612368437 
0.2490000000000002	1052.0637362630264 
0.25000000000000017	1051.9306327806519 
0.25100000000000017	1051.7993929904233 
0.25200000000000017	1051.6700573186797 
0.25300000000000017	1051.5426644255638 
0.25400000000000017	1051.4172512140567 
0.25500000000000017	1051.293852839861 
0.25600000000000017	1051.1725027221082 
0.2570000000000002	1051.0532325548716 
0.2580000000000002	1050.9360723194611 
0.2590000000000002	1050.8210502974812 
0.2600000000000002	1050.708193084627 
0.2610000000000002	1050.5975256052002 
0.2620000000000002	1050.489071127321 
0.2630000000000002	1050.3828512788155 
0.2640000000000002	1050.2788860637572 
0.2650000000000002	1050.1771938796403 
0.2660000000000002	1050.0777915351637 
0.2670000000000002	1049.9806942686043 
0.2680000000000002	1049.8859157667587 
0.2690000000000002	1049.7934681844301 
0.2700000000000002	1049.7033621644418 
0.2710000000000002	1049.6156068581545 
0.2720000000000002	1049.5302099464664 
0.2730000000000002	1049.447177661276 
0.2740000000000002	1049.3665148073867 
0.2750000000000002	1049.2882247848304 
0.2760000000000002	1049.2123096115943 
0.2770000000000002	1049.1387699467255 
0.2780000000000002	1049.0676051137964 
0.2790000000000002	1048.9988131247094 
0.2800000000000002	1048.9323907038226 
0.2810000000000002	1048.868333312375 
0.2820000000000002	1048.8066351731923 
0.2830000000000002	1048.7472892956562 
0.2840000000000002	1048.6902875009152 
0.2850000000000002	1048.6356204473193 
0.2860000000000002	1048.58327765606 
0.2870000000000002	1048.5332475369987 
0.2880000000000002	1048.4855174146624 
0.2890000000000002	1048.4400735543913 
0.2900000000000002	1048.3969011886204 
0.2910000000000002	1048.3559845432762 
0.2920000000000002	1048.3173068642734 
0.2930000000000002	1048.280850444093 
0.2940000000000002	1048.2465966484267 
0.2950000000000002	1048.2145259428708 
0.2960000000000002	1048.1846179196527 
0.2970000000000002	1048.1568513243762 
0.2980000000000002	1048.131204082768 
0.2990000000000002	1048.1076533274106 
0.3000000000000002	1048.0861754244506 
0.3010000000000002	1048.0667460002599 
0.3020000000000002	1048.049339968044 
0.3030000000000002	1048.0339315543777 
0.3040000000000002	1048.0204943256565 
0.3050000000000002	1048.0090012144512 
0.3060000000000002	1047.9994245457503 
0.3070000000000002	1047.9917360630793 
0.3080000000000002	1047.985906954484 
0.3090000000000002	1047.9819078783657 
0.3100000000000002	1047.9797089891545 
0.3110000000000002	1047.9792799628133 
0.3120000000000002	1047.9805900221568 
0.3130000000000002	1047.9836079619772 
0.3140000000000002	1047.988302173966 
0.3150000000000002	1047.9946406714193 
0.3160000000000002	1048.0025911137193 
0.3170000000000002	1048.0121208305807 
0.3180000000000002	1048.0231968460532 
0.31900000000000023	1048.035785902271 
0.32000000000000023	1048.04985448294 
0.32100000000000023	1048.065368836554 
0.32200000000000023	1048.0822949993342 
0.32300000000000023	1048.10059881788 
0.32400000000000023	1048.120245971527 
0.32500000000000023	1048.1412019944046 
0.32600000000000023	1048.1634322971825 
0.32700000000000023	1048.186902188505 
0.32800000000000024	1048.211576896103 
0.32900000000000024	1048.2374215875784 
0.33000000000000024	1048.2644013908555 
0.33100000000000024	1048.2924814142941 
0.33200000000000024	1048.3216267664584 
0.33300000000000024	1048.3518025755368 
0.33400000000000024	1048.3829740084093 
0.33500000000000024	1048.4151062893557 
0.33600000000000024	1048.4481647184036 
0.33700000000000024	1048.4821146893091 
0.33800000000000024	1048.5169217071693 
0.33900000000000025	1048.5525514056624 
0.34000000000000025	1048.5889695639114 
0.34100000000000025	1048.6261421229708 
0.34200000000000025	1048.6640352019315 
0.34300000000000025	1048.702615113644 
0.34400000000000025	1048.7418483800552 
0.34500000000000025	1048.7817017471602 
0.34600000000000025	1048.8221421995647 
0.34700000000000025	1048.8631369746588 
0.34800000000000025	1048.9046535764007 
0.34900000000000025	1048.9466597887083 
0.35000000000000026	1048.98912368846 
0.35100000000000026	1049.0320136581042 
0.35200000000000026	1049.0752983978753 
0.35300000000000026	1049.1189469376181 
0.35400000000000026	1049.1629286482228 
0.35500000000000026	1049.2072132526657 
0.35600000000000026	1049.2517708366624 
0.35700000000000026	1049.2965718589307 
0.35800000000000026	1049.3415871610657 
0.35900000000000026	1049.3867879770278 
0.36000000000000026	1049.4321459422458 
0.36100000000000027	1049.4776331023374 
0.36200000000000027	1049.523221921447 
0.36300000000000027	1049.568885290205 
0.36400000000000027	1049.6145965333092 
0.36500000000000027	1049.6603294167328 
0.36600000000000027	1049.7060581545593 
0.36700000000000027	1049.751757415448 
0.36800000000000027	1049.7974023287343 
0.36900000000000027	1049.842968490165 
0.3700000000000003	1049.8884319672754 
0.3710000000000003	1049.9337693044085 
0.3720000000000003	1049.978957527381 
0.3730000000000003	1050.0239741478 
0.3740000000000003	1050.0687971670336 
0.3750000000000003	1050.113405079841 
0.3760000000000003	1050.1577768776615 
0.3770000000000003	1050.2018920515734 
0.3780000000000003	1050.2457305949201 
0.3790000000000003	1050.2892730056137 
0.3800000000000003	1050.3325002881156 
0.3810000000000003	1050.3753939551025 
0.3820000000000003	1050.417936028819 
0.3830000000000003	1050.4601090421259 
0.3840000000000003	1050.5018960392435 
0.3850000000000003	1050.5432805762007 
0.3860000000000003	1050.5842467209889 
0.3870000000000003	1050.6247790534312 
0.3880000000000003	1050.6648626647686 
0.3890000000000003	1050.7044831569694 
0.3900000000000003	1050.7436266417674 
0.3910000000000003	1050.7822797394326 
0.3920000000000003	1050.8204295772837 
0.3930000000000003	1050.8580637879415 
0.3940000000000003	1050.8951705073357 
0.3950000000000003	1050.931738372465 
0.3960000000000003	1050.9677565189181 
0.3970000000000003	1051.0032145781643 
0.3980000000000003	1051.0381026746113 
0.3990000000000003	1051.0724114224458 
0.4000000000000003	1051.1061319222542 
0.4010000000000003	1051.1392557574338 
0.4020000000000003	1051.1717749903994 
0.4030000000000003	1051.2036821585887 
0.4040000000000003	1051.2349702702759 
0.4050000000000003	1051.2656328001963 
0.4060000000000003	1051.2956636849883 
0.4070000000000003	1051.3250573184605 
0.4080000000000003	1051.3538085466855 
0.4090000000000003	1051.3819126629312 
0.4100000000000003	1051.4093654024307 
0.4110000000000003	1051.4361629369996 
0.4120000000000003	1051.4623018695056 
0.4130000000000003	1051.4877792281948 
0.4140000000000003	1051.512592460881 
0.4150000000000003	1051.5367394290065 
0.4160000000000003	1051.5602184015743 
0.4170000000000003	1051.583028048962 
0.4180000000000003	1051.6051674366213 
0.4190000000000003	1051.6266360186687 
0.4200000000000003	1051.6474336313722 
0.4210000000000003	1051.6675604865409 
0.4220000000000003	1051.6870171648209 
0.4230000000000003	1051.7058046089055 
0.4240000000000003	1051.723924116662 
0.4250000000000003	1051.7413773341825 
0.4260000000000003	1051.758166248764 
0.4270000000000003	1051.7742931818198 
0.4280000000000003	1051.789760781733 
0.4290000000000003	1051.8045720166515 
0.4300000000000003	1051.8187301672313 
0.4310000000000003	1051.832238819336 
0.43200000000000033	1051.845101856693 
0.43300000000000033	1051.8573234535131 
0.43400000000000033	1051.8689080670797 
0.43500000000000033	1051.8798604303088 
0.43600000000000033	1051.8901855442878 
0.43700000000000033	1051.8998886707961 
0.43800000000000033	1051.908975324812 
0.43900000000000033	1051.9174512670095 
0.44000000000000034	1051.9253224962515 
0.44100000000000034	1051.932595242082 
0.44200000000000034	1051.9392759572218 
0.44300000000000034	1051.9453713100713 
0.44400000000000034	1051.9508881772263 
0.44500000000000034	1051.9558336360078 
0.44600000000000034	1051.960214957013 
0.44700000000000034	1051.9640395966883 
0.44800000000000034	1051.9673151899299 
0.44900000000000034	1051.9700495427153 
0.45000000000000034	1051.9722506247679 
0.45100000000000035	1051.9739265622609 
0.45200000000000035	1051.975085630561 
0.45300000000000035	1051.9757362470166 
0.45400000000000035	1051.9758869637947 
0.45500000000000035	1051.975546460767 
0.45600000000000035	1051.9747235384507 
0.45700000000000035	1051.9734271110065 
0.45800000000000035	1051.9716661992945 
0.45900000000000035	1051.9694499239952 
0.46000000000000035	1051.9667874987927 
0.46100000000000035	1051.9636882236289 
0.46200000000000035	1051.9601614780252 
0.46300000000000036	1051.9562167144793 
0.46400000000000036	1051.9518634519357 
0.46500000000000036	1051.9471112693345 
0.46600000000000036	1051.9419697992403 
0.46700000000000036	1051.936448721552 
0.46800000000000036	1051.9305577572982 
0.46900000000000036	1051.9243066625158 
0.47000000000000036	1051.91770522222 
0.47100000000000036	1051.9107632444614 
0.47200000000000036	1051.9034905544745 
0.47300000000000036	1051.8958969889215 
0.47400000000000037	1051.8879923902277 
0.47500000000000037	1051.879786601015 
0.47600000000000037	1051.8712894586324 
0.47700000000000037	1051.8625107897853 
0.47800000000000037	1051.8534604052643 
0.47900000000000037	1051.8441480947758 
0.48000000000000037	1051.8345836218757 
0.48100000000000037	1051.8247767190044 
0.4820000000000004	1051.814737082628 
0.4830000000000004	1051.8044743684839 
0.4840000000000004	1051.793998186932 
0.4850000000000004	1051.7833180984132 
0.4860000000000004	1051.772443609016 
0.4870000000000004	1051.7613841661478 
0.4880000000000004	1051.7501491543196 
0.4890000000000004	1051.7387478910348 
0.4900000000000004	1051.72718962279 
0.4910000000000004	1051.7154835211852 
0.4920000000000004	1051.7036386791422 
0.4930000000000004	1051.6916641072348 
0.4940000000000004	1051.6795687301278 
0.4950000000000004	1051.667361383127 
0.4960000000000004	1051.6550508088383 
0.4970000000000004	1051.6426456539382 
0.4980000000000004	1051.630154466053 
0.4990000000000004	1051.617585690748 
0.5000000000000003	1051.6049476686267 
0.5010000000000003	1051.5922486325385 
0.5020000000000003	1051.5794967048953 
0.5030000000000003	1051.5666998950967 
0.5040000000000003	1051.553866097063 
0.5050000000000003	1051.5410030868761 
0.5060000000000003	1051.5281185205256 
0.5070000000000003	1051.5152199317627 
0.5080000000000003	1051.502314730059 
0.5090000000000003	1051.4894101986706 
0.5100000000000003	1051.476513492805 
0.5110000000000003	1051.4636316378926 
0.5120000000000003	1051.4507715279597 
0.5130000000000003	1051.4379399241031 
0.5140000000000003	1051.4251434530665 
0.5150000000000003	1051.4123886059142 
0.5160000000000003	1051.399681736805 
0.5170000000000003	1051.3870290618631 
0.5180000000000003	1051.3744366581466 
0.5190000000000003	1051.361910462709 
0.5200000000000004	1051.3494562717567 
0.5210000000000004	1051.3370797398993 
0.5220000000000004	1051.3247863794907 
0.5230000000000004	1051.312581560062 
0.5240000000000004	1051.300470507843 
0.5250000000000004	1051.2884583053717 
0.5260000000000004	1051.27654989119 
0.5270000000000004	1051.264750059626 
0.5280000000000004	1051.2530634606592 
0.5290000000000004	1051.2414945998678 
0.5300000000000004	1051.2300478384586 
0.5310000000000004	1051.2187273933753 
0.5320000000000004	1051.207537337485 
0.5330000000000004	1051.1964815998433 
0.5340000000000004	1051.1855639660312 
0.5350000000000004	1051.1747880785695 
0.5360000000000004	1051.1641574374023 
0.5370000000000004	1051.153675400454 
0.5380000000000004	1051.1433451842522 
0.5390000000000004	1051.1331698646218 
0.5400000000000004	1051.1231523774418 
0.5410000000000004	1051.113295519469 
0.5420000000000004	1051.1036019492228 
0.5430000000000004	1051.0940741879324 
0.5440000000000004	1051.084714620543 
0.5450000000000004	1051.0755254967808 
0.5460000000000004	1051.066508932273 
0.5470000000000004	1051.0576669097245 
0.5480000000000004	1051.049001280146 
0.5490000000000004	1051.0405137641353 
0.5500000000000004	1051.0322059532073 
0.5510000000000004	1051.0240793111732 
0.5520000000000004	1051.016135175566 
0.5530000000000004	1051.0083747591111 
0.5540000000000004	1051.0007991512412 
0.5550000000000004	1050.9934093196518 
0.5560000000000004	1050.9862061118986 
0.5570000000000004	1050.9791902570319 
0.5580000000000004	1050.9723623672696 
0.5590000000000004	1050.9657229397053 
0.5600000000000004	1050.9592723580502 
0.5610000000000004	1050.9530108944073 
0.5620000000000004	1050.9469387110773 
0.5630000000000004	1050.9410558623927 
0.5640000000000004	1050.9353622965803 
0.5650000000000004	1050.9298578576506 
0.5660000000000004	1050.9245422873107 
0.5670000000000004	1050.9194152269013 
0.5680000000000004	1050.9144762193548 
0.5690000000000004	1050.9097247111756 
0.5700000000000004	1050.9051600544362 
0.5710000000000004	1050.9007815087934 
0.5720000000000004	1050.896588243519 
0.5730000000000004	1050.8925793395465 
0.5740000000000004	1050.8887537915286 
0.5750000000000004	1050.8851105099093 
0.5760000000000004	1050.8816483230046 
0.5770000000000004	1050.8783659790931 
0.5780000000000004	1050.875262148514 
0.5790000000000004	1050.872335425772 
0.5800000000000004	1050.8695843316475 
0.5810000000000004	1050.8670073153098 
0.5820000000000004	1050.8646027564344 
0.5830000000000004	1050.8623689673207 
0.5840000000000004	1050.8603041950105 
0.5850000000000004	1050.8584066234057 
0.5860000000000004	1050.8566743753836 
0.5870000000000004	1050.8551055149092 
0.5880000000000004	1050.8536980491428 
0.5890000000000004	1050.8524499305436 
0.5900000000000004	1050.8513590589644 
0.5910000000000004	1050.8504232837408 
0.5920000000000004	1050.8496404057719 
0.5930000000000004	1050.8490081795892 
0.5940000000000004	1050.8485243154178 
0.5950000000000004	1050.848186481224 
0.5960000000000004	1050.8479923047523 
0.5970000000000004	1050.8479393755465 
0.5980000000000004	1050.8480252469592 
0.5990000000000004	1050.8482474381444 
0.6000000000000004	1050.8486034360355 
0.6010000000000004	1050.8490906973052 
0.6020000000000004	1050.849706650309 
0.6030000000000004	1050.850448697009 
0.6040000000000004	1050.8513142148804 
0.6050000000000004	1050.852300558797 
0.6060000000000004	1050.8534050628962 
0.6070000000000004	1050.854625042423 
0.6080000000000004	1050.8559577955532 
0.6090000000000004	1050.8574006051917 
0.6100000000000004	1050.8589507407503 
0.6110000000000004	1050.8606054599004 
0.6120000000000004	1050.862362010302 
0.6130000000000004	1050.8642176313074 
0.6140000000000004	1050.8661695556405 
0.6150000000000004	1050.8682150110496 
0.6160000000000004	1050.870351221935 
0.6170000000000004	1050.8725754109478 
0.6180000000000004	1050.8748848005641 
0.6190000000000004	1050.877276614631 
0.6200000000000004	1050.8797480798833 
0.6210000000000004	1050.8822964274336 
0.6220000000000004	1050.8849188942338 
0.6230000000000004	1050.8876127245067 
0.6240000000000004	1050.890375171149 
0.6250000000000004	1050.8932034971056 
0.6260000000000004	1050.896094976713 
0.6270000000000004	1050.8990468970135 
0.6280000000000004	1050.9020565590395 
0.6290000000000004	1050.9051212790669 
0.6300000000000004	1050.9082383898383 
0.6310000000000004	1050.9114052417563 
0.6320000000000005	1050.9146192040444 
0.6330000000000005	1050.9178776658794 
0.6340000000000005	1050.9211780374908 
0.6350000000000005	1050.9245177512303 
0.6360000000000005	1050.9278942626102 
0.6370000000000005	1050.93130505131 
0.6380000000000005	1050.9347476221533 
0.6390000000000005	1050.9382195060525 
0.6400000000000005	1050.9417182609225 
0.6410000000000005	1050.9452414725636 
0.6420000000000005	1050.9487867555142 
0.6430000000000005	1050.9523517538712 
0.6440000000000005	1050.9559341420802 
0.6450000000000005	1050.9595316256957 
0.6460000000000005	1050.9631419421096 
0.6470000000000005	1050.96676286125 
0.6480000000000005	1050.9703921862485 
0.6490000000000005	1050.97402775408 
0.6500000000000005	1050.977667436169 
0.6510000000000005	1050.9813091389688 
0.6520000000000005	1050.9849508045102 
0.6530000000000005	1050.98859041092 
0.6540000000000005	1050.9922259729126 
0.6550000000000005	1050.9958555422493 
0.6560000000000005	1050.9994772081727 
0.6570000000000005	1051.00308909781 
0.6580000000000005	1051.0066893765493 
0.6590000000000005	1051.010276248387 
0.6600000000000005	1051.01384795625 
0.6610000000000005	1051.0174027822877 
0.6620000000000005	1051.0209390481393 
0.6630000000000005	1051.0244551151736 
0.6640000000000005	1051.0279493847022 
0.6650000000000005	1051.0314202981674 
0.6660000000000005	1051.0348663373047 
0.6670000000000005	1051.0382860242792 
0.6680000000000005	1051.0416779217978 
0.6690000000000005	1051.0450406331968 
0.6700000000000005	1051.0483728025054 
0.6710000000000005	1051.0516731144853 
0.6720000000000005	1051.0549402946474 
0.6730000000000005	1051.058173109245 
0.6740000000000005	1051.0613703652446 
0.6750000000000005	1051.0645309102754 
0.6760000000000005	1051.0676536325564 
0.6770000000000005	1051.0707374608019 
0.6780000000000005	1051.0737813641067 
0.6790000000000005	1051.0767843518113 
0.6800000000000005	1051.0797454733458 
0.6810000000000005	1051.082663818056 
0.6820000000000005	1051.0855385150087 
0.6830000000000005	1051.088368732779 
0.6840000000000005	1051.09115367922 
0.6850000000000005	1051.0938926012145 
0.6860000000000005	1051.0965847844084 
0.6870000000000005	1051.0992295529277 
0.6880000000000005	1051.1018262690802 
0.6890000000000005	1051.10437433304 
0.6900000000000005	1051.1068731825162 
0.6910000000000005	1051.1093222924085 
0.6920000000000005	1051.1117211744454 
0.6930000000000005	1051.1140693768114 
0.6940000000000005	1051.116366483757 
0.6950000000000005	1051.1186121151993 
0.6960000000000005	1051.1208059263063 
0.6970000000000005	1051.1229476070712 
0.6980000000000005	1051.1250368818742 
0.6990000000000005	1051.1270735090325 
0.7000000000000005	1051.1290572803393 
0.7010000000000005	1051.1309880205938 
0.7020000000000005	1051.1328655871182 
0.7030000000000005	1051.1346898692682 
0.7040000000000005	1051.1364607879323 
0.7050000000000005	1051.1381782950232 
0.7060000000000005	1051.1398423729604 
0.7070000000000005	1051.1414530341453 
0.7080000000000005	1051.143010320429 
0.7090000000000005	1051.1445143025726 
0.7100000000000005	1051.1459650797008 
0.7110000000000005	1051.14736277875 
0.7120000000000005	1051.1487075539103 
0.7130000000000005	1051.1499995860622 
0.7140000000000005	1051.1512390822077 
0.7150000000000005	1051.1524262748978 
0.7160000000000005	1051.153561421656 
0.7170000000000005	1051.154644804396 
0.7180000000000005	1051.1556767288396 
0.7190000000000005	1051.156657523928 
0.7200000000000005	1051.1575875412327 
0.7210000000000005	1051.1584671543633 
0.7220000000000005	1051.1592967583738 
0.7230000000000005	1051.1600767691673 
0.7240000000000005	1051.1608076228997 
0.7250000000000005	1051.161489775382 
0.7260000000000005	1051.162123701483 
0.7270000000000005	1051.1627098945314 
0.7280000000000005	1051.1632488657178 
0.7290000000000005	1051.1637411434986 
0.7300000000000005	1051.1641872729986 
0.7310000000000005	1051.164587815417 
0.7320000000000005	1051.1649433474336 
0.7330000000000005	1051.1652544606172 
0.7340000000000005	1051.1655217608363 
0.7350000000000005	1051.1657458676714 
0.7360000000000005	1051.1659274138308 
0.7370000000000005	1051.166067044569 
0.7380000000000005	1051.1661654171087 
0.7390000000000005	1051.1662232000656 
0.7400000000000005	1051.1662410728777 
0.7410000000000005	1051.1662197252379 
0.7420000000000005	1051.166159856531 
0.7430000000000005	1051.1660621752765 
0.7440000000000005	1051.1659273985736 
0.7450000000000006	1051.1657562515531 
0.7460000000000006	1051.1655494668344 
0.7470000000000006	1051.1653077839862 
0.7480000000000006	1051.165031948995 
0.7490000000000006	1051.1647227137373 
0.7500000000000006	1051.1643808354602 
0.7510000000000006	1051.1640070762649 
0.7520000000000006	1051.1636022025998 
0.7530000000000006	1051.1631669847582 
0.7540000000000006	1051.1627021963823 
0.7550000000000006	1051.1622086139762 
0.7560000000000006	1051.1616870164235 
0.7570000000000006	1051.161138184513 
0.7580000000000006	1051.1605629004725 
0.7590000000000006	1051.1599619475082 
0.7600000000000006	1051.1593361093528 
0.7610000000000006	1051.1586861698215 
0.7620000000000006	1051.1580129123747 
0.7630000000000006	1051.1573171196892 
0.7640000000000006	1051.1565995732376 
0.7650000000000006	1051.1558610528748 
0.7660000000000006	1051.1551023364336 
0.7670000000000006	1051.1543241993284 
0.7680000000000006	1051.153527414166 
0.7690000000000006	1051.1527127503673 
0.7700000000000006	1051.151880973794 
0.7710000000000006	1051.1510328463871 
0.7720000000000006	1051.1501691258115 
0.7730000000000006	1051.149290565111 
0.7740000000000006	1051.14839791237 
0.7750000000000006	1051.1474919103862 
0.7760000000000006	1051.1465732963497 
0.7770000000000006	1051.1456428015329 
0.7780000000000006	1051.1447011509867 
0.7790000000000006	1051.1437490632484 
0.7800000000000006	1051.1427872500556 
0.7810000000000006	1051.1418164160707 
0.7820000000000006	1051.1408372586138 
0.7830000000000006	1051.1398504674034 
0.7840000000000006	1051.1388567243075 
0.7850000000000006	1051.1378567031015 
0.7860000000000006	1051.1368510692366 
0.7870000000000006	1051.1358404796158 
0.7880000000000006	1051.1348255823793 
0.7890000000000006	1051.1338070166978 
0.7900000000000006	1051.1327854125748 
0.7910000000000006	1051.1317613906572 
0.7920000000000006	1051.130735562055 
0.7930000000000006	1051.1297085281692 
0.7940000000000006	1051.1286808805273 
0.7950000000000006	1051.1276532006286 
0.7960000000000006	1051.1266260597965 
0.7970000000000006	1051.1256000190401 
0.7980000000000006	1051.1245756289227 
0.7990000000000006	1051.1235534294399 
0.8000000000000006	1051.1225339499042 
0.8010000000000006	1051.1215177088393 
0.8020000000000006	1051.1205052138803 
0.8030000000000006	1051.119496961683 
0.8040000000000006	1051.1184934378402 
0.8050000000000006	1051.117495116807 
0.8060000000000006	1051.1165024618315 
0.8070000000000006	1051.115515924894 
0.8080000000000006	1051.114535946654 
0.8090000000000006	1051.113562956404 
0.8100000000000006	1051.1125973720293 
0.8110000000000006	1051.1116395999773 
0.8120000000000006	1051.1106900352313 
0.8130000000000006	1051.1097490612924 
0.8140000000000006	1051.1088170501678 
0.8150000000000006	1051.1078943623656 
0.8160000000000006	1051.1069813468964 
0.8170000000000006	1051.1060783412806 
0.8180000000000006	1051.1051856715628 
0.8190000000000006	1051.1043036523313 
0.8200000000000006	1051.103432586745 
0.8210000000000006	1051.1025727665647 
0.8220000000000006	1051.1017244721913 
0.8230000000000006	1051.1008879727092 
0.8240000000000006	1051.1000635259347 
0.8250000000000006	1051.099251378471 
0.8260000000000006	1051.0984517657675 
0.8270000000000006	1051.0976649121847 
0.8280000000000006	1051.0968910310633 
0.8290000000000006	1051.0961303248 
0.8300000000000006	1051.0953829849263 
0.8310000000000006	1051.0946491921927 
0.8320000000000006	1051.0939291166571 
0.8330000000000006	1051.0932229177781 
0.8340000000000006	1051.0925307445123 
0.8350000000000006	1051.0918527354152 
0.8360000000000006	1051.091189018747 
0.8370000000000006	1051.0905397125816 
0.8380000000000006	1051.0899049249203 
0.8390000000000006	1051.089284753807 
0.8400000000000006	1051.0886792874494 
0.8410000000000006	1051.0880886043421 
0.8420000000000006	1051.0875127733934 
0.8430000000000006	1051.086951854055 
0.8440000000000006	1051.0864058964548 
0.8450000000000006	1051.085874941532 
0.8460000000000006	1051.0853590211764 
0.8470000000000006	1051.0848581583684 
0.8480000000000006	1051.084372367323 
0.8490000000000006	1051.0839016536356 
0.8500000000000006	1051.0834460144295 
0.8510000000000006	1051.0830054385062 
0.8520000000000006	1051.0825799064978 
0.8530000000000006	1051.082169391021 
0.8540000000000006	1051.0817738568317 
0.8550000000000006	1051.081393260984 
0.8560000000000006	1051.0810275529882 
0.8570000000000007	1051.080676674971 
0.8580000000000007	1051.0803405618376 
0.8590000000000007	1051.0800191414337 
0.8600000000000007	1051.0797123347097 
0.8610000000000007	1051.079420055886 
0.8620000000000007	1051.0791422126176 
0.8630000000000007	1051.0788787061613 
0.8640000000000007	1051.0786294315424 
0.8650000000000007	1051.078394277722 
0.8660000000000007	1051.0781731277657 
0.8670000000000007	1051.0779658590109 
0.8680000000000007	1051.077772343236 
0.8690000000000007	1051.077592446829 
0.8700000000000007	1051.077426030956 
0.8710000000000007	1051.0772729517303 
0.8720000000000007	1051.0771330603798 
0.8730000000000007	1051.0770062034167 
0.8740000000000007	1051.0768922228044 
0.8750000000000007	1051.0767909561257 
0.8760000000000007	1051.0767022367488 
0.8770000000000007	1051.0766258939948 
0.8780000000000007	1051.0765617533027 
0.8790000000000007	1051.076509636395 
0.8800000000000007	1051.0764693614415 
0.8810000000000007	1051.0764407432223 
0.8820000000000007	1051.0764235932907 
0.8830000000000007	1051.0764177201338 
0.8840000000000007	1051.0764229293336 
0.8850000000000007	1051.0764390237246 
0.8860000000000007	1051.0764658035523 
0.8870000000000007	1051.0765030666296 
0.8880000000000007	1051.076550608491 
0.8890000000000007	1051.0766082225468 
0.8900000000000007	1051.076675700235 
0.8910000000000007	1051.0767528311715 
0.8920000000000007	1051.0768394032987 
0.8930000000000007	1051.076935203033 
0.8940000000000007	1051.07704001541 
0.8950000000000007	1051.077153624228 
0.8960000000000007	1051.0772758121902 
0.8970000000000007	1051.077406361044 
0.8980000000000007	1051.0775450517192 
0.8990000000000007	1051.077691664464 
0.9000000000000007	1051.0778459789794 
0.9010000000000007	1051.0780077745503 
0.9020000000000007	1051.0781768301758 
0.9030000000000007	1051.0783529246976 
0.9040000000000007	1051.0785358369242 
0.9050000000000007	1051.0787253457556 
0.9060000000000007	1051.078921230304 
0.9070000000000007	1051.0791232700126 
0.9080000000000007	1051.0793312447724 
0.9090000000000007	1051.0795449350367 
0.9100000000000007	1051.079764121933 
0.9110000000000007	1051.0799885873735 
0.9120000000000007	1051.0802181141607 
0.9130000000000007	1051.0804524860946 
0.9140000000000007	1051.0806914880736 
0.9150000000000007	1051.0809349061956 
0.9160000000000007	1051.0811825278554 
0.9170000000000007	1051.0814341418402 
0.9180000000000007	1051.0816895384226 
0.9190000000000007	1051.0819485094505 
0.9200000000000007	1051.082210848436 
0.9210000000000007	1051.08247635064 
0.9220000000000007	1051.0827448131558 
0.9230000000000007	1051.0830160349894 
0.9240000000000007	1051.083289817138 
0.9250000000000007	1051.0835659626648 
0.9260000000000007	1051.0838442767733 
0.9270000000000007	1051.084124566877 
0.9280000000000007	1051.0844066426682 
0.9290000000000007	1051.0846903161832 
0.9300000000000007	1051.0849754018661 
0.9310000000000007	1051.0852617166297 
0.9320000000000007	1051.085549079913 
0.9330000000000007	1051.085837313739 
0.9340000000000007	1051.0861262427659 
0.9350000000000007	1051.0864156943403 
0.9360000000000007	1051.086705498545 
0.9370000000000007	1051.086995488245 
0.9380000000000007	1051.0872854991335 
0.9390000000000007	1051.0875753697708 
0.9400000000000007	1051.0878649416256 
0.9410000000000007	1051.088154059112 
0.9420000000000007	1051.0884425696233 
0.9430000000000007	1051.0887303235654 
0.9440000000000007	1051.0890171743865 
0.9450000000000007	1051.0893029786057 
0.9460000000000007	1051.089587595838 
0.9470000000000007	1051.0898708888194 
0.9480000000000007	1051.090152723427 
0.9490000000000007	1051.0904329686991 
0.9500000000000007	1051.0907114968527 
0.9510000000000007	1051.090988183298 
0.9520000000000007	1051.0912629066524 
0.9530000000000007	1051.0915355487516 
0.9540000000000007	1051.0918059946582 
0.9550000000000007	1051.0920741326697 
0.9560000000000007	1051.0923398543232 
0.9570000000000007	1051.0926030543994 
0.9580000000000007	1051.0928636309238 
0.9590000000000007	1051.0931214851664 
0.9600000000000007	1051.0933765216403 
0.9610000000000007	1051.093628648097 
0.9620000000000007	1051.0938777755214 
0.9630000000000007	1051.0941238181244 
0.9640000000000007	1051.0943666933345 
0.9650000000000007	1051.094606321786 
0.9660000000000007	1051.0948426273083 
0.9670000000000007	1051.0950755369113 
0.9680000000000007	1051.0953049807704 
0.9690000000000007	1051.0955308922098 
0.9700000000000008	1051.0957532076848 
0.9710000000000008	1051.0959718667611 
0.9720000000000008	1051.0961868120953 
0.9730000000000008	1051.0963979894111 
0.9740000000000008	1051.0966053474767 
0.9750000000000008	1051.0968088380794 
0.9760000000000008	1051.0970084159997 
0.9770000000000008	1051.0972040389836 
0.9780000000000008	1051.0973956677149 
0.9790000000000008	1051.0975832657841 
0.9800000000000008	1051.0977667996594 
0.9810000000000008	1051.0979462386533 
0.9820000000000008	1051.098121554891 
0.9830000000000008	1051.0982927232753 
0.9840000000000008	1051.0984597214538 
0.9850000000000008	1051.0986225297809 
0.9860000000000008	1051.098781131283 
0.9870000000000008	1051.0989355116203 
0.9880000000000008	1051.0990856590486 
0.9890000000000008	1051.0992315643805 
0.9900000000000008	1051.0993732209458 
0.9910000000000008	1051.099510624551 
0.9920000000000008	1051.0996437734375 
0.9930000000000008	1051.0997726682415 
0.9940000000000008	1051.0998973119501 
0.9950000000000008	1051.1000177098592 
0.9960000000000008	1051.1001338695298 
0.9970000000000008	1051.1002458007442 
0.9980000000000008	1051.1003535154618 
0.9990000000000008	1051.1004570277742 
1.0000000000000007	1051.1005563538595 
1.0010000000000006	1051.1006515119377 
1.0020000000000004	1051.100742522224 
1.0030000000000003	1051.1008294068827 
1.0040000000000002	1051.100912189981 
1.0050000000000001	1051.1009908974424 
1.006	1051.1010655569992 
1.007	1051.1011361981457 
1.0079999999999998	1051.1012028520913 
1.0089999999999997	1051.1012655517122 
1.0099999999999996	1051.1013243315049 
1.0109999999999995	1051.101379227538 
1.0119999999999993	1051.1014302774047 
1.0129999999999992	1051.1014775201756 
1.0139999999999991	1051.1015209963505 
1.014999999999999	1051.1015607478114 
1.015999999999999	1051.1015968177744 
1.0169999999999988	1051.1016292507431 
1.0179999999999987	1051.1016580924609 
1.0189999999999986	1051.1016833898634 
1.0199999999999985	1051.1017051910321 
1.0209999999999984	1051.1017235451477 
1.0219999999999982	1051.1017385024427 
1.0229999999999981	1051.101750114156 
1.023999999999998	1051.1017584324861 
1.024999999999998	1051.1017635105459 
1.0259999999999978	1051.1017654023165 
1.0269999999999977	1051.1017641626022 
1.0279999999999976	1051.1017598469862 
1.0289999999999975	1051.1017525117854 
1.0299999999999974	1051.1017422140067 
1.0309999999999973	1051.1017290113027 
1.0319999999999971	1051.1017129619293 
1.032999999999997	1051.1016941247015 
1.033999999999997	1051.1016725589518 
1.0349999999999968	1051.1016483244882 
1.0359999999999967	1051.1016214815525 
1.0369999999999966	1051.101592090779 
1.0379999999999965	1051.1015602131538 
1.0389999999999964	1051.1015259099756 
1.0399999999999963	1051.1014892428157 
1.0409999999999962	1051.1014502734786 
1.041999999999996	1051.101409063964 
1.042999999999996	1051.1013656764292 
1.0439999999999958	1051.1013201731514 
1.0449999999999957	1051.101272616491 
1.0459999999999956	1051.101223068856 
1.0469999999999955	1051.1011715926654 
1.0479999999999954	1051.1011182503162 
1.0489999999999953	1051.101063104147 
1.0499999999999952	1051.1010062164062 
1.050999999999995	1051.1009476492177 
1.051999999999995	1051.1008874645495 
1.0529999999999948	1051.1008257241813 
1.0539999999999947	1051.100762489674 
1.0549999999999946	1051.100697822339 
1.0559999999999945	1051.100631783209 
1.0569999999999944	1051.1005644330087 
1.0579999999999943	1051.1004958321262 
1.0589999999999942	1051.1004260405855 
1.059999999999994	1051.10035511802 
1.060999999999994	1051.1002831236456 
1.0619999999999938	1051.1002101162355 
1.0629999999999937	1051.1001361540955 
1.0639999999999936	1051.1000612950393 
1.0649999999999935	1051.0999855963653 
1.0659999999999934	1051.0999091148337 
1.0669999999999933	1051.0998319066448 
1.0679999999999932	1051.0997540274168 
1.068999999999993	1051.099675532166 
1.069999999999993	1051.0995964752863 
1.0709999999999928	1051.09951691053 
1.0719999999999927	1051.0994368909892 
1.0729999999999926	1051.0993564690777 
1.0739999999999925	1051.0992756965143 
1.0749999999999924	1051.0991946243057 
1.0759999999999923	1051.099113302731 
1.0769999999999922	1051.0990317813262 
1.077999999999992	1051.09895010887 
1.078999999999992	1051.09886833337 
1.0799999999999919	1051.0987865020497 
1.0809999999999917	1051.0987046613354 
1.0819999999999916	1051.0986228568447 
1.0829999999999915	1051.0985411333759 
1.0839999999999914	1051.0984595348964 
1.0849999999999913	1051.0983781045338 
1.0859999999999912	1051.0982968845663 
1.086999999999991	1051.098215916414 
1.087999999999991	1051.098135240631 
1.0889999999999909	1051.0980548968987 
1.0899999999999908	1051.0979749240175 
1.0909999999999906	1051.0978953599024 
1.0919999999999905	1051.0978162415763 
1.0929999999999904	1051.097737605166 
1.0939999999999903	1051.0976594858969 
1.0949999999999902	1051.0975819180899 
1.09599999999999	1051.0975049351578 
1.09699999999999	1051.0974285696032 
1.0979999999999899	1051.0973528530158 
1.0989999999999898	1051.097277816071 
1.0999999999999897	1051.0972034885294 
1.1009999999999895	1051.0971298992356 
1.1019999999999894	1051.0970570761185 
1.1029999999999893	1051.096985046192 
1.1039999999999892	1051.096913835556 
1.104999999999989	1051.0968434693978 
1.105999999999989	1051.096773971994 
1.1069999999999889	1051.0967053667134 
1.1079999999999888	1051.0966376760196 
1.1089999999999887	1051.0965709214743 
1.1099999999999886	1051.0965051237415 
1.1109999999999884	1051.0964403025914 
1.1119999999999883	1051.0963764769053 
1.1129999999999882	1051.0963136646808 
1.113999999999988	1051.096251883037 
1.114999999999988	1051.0961911482207 
1.115999999999988	1051.096131475612 
1.1169999999999878	1051.0960728797322 
1.1179999999999877	1051.0960153742494 
1.1189999999999876	1051.095958971987 
1.1199999999999875	1051.0959036849306 
1.1209999999999873	1051.0958495242362 
1.1219999999999872	1051.0957965002392 
1.1229999999999871	1051.095744622462 
1.123999999999987	1051.0956938996237 
1.124999999999987	1051.095644339649 
1.1259999999999868	1051.095595949678 
1.1269999999999867	1051.095548736076 
1.1279999999999866	1051.0955027044427 
1.1289999999999865	1051.0954578596238 
1.1299999999999863	1051.095414205721 
1.1309999999999862	1051.0953717461023 
1.1319999999999861	1051.0953304834134 
1.132999999999986	1051.095290419589 
1.133999999999986	1051.095251555864 
1.1349999999999858	1051.095213892785 
1.1359999999999857	1051.0951774302227 
1.1369999999999856	1051.0951421673828 
1.1379999999999855	1051.0951081028188 
1.1389999999999854	1051.095075234444 
1.1399999999999852	1051.0950435595441 
1.1409999999999851	1051.0950130747892 
1.141999999999985	1051.0949837762473 
1.142999999999985	1051.094955659396 
1.1439999999999848	1051.094928719136 
1.1449999999999847	1051.0949029498045 
1.1459999999999846	1051.0948783451868 
1.1469999999999845	1051.0948548985307 
1.1479999999999844	1051.0948326025593 
1.1489999999999843	1051.094811449484 
1.1499999999999841	1051.0947914310182 
1.150999999999984	1051.0947725383903 
1.151999999999984	1051.0947547623573 
1.1529999999999838	1051.0947380932178 
1.1539999999999837	1051.0947225208258 
1.1549999999999836	1051.0947080346045 
1.1559999999999835	1051.0946946235588 
1.1569999999999834	1051.0946822762892 
1.1579999999999833	1051.0946709810053 
1.1589999999999832	1051.0946607255394 
1.159999999999983	1051.094651497359 
1.160999999999983	1051.0946432835817 
1.1619999999999828	1051.0946360709866 
1.1629999999999827	1051.0946298460287 
1.1639999999999826	1051.0946245948523 
1.1649999999999825	1051.0946203033036 
1.1659999999999824	1051.094616956944 
1.1669999999999823	1051.0946145410628 
1.1679999999999822	1051.0946130406908 
1.168999999999982	1051.0946124406123 
1.169999999999982	1051.0946127253787 
1.1709999999999818	1051.0946138793206 
1.1719999999999817	1051.0946158865606 
1.1729999999999816	1051.0946187310258 
1.1739999999999815	1051.0946223964597 
1.1749999999999814	1051.0946268664354 
1.1759999999999813	1051.0946321243669 
1.1769999999999812	1051.094638153521 
1.177999999999981	1051.09464493703 
1.178999999999981	1051.0946524579024 
1.1799999999999808	1051.0946606990356 
1.1809999999999807	1051.0946696432266 
1.1819999999999806	1051.0946792731831 
1.1829999999999805	1051.0946895715358 
1.1839999999999804	1051.094700520848 
1.1849999999999803	1051.0947121036272 
1.1859999999999802	1051.0947243023363 
1.18699999999998	1051.094737099403 
1.18799999999998	1051.0947504772307 
1.1889999999999799	1051.0947644182093 
1.1899999999999797	1051.0947789047239 
1.1909999999999796	1051.0947939191658 
1.1919999999999795	1051.0948094439418 
1.1929999999999794	1051.0948254614834 
1.1939999999999793	1051.0948419542567 
1.1949999999999792	1051.0948589047712 
1.195999999999979	1051.0948762955886 
1.196999999999979	1051.094894109332 
1.1979999999999789	1051.094912328694 
1.1989999999999787	1051.094930936445 
1.1999999999999786	1051.0949499154428 
1.2009999999999785	1051.0949692486386 
1.2019999999999784	1051.0949889190858 
1.2029999999999783	1051.0950089099479 
1.2039999999999782	1051.0950292045054 
1.204999999999978	1051.0950497861634 
1.205999999999978	1051.095070638458 
1.2069999999999779	1051.0950917450643 
1.2079999999999778	1051.095113089802 
1.2089999999999776	1051.095134656642 
1.2099999999999775	1051.0951564297127 
1.2109999999999774	1051.0951783933067 
1.2119999999999773	1051.095200531886 
1.2129999999999772	1051.0952228300873 
1.213999999999977	1051.095245272729 
1.214999999999977	1051.0952678448143 
1.2159999999999769	1051.095290531538 
1.2169999999999768	1051.0953133182907 
1.2179999999999767	1051.0953361906634 
1.2189999999999765	1051.0953591344523 
1.2199999999999764	1051.0953821356627 
1.2209999999999763	1051.0954051805136 
1.2219999999999762	1051.0954282554412 
1.222999999999976	1051.0954513471029 
1.223999999999976	1051.0954744423805 
1.2249999999999759	1051.0954975283837 
1.2259999999999758	1051.0955205924536 
1.2269999999999757	1051.0955436221652 
1.2279999999999756	1051.0955666053305 
1.2289999999999754	1051.095589530001 
1.2299999999999753	1051.0956123844699 
1.2309999999999752	1051.095635157275 
1.2319999999999751	1051.0956578372 
1.232999999999975	1051.095680413277 
1.233999999999975	1051.0957028747882 
1.2349999999999748	1051.095725211267 
1.2359999999999747	1051.0957474125 
1.2369999999999746	1051.0957694685276 
1.2379999999999745	1051.0957913696457 
1.2389999999999743	1051.0958131064062 
1.2399999999999742	1051.0958346696182 
1.2409999999999741	1051.095856050348 
1.241999999999974	1051.09587723992 
1.242999999999974	1051.0958982299167 
1.2439999999999738	1051.0959190121791 
1.2449999999999737	1051.0959395788068 
1.2459999999999736	1051.0959599221571 
1.2469999999999735	1051.095980034846 
1.2479999999999734	1051.0959999097463 
1.2489999999999732	1051.0960195399884 
1.2499999999999731	1051.0960389189588 
1.250999999999973	1051.0960580402996 
1.251999999999973	1051.096076897907 
1.2529999999999728	1051.0960954859313 
1.2539999999999727	1051.0961137987745 
1.2549999999999726	1051.0961318310897 
1.2559999999999725	1051.09614957778 
1.2569999999999724	1051.0961670339957 
1.2579999999999723	1051.0961841951341 
1.2589999999999721	1051.096201056837 
1.259999999999972	1051.0962176149883 
1.260999999999972	1051.0962338657134 
1.2619999999999718	1051.096249805376 
1.2629999999999717	1051.096265430576 
1.2639999999999716	1051.0962807381484 
1.2649999999999715	1051.0962957251593 
1.2659999999999714	1051.0963103889044 
1.2669999999999713	1051.0963247269067 
1.2679999999999712	1051.0963387369131 
1.268999999999971	1051.0963524168926 
1.269999999999971	1051.0963657650327 
1.2709999999999708	1051.0963787797373 
1.2719999999999707	1051.0963914596232 
1.2729999999999706	1051.0964038035177 
1.2739999999999705	1051.0964158104548 
1.2749999999999704	1051.096427479673 
1.2759999999999703	1051.0964388106113 
1.2769999999999702	1051.096449802907 
1.27799999999997	1051.0964604563915 
1.27899999999997	1051.096470771087 
1.2799999999999698	1051.0964807472042 
1.2809999999999697	1051.0964903851375 
1.2819999999999696	1051.0964996854625 
1.2829999999999695	1051.096508648932 
1.2839999999999694	1051.0965172764732 
1.2849999999999693	1051.0965255691829 
1.2859999999999692	1051.0965335283252 
1.286999999999969	1051.096541155327 
1.287999999999969	1051.0965484517749 
1.2889999999999688	1051.096555419411 
1.2899999999999687	1051.0965620601298 
1.2909999999999686	1051.096568375974 
1.2919999999999685	1051.0965743691304 
1.2929999999999684	1051.0965800419276 
1.2939999999999683	1051.0965853968307 
1.2949999999999682	1051.0965904364384 
1.295999999999968	1051.0965951634787 
1.296999999999968	1051.0965995808056 
1.2979999999999678	1051.096603691395 
1.2989999999999677	1051.0966074983412 
1.2999999999999676	1051.0966110048525 
1.3009999999999675	1051.0966142142481 
1.3019999999999674	1051.096617129954 
1.3029999999999673	1051.096619755499 
1.3039999999999672	1051.0966220945115 
1.304999999999967	1051.0966241507153 
1.305999999999967	1051.0966259279262 
1.3069999999999669	1051.0966274300476 
1.3079999999999667	1051.0966286610678 
1.3089999999999666	1051.0966296250551 
1.3099999999999665	1051.0966303261555 
1.3109999999999664	1051.0966307685878 
1.3119999999999663	1051.0966309566409 
1.3129999999999662	1051.0966308946693 
1.313999999999966	1051.0966305870904 
1.314999999999966	1051.0966300383807 
1.3159999999999659	1051.0966292530718 
1.3169999999999658	1051.0966282357474 
1.3179999999999656	1051.0966269910398 
1.3189999999999655	1051.096625523626 
1.3199999999999654	1051.0966238382252 
1.3209999999999653	1051.0966219395948 
1.3219999999999652	1051.096619832527 
1.322999999999965	1051.096617521846 
1.323999999999965	1051.0966150124043 
1.3249999999999649	1051.09661230908 
1.3259999999999648	1051.0966094167732 
1.3269999999999647	1051.096606340403 
1.3279999999999645	1051.0966030849047 
1.3289999999999644	1051.0965996552263 
1.3299999999999643	1051.096596056326 
1.3309999999999642	1051.0965922931691 
1.331999999999964	1051.096588370725 
1.332999999999964	1051.0965842939643 
1.3339999999999639	1051.0965800678564 
1.3349999999999638	1051.0965756973665 
1.3359999999999637	1051.0965711874528 
1.3369999999999636	1051.0965665430642 
1.3379999999999634	1051.0965617691375 
1.3389999999999633	1051.0965568705947 
1.3399999999999632	1051.096551852341 
1.340999999999963	1051.0965467192618 
1.341999999999963	1051.096541476221 
1.342999999999963	1051.0965361280582 
1.3439999999999628	1051.0965306795863 
1.3449999999999627	1051.0965251355897 
1.3459999999999626	1051.0965195008218 
1.3469999999999624	1051.0965137800035 
1.3479999999999623	1051.0965079778207 
1.3489999999999622	1051.0965020989217 
1.3499999999999621	1051.0964961479167 
1.350999999999962	1051.0964901293748 
1.351999999999962	1051.0964840478225 
1.3529999999999618	1051.096477907742 
1.3539999999999617	1051.0964717135691 
1.3549999999999616	1051.0964654696925 
1.3559999999999615	1051.0964591804511 
1.3569999999999613	1051.0964528501331 
1.3579999999999612	1051.0964464829744 
1.3589999999999611	1051.0964400831572 
1.359999999999961	1051.096433654808 
1.360999999999961	1051.0964272019974 
1.3619999999999608	1051.096420728738 
1.3629999999999607	1051.0964142389832 
1.3639999999999606	1051.0964077366268 
1.3649999999999605	1051.0964012255008 
1.3659999999999604	1051.096394709375 
1.3669999999999602	1051.0963881919563 
1.3679999999999601	1051.096381676887 
1.36899999999996	1051.096375167744 
1.36999999999996	1051.0963686680388 
1.3709999999999598	1051.0963621812157 
1.3719999999999597	1051.0963557106516 
1.3729999999999596	1051.096349259655 
1.3739999999999595	1051.0963428314658 
1.3749999999999594	1051.0963364292543 
1.3759999999999593	1051.0963300561207 
1.3769999999999591	1051.0963237150947 
1.377999999999959	1051.0963174091355 
1.378999999999959	1051.0963111411304 
1.3799999999999588	1051.0963049138954 
1.3809999999999587	1051.0962987301743 
1.3819999999999586	1051.0962925926385 
1.3829999999999585	1051.096286503887 
1.3839999999999584	1051.0962804664466 
1.3849999999999583	1051.0962744827707 
1.3859999999999582	1051.09626855524 
1.386999999999958	1051.0962626861622 
1.387999999999958	1051.0962568777725 
1.3889999999999578	1051.096251132233 
1.3899999999999577	1051.0962454516327 
1.3909999999999576	1051.0962398379884 
1.3919999999999575	1051.0962342932437 
1.3929999999999574	1051.0962288192707 
1.3939999999999573	1051.0962234178687 
1.3949999999999572	1051.0962180907654 
1.395999999999957	1051.096212839617 
1.396999999999957	1051.0962076660085 
1.3979999999999568	1051.096202571454 
1.3989999999999567	1051.0961975573969 
1.3999999999999566	1051.096192625211 
1.4009999999999565	1051.0961877762002 
1.4019999999999564	1051.0961830115998 
1.4029999999999563	1051.096178332576 
1.4039999999999562	1051.0961737402276 
1.404999999999956	1051.0961692355856 
1.405999999999956	1051.0961648196144 
1.4069999999999558	1051.096160493212 
1.4079999999999557	1051.096156257211 
1.4089999999999556	1051.0961521123797 
1.4099999999999555	1051.0961480594215 
1.4109999999999554	1051.096144098977 
1.4119999999999553	1051.0961402316238 
1.4129999999999552	1051.0961364578784 
1.413999999999955	1051.0961327781954 
1.414999999999955	1051.0961291929696 
1.4159999999999549	1051.0961257025363 
1.4169999999999547	1051.0961223071722 
1.4179999999999546	1051.0961190070968 
1.4189999999999545	1051.0961158024722 
1.4199999999999544	1051.0961126934053 
1.4209999999999543	1051.0961096799474 
1.4219999999999542	1051.0961067620963 
1.422999999999954	1051.0961039397966 
1.423999999999954	1051.0961012129408 
1.4249999999999539	1051.09609858137 
1.4259999999999537	1051.0960960448754 
1.4269999999999536	1051.0960936031993 
1.4279999999999535	1051.0960912560354 
1.4289999999999534	1051.0960890030306 
1.4299999999999533	1051.0960868437855 
1.4309999999999532	1051.096084777856 
1.431999999999953	1051.0960828047535 
1.432999999999953	1051.0960809239464 
1.4339999999999529	1051.0960791348616 
1.4349999999999528	1051.0960774368848 
1.4359999999999526	1051.0960758293618 
1.4369999999999525	1051.0960743116 
1.4379999999999524	1051.0960728828686 
1.4389999999999523	1051.0960715424005 
1.4399999999999522	1051.0960702893929 
1.440999999999952	1051.0960691230084 
1.441999999999952	1051.0960680423766 
1.4429999999999519	1051.0960670465943 
1.4439999999999518	1051.096066134727 
1.4449999999999517	1051.0960653058103 
1.4459999999999515	1051.0960645588502 
1.4469999999999514	1051.0960638928252 
1.4479999999999513	1051.0960633066863 
1.4489999999999512	1051.0960627993586 
1.449999999999951	1051.0960623697424 
1.450999999999951	1051.0960620167139 
1.4519999999999509	1051.0960617391265 
1.4529999999999508	1051.0960615358122 
1.4539999999999507	1051.0960614055818 
1.4549999999999506	1051.0960613472264 
1.4559999999999504	1051.0960613595187 
1.4569999999999503	1051.0960614412131 
1.4579999999999502	1051.0960615910478 
1.4589999999999501	1051.096061807745 
1.45999999999995	1051.0960620900123 
1.46099999999995	1051.0960624365434 
1.4619999999999498	1051.0960628460195 
1.4629999999999497	1051.0960633171096 
1.4639999999999496	1051.096063848472 
1.4649999999999495	1051.0960644387553 
1.4659999999999493	1051.0960650865984 
1.4669999999999492	1051.0960657906328 
1.4679999999999491	1051.0960665494822 
1.468999999999949	1051.0960673617644 
1.469999999999949	1051.0960682260916 
1.4709999999999488	1051.0960691410712 
1.4719999999999487	1051.0960701053075 
1.4729999999999486	1051.0960711174012 
1.4739999999999485	1051.0960721759513 
1.4749999999999484	1051.0960732795559 
1.4759999999999482	1051.0960744268118 
1.4769999999999481	1051.0960756163167 
1.477999999999948	1051.0960768466696 
1.478999999999948	1051.0960781164708 
1.4799999999999478	1051.0960794243238 
1.4809999999999477	1051.096080768835 
1.4819999999999476	1051.0960821486153 
1.4829999999999475	1051.09608356228 
1.4839999999999474	1051.09608500845 
1.4849999999999473	1051.0960864857523 
1.4859999999999471	1051.0960879928207 
1.486999999999947	1051.0960895282963 
1.487999999999947	1051.0960910908284 
1.4889999999999468	1051.0960926790751 
1.4899999999999467	1051.0960942917034 
1.4909999999999466	1051.09609592739 
1.4919999999999465	1051.0960975848227 
1.4929999999999464	1051.0960992626995 
1.4939999999999463	1051.0961009597302 
1.4949999999999461	1051.0961026746365 
1.495999999999946	1051.0961044061526 
1.496999999999946	1051.0961061530256 
1.4979999999999458	1051.0961079140163 
1.4989999999999457	1051.0961096878993 
1.4999999999999456	1051.0961114734632 
1.5009999999999455	1051.0961132695115 
1.5019999999999454	1051.096115074863 
1.5029999999999453	1051.096116888352 
1.5039999999999452	1051.0961187088287 
1.504999999999945	1051.0961205351593 
1.505999999999945	1051.096122366227 
1.5069999999999448	1051.096124200932 
1.5079999999999447	1051.0961260381914 
1.5089999999999446	1051.09612787694 
1.5099999999999445	1051.0961297161305 
1.5109999999999444	1051.0961315547338 
1.5119999999999443	1051.096133391739 
1.5129999999999442	1051.0961352261538 
1.513999999999944	1051.0961370570049 
1.514999999999944	1051.0961388833377 
1.5159999999999438	1051.0961407042175 
1.5169999999999437	1051.0961425187284 
1.5179999999999436	1051.0961443259741 
1.5189999999999435	1051.0961461250786 
1.5199999999999434	1051.0961479151852
