0.0	1000.7261120936383 
0.001	1001.4379396506422 
0.002	1002.1356563474897 
0.003	1002.8194392773325 
0.004	1003.4894598443743 
0.005	1004.1458767414896 
0.006	1004.7888306989612 
0.007	1005.4184407312235 
0.008	1006.0348016430517 
0.009000000000000001	1006.6379825872103 
0.010000000000000002	1007.2280264926123 
0.011000000000000003	1007.8049502059237 
0.012000000000000004	1008.368745210642 
0.013000000000000005	1008.9193788062698 
0.014000000000000005	1009.4567956465893 
0.015000000000000006	1009.9809195504613 
0.016000000000000007	1010.491655511241 
0.017000000000000008	1010.9888918420198 
0.01800000000000001	1011.4725024036479 
0.01900000000000001	1011.9423488710114 
0.02000000000000001	1012.3982830004817 
0.02100000000000001	1012.8401488679369 
0.022000000000000013	1013.2677850523916 
0.023000000000000013	1013.6810267451602 
0.024000000000000014	1014.0797077687051 
0.025000000000000015	1014.4636624929626 
0.026000000000000016	1014.8327276400696 
0.027000000000000017	1015.1867439710893 
0.028000000000000018	1015.5255578506117 
0.02900000000000002	1015.8490226870334 
0.03000000000000002	1016.1570002479432 
0.03100000000000002	1016.4493618513945 
0.03200000000000002	1016.725989434967 
0.03300000000000002	1016.9867765054338 
0.03400000000000002	1017.2316289725937 
0.035000000000000024	1017.4604658714103 
0.036000000000000025	1017.6732199770554 
0.037000000000000026	1017.869838317792 
0.03800000000000003	1018.0502825908717 
0.03900000000000003	1018.2145294867802 
0.04000000000000003	1018.3625709272474 
0.04100000000000003	1018.4944142224663 
0.04200000000000003	1018.610082152937 
0.04300000000000003	1018.7096129812862 
0.04400000000000003	1018.7930603993093 
0.04500000000000003	1018.8604934153517 
0.046000000000000034	1018.9119961869931 
0.047000000000000035	1018.9476678038267 
0.048000000000000036	1018.967622024941 
0.04900000000000004	1018.9719869755164 
0.05000000000000004	1018.9609048067493 
0.05100000000000004	1018.9345313231075 
0.05200000000000004	1018.8930355807156 
0.05300000000000004	1018.83659946046 
0.05400000000000004	1018.7654172191981 
0.05500000000000004	1018.679695022251 
0.05600000000000004	1018.5796504601626 
0.057000000000000044	1018.46551205251 
0.058000000000000045	1018.3375187413661 
0.059000000000000045	1018.1959193768281 
0.060000000000000046	1018.0409721968526 
0.06100000000000005	1017.8729443034682 
0.06200000000000005	1017.6921111372744 
0.06300000000000004	1017.4987559519817 
0.06400000000000004	1017.2931692905996 
0.06500000000000004	1017.0756484647403 
0.06600000000000004	1016.8464970383724 
0.06700000000000005	1016.606024317234 
0.06800000000000005	1016.3545448449958 
0.06900000000000005	1016.0923779071531 
0.07000000000000005	1015.8198470435215 
0.07100000000000005	1015.5372795701095 
0.07200000000000005	1015.2450061110559 
0.07300000000000005	1014.943360141224 
0.07400000000000005	1014.6326775399733 
0.07500000000000005	1014.3132961565475 
0.07600000000000005	1013.9855553874534 
0.07700000000000005	1013.6497957661367 
0.07800000000000006	1013.3063585652025 
0.07900000000000006	1012.9555854113736 
0.08000000000000006	1012.5978179133284 
0.08100000000000006	1012.233397302512 
0.08200000000000006	1011.862664086974 
0.08300000000000006	1011.485957718244 
0.08400000000000006	1011.1036162712234 
0.08500000000000006	1010.7159761370358 
0.08600000000000006	1010.3233717287522 
0.08700000000000006	1009.9261351998782 
0.08800000000000006	1009.5245961754669 
0.08900000000000007	1009.1190814957008 
0.09000000000000007	1008.7099149717657 
0.09100000000000007	1008.2974171538216 
0.09200000000000007	1007.8819051108643 
0.09300000000000007	1007.4636922222538 
0.09400000000000007	1007.0430879806775 
0.09500000000000007	1006.6203978063045 
0.09600000000000007	1006.195922871882 
0.09700000000000007	1005.7699599385131 
0.09800000000000007	1005.3428012018558 
0.09900000000000007	1004.9147341484723 
0.10000000000000007	1004.4860414220618 
0.10100000000000008	1004.057000699299 
0.10200000000000008	1003.6278845750077 
0.10300000000000008	1003.1989604563927 
0.10400000000000008	1002.7704904660553 
0.10500000000000008	1002.3427313535192 
0.10600000000000008	1001.9159344149937 
0.10700000000000008	1001.4903454211051 
0.10800000000000008	1001.066204552328 
0.10900000000000008	1000.6437463418521 
0.11000000000000008	1000.2231996256234 
0.11100000000000008	999.8047874993031 
0.11200000000000009	999.3887272818909 
0.11300000000000009	998.9752304857633 
0.11400000000000009	998.5645027928844 
0.11500000000000009	998.1567440369474 
0.11600000000000009	997.7521481912163 
0.11700000000000009	997.3509033618346 
0.11800000000000009	996.9531917863804 
0.11900000000000009	996.5591898374475 
0.12000000000000009	996.1690680310403 
0.1210000000000001	995.7829910395742 
0.1220000000000001	995.4011177092801 
0.1230000000000001	995.0236010818156 
0.1240000000000001	994.6505884198921 
0.12500000000000008	994.2822212367312 
0.12600000000000008	993.9186353291719 
0.12700000000000009	993.5599608142514 
0.12800000000000009	993.206322169091 
0.1290000000000001	992.8578382739224 
0.1300000000000001	992.5146224580963 
0.1310000000000001	992.176782548916 
0.1320000000000001	991.8444209231512 
0.1330000000000001	991.5176345610842 
0.1340000000000001	991.1965151029498 
0.1350000000000001	990.8811489076365 
0.1360000000000001	990.571617113516 
0.1370000000000001	990.2679957012764 
0.1380000000000001	989.9703555586383 
0.1390000000000001	989.678762546837 
0.1400000000000001	989.3932775687567 
0.1410000000000001	989.1139566386099 
0.1420000000000001	988.8408509530549 
0.1430000000000001	988.5740069636526 
0.1440000000000001	988.3134664505641 
0.1450000000000001	988.0592665973958 
0.1460000000000001	987.811440067101 
0.1470000000000001	987.5700150788529 
0.1480000000000001	987.3350154858031 
0.1490000000000001	987.1064608536477 
0.1500000000000001	986.884366539921 
0.1510000000000001	986.6687437739439 
0.1520000000000001	986.459599737356 
0.1530000000000001	986.25693764516 
0.1540000000000001	986.0607568272143 
0.1550000000000001	985.8710528101096 
0.1560000000000001	985.6878173993678 
0.1570000000000001	985.5110387619034 
0.1580000000000001	985.3407015086935 
0.1590000000000001	985.1767867775983 
0.16000000000000011	985.0192723162821 
0.16100000000000012	984.8681325651838 
0.16200000000000012	984.7233387404879 
0.16300000000000012	984.5848589170496 
0.16400000000000012	984.4526581112298 
0.16500000000000012	984.3266983635953 
0.16600000000000012	984.2069388214445 
0.16700000000000012	984.0933358211176 
0.16800000000000012	983.9858429700529 
0.16900000000000012	983.8844112285519 
0.17000000000000012	983.7889889912198 
0.17100000000000012	983.6995221680434 
0.17200000000000013	983.6159542650776 
0.17300000000000013	983.5382264647052 
0.17400000000000013	983.4662777054422 
0.17500000000000013	983.4000447612574 
0.17600000000000013	983.3394623203794 
0.17700000000000013	983.2844630635628 
0.17800000000000013	983.2349777417882 
0.17900000000000013	983.1909352533694 
0.18000000000000013	983.1522627204464 
0.18100000000000013	983.1188855648371 
0.18200000000000013	983.0907275832287 
0.18300000000000013	983.0677110216849 
0.18400000000000014	983.0497566494487 
0.18500000000000014	983.036783832022 
0.18600000000000014	983.0287106035012 
0.18700000000000014	983.0254537381504 
0.18800000000000014	983.0269288211964 
0.18900000000000014	983.0330503188256 
0.19000000000000014	983.043731647369 
0.19100000000000014	983.0588852416577 
0.19200000000000014	983.078422622535 
0.19300000000000014	983.1022544635106 
0.19400000000000014	983.1302906565423 
0.19500000000000015	983.1624403769329 
0.19600000000000015	983.1986121473285 
0.19700000000000015	983.2387139008084 
0.19800000000000015	983.282653043052 
0.19900000000000015	983.3303365135748 
0.20000000000000015	983.3816708460205 
0.20100000000000015	983.4365622275016 
0.20200000000000015	983.4949165569774 
0.20300000000000015	983.5566395026618 
0.20400000000000015	983.6216365584518 
0.20500000000000015	983.6898130993686 
0.20600000000000016	983.7610744360064 
0.20700000000000016	983.8353258679776 
0.20800000000000016	983.912472736353 
0.20900000000000016	983.9924204750873 
0.21000000000000016	984.0750746614267 
0.21100000000000016	984.1603410652923 
0.21200000000000016	984.2481256976364 
0.21300000000000016	984.3383348577656 
0.21400000000000016	984.4308751796295 
0.21500000000000016	984.5256536770694 
0.21600000000000016	984.6225777880262 
0.21700000000000016	984.7215554177048 
0.21800000000000017	984.8224949806927 
0.21900000000000017	984.9253054420315 
0.22000000000000017	985.0298963572411 
0.22100000000000017	985.1361779112957 
0.22200000000000017	985.2440609565507 
0.22300000000000017	985.3534570496221 
0.22400000000000017	985.4642784872184 
0.22500000000000017	985.5764383409264 
0.22600000000000017	985.6898504909523 
0.22700000000000017	985.8044296588198 
0.22800000000000017	985.9200914390289 
0.22900000000000018	986.0367523296757 
0.23000000000000018	986.1543297620393 
0.23100000000000018	986.2727421291368 
0.23200000000000018	986.3919088132513 
0.23300000000000018	986.5117502124386 
0.23400000000000018	986.6321877660137 
0.23500000000000018	986.7531439790259 
0.23600000000000018	986.8745424457267 
0.23700000000000018	986.9963078720338 
0.23800000000000018	987.1183660970017 
0.23900000000000018	987.2406441133016 
0.24000000000000019	987.3630700867193 
0.2410000000000002	987.4855733746776 
0.2420000000000002	987.6080845437913 
0.2430000000000002	987.7305353864612 
0.2440000000000002	987.852858936517 
0.2450000000000002	987.9749894839166 
0.2460000000000002	988.0968625885096 
0.2470000000000002	988.218415092876 
0.2480000000000002	988.3395851342481 
0.2490000000000002	988.4603121555253 
0.25000000000000017	988.5805369153921 
0.25100000000000017	988.7002014975492 
0.25200000000000017	988.8192493190676 
0.25300000000000017	988.9376251378783 
0.25400000000000017	989.0552750594056 
0.25500000000000017	989.1721465423576 
0.25600000000000017	989.2881884036843 
0.2570000000000002	989.4033508227149 
0.2580000000000002	989.5175853444861 
0.2590000000000002	989.6308448822745 
0.2600000000000002	989.7430837193433 
0.2610000000000002	989.8542575099182 
0.2620000000000002	989.9643232794028 
0.2630000000000002	990.0732394238487 
0.2640000000000002	990.1809657086906 
0.2650000000000002	990.2874632667623 
0.2660000000000002	990.3926945956052 
0.2670000000000002	990.4966235540828 
0.2680000000000002	990.5992153583157 
0.2690000000000002	990.7004365769503 
0.2700000000000002	990.8002551257745 
0.2710000000000002	990.898640261696 
0.2720000000000002	990.9955625760952 
0.2730000000000002	991.0909939875685 
0.2740000000000002	991.1849077340755 
0.2750000000000002	991.2772783645045 
0.2760000000000002	991.3680817296704 
0.2770000000000002	991.4572949727612 
0.2780000000000002	991.5448965192448 
0.2790000000000002	991.6308660662526 
0.2800000000000002	991.7151845714544 
0.2810000000000002	991.7978342414392 
0.2820000000000002	991.878798519615 
0.2830000000000002	991.9580620736449 
0.2840000000000002	992.0356107824323 
0.2850000000000002	992.1114317226704 
0.2860000000000002	992.1855131549707 
0.2870000000000002	992.2578445095857 
0.2880000000000002	992.328416371739 
0.2890000000000002	992.3972204665793 
0.2900000000000002	992.4642496437715 
0.2910000000000002	992.5294978617396 
0.2920000000000002	992.5929601715768 
0.2930000000000002	992.6546327006358 
0.2940000000000002	992.7145126358149 
0.2950000000000002	992.7725982065537 
0.2960000000000002	992.8288886675522 
0.2970000000000002	992.8833842812282 
0.2980000000000002	992.9360862999268 
0.2990000000000002	992.9869969478948 
0.3000000000000002	993.0361194030359 
0.3010000000000002	993.0834577784588 
0.3020000000000002	993.1290171038326 
0.3030000000000002	993.172803306562 
0.3040000000000002	993.2148231927972 
0.3050000000000002	993.2550844282904 
0.3060000000000002	993.2935955191124 
0.3070000000000002	993.3303657922426 
0.3080000000000002	993.3654053760445 
0.3090000000000002	993.3987251806402 
0.3100000000000002	993.4303368781956 
0.3110000000000002	993.4602528831289 
0.3120000000000002	993.4884863322549 
0.3130000000000002	993.5150510648765 
0.3140000000000002	993.539961602836 
0.3150000000000002	993.5632331305369 
0.3160000000000002	993.5848814749482 
0.3170000000000002	993.604923085603 
0.3180000000000002	993.6233750146009 
0.31900000000000023	993.6402548966277 
0.32000000000000023	993.6555809289995 
0.32100000000000023	993.669371851746 
0.32200000000000023	993.681646927739 
0.32300000000000023	993.6924259228806 
0.32400000000000023	993.7017290863562 
0.32500000000000023	993.7095771309665 
0.32600000000000023	993.7159912135455 
0.32700000000000023	993.7209929154741 
0.32800000000000024	993.7246042232987 
0.32900000000000024	993.7268475094642 
0.33000000000000024	993.7277455131684 
0.33100000000000024	993.7273213213487 
0.33200000000000024	993.7255983498067 
0.33300000000000024	993.7226003244807 
0.33400000000000024	993.7183512628732 
0.33500000000000024	993.7128754556403 
0.33600000000000024	993.7061974483519 
0.33700000000000024	993.698342023428 
0.33800000000000024	993.6893341822602 
0.33900000000000025	993.6791991275219 
0.34000000000000025	993.6679622456782 
0.34100000000000025	993.6556490896967 
0.34200000000000025	993.6422853619696 
0.34300000000000025	993.6278968974497 
0.34400000000000025	993.6125096470082 
0.34500000000000025	993.5961496610184 
0.34600000000000025	993.5788430731703 
0.34700000000000025	993.5606160845223 
0.34800000000000025	993.5414949477934 
0.34900000000000025	993.5215059519013 
0.35000000000000026	993.5006754067502 
0.35100000000000026	993.4790296282727 
0.35200000000000026	993.4565949237287 
0.35300000000000026	993.4333975772677 
0.35400000000000026	993.4094638357536 
0.35500000000000026	993.3848198948599 
0.35600000000000026	993.3594918854344 
0.35700000000000026	993.3335058601394 
0.35800000000000026	993.3068877803676 
0.35900000000000026	993.2796635034372 
0.36000000000000026	993.2518587700696 
0.36100000000000027	993.223499192149 
0.36200000000000027	993.1946102407682 
0.36300000000000027	993.1652172345608 
0.36400000000000027	993.1353453283231 
0.36500000000000027	993.1050195019235 
0.36600000000000027	993.0742645495053 
0.36700000000000027	993.0431050689793 
0.36800000000000027	993.0115654518098 
0.36900000000000027	992.9796698730935 
0.3700000000000003	992.9474422819318 
0.3710000000000003	992.9149063920971 
0.3720000000000003	992.8820856729925 
0.3730000000000003	992.8490033409051 
0.3740000000000003	992.8156823505534 
0.3750000000000003	992.7821453869267 
0.3760000000000003	992.7484148574174 
0.3770000000000003	992.7145128842452 
0.3780000000000003	992.6804612971716 
0.3790000000000003	992.6462816265042 
0.3800000000000003	992.6119950963898 
0.3810000000000003	992.5776226183947 
0.3820000000000003	992.5431847853706 
0.3830000000000003	992.5087018656051 
0.3840000000000003	992.4741937972542 
0.3850000000000003	992.4396801830559 
0.3860000000000003	992.4051802853224 
0.3870000000000003	992.3707130212089 
0.3880000000000003	992.3362969582563 
0.3890000000000003	992.3019503102073 
0.3900000000000003	992.2676909330905 
0.3910000000000003	992.2335363215731 
0.3920000000000003	992.1995036055769 
0.3930000000000003	992.1656095471568 
0.3940000000000003	992.1318705376382 
0.3950000000000003	992.0983025950097 
0.3960000000000003	992.0649213615695 
0.3970000000000003	992.031742101821 
0.3980000000000003	991.9987797006156 
0.3990000000000003	991.9660486615383 
0.4000000000000003	991.9335631055336 
0.4010000000000003	991.901336769768 
0.4020000000000003	991.8693830067252 
0.4030000000000003	991.8377147835313 
0.4040000000000003	991.806344681505 
0.4050000000000003	991.7752848959311 
0.4060000000000003	991.7445472360512 
0.4070000000000003	991.7141431252694 
0.4080000000000003	991.6840836015693 
0.4090000000000003	991.6543793181369 
0.4100000000000003	991.6250405441862 
0.4110000000000003	991.5960771659846 
0.4120000000000003	991.5674986880723 
0.4130000000000003	991.5393142346722 
0.4140000000000003	991.5115325512871 
0.4150000000000003	991.4841620064782 
0.4160000000000003	991.4572105938229 
0.4170000000000003	991.4306859340459 
0.4180000000000003	991.4045952773204 
0.4190000000000003	991.3789455057345 
0.4200000000000003	991.3537431359191 
0.4210000000000003	991.3289943218329 
0.4220000000000003	991.3047048576991 
0.4230000000000003	991.280880181092 
0.4240000000000003	991.2575253761667 
0.4250000000000003	991.2346451770279 
0.4260000000000003	991.2122439712361 
0.4270000000000003	991.1903258034426 
0.4280000000000003	991.1688943791527 
0.4290000000000003	991.1479530686111 
0.4300000000000003	991.127504910805 
0.4310000000000003	991.107552617582 
0.43200000000000033	991.088098577876 
0.43300000000000033	991.0691448620405 
0.43400000000000033	991.0506932262808 
0.43500000000000033	991.0327451171847 
0.43600000000000033	991.015301676345 
0.43700000000000033	990.9983637450703 
0.43800000000000033	990.9819318691807 
0.43900000000000033	990.9660063038831 
0.44000000000000034	990.9505870187224 
0.44100000000000034	990.9356737026054 
0.44200000000000034	990.9212657688913 
0.44300000000000034	990.9073623605472 
0.44400000000000034	990.8939623553628 
0.44500000000000034	990.8810643712213 
0.44600000000000034	990.8686667714225 
0.44700000000000034	990.8567676700528 
0.44800000000000034	990.8453649374018 
0.44900000000000034	990.8344562054169 
0.45000000000000034	990.8240388731966 
0.45100000000000035	990.8141101125158 
0.45200000000000035	990.8046668733807 
0.45300000000000035	990.7957058896104 
0.45400000000000035	990.7872236844395 
0.45500000000000035	990.7792165761399 
0.45600000000000035	990.7716806836587 
0.45700000000000035	990.7646119322668 
0.45800000000000035	990.7580060592171 
0.45900000000000035	990.7518586194072 
0.46000000000000035	990.7461649910449 
0.46100000000000035	990.7409203813114 
0.46200000000000035	990.7361198320217 
0.46300000000000036	990.7317582252766 
0.46400000000000036	990.7278302891046 
0.46500000000000036	990.724330603091 
0.46600000000000036	990.7212536039893 
0.46700000000000036	990.7185935913161 
0.46800000000000036	990.7163447329214 
0.46900000000000036	990.7145010705364 
0.47000000000000036	990.7130565252933 
0.47100000000000036	990.7120049032153 
0.47200000000000036	990.7113399006746 
0.47300000000000036	990.7110551098154 
0.47400000000000037	990.7111440239399 
0.47500000000000037	990.7116000428547 
0.47600000000000037	990.7124164781753 
0.47700000000000037	990.7135865585872 
0.47800000000000037	990.7151034350596 
0.47900000000000037	990.7169601860127 
0.48000000000000037	990.7191498224328 
0.48100000000000037	990.7216652929366 
0.4820000000000004	990.7244994887806 
0.4830000000000004	990.7276452488151 
0.4840000000000004	990.7310953643797 
0.4850000000000004	990.7348425841406 
0.4860000000000004	990.7388796188651 
0.4870000000000004	990.7431991461353 
0.4880000000000004	990.7477938149965 
0.4890000000000004	990.7526562505396 
0.4900000000000004	990.757779058418 
0.4910000000000004	990.7631548292944 
0.4920000000000004	990.7687761432194 
0.4930000000000004	990.7746355739381 
0.4940000000000004	990.7807256931256 
0.4950000000000004	990.7870390745488 
0.4960000000000004	990.7935682981542 
0.4970000000000004	990.8003059540812 
0.4980000000000004	990.8072446465983 
0.4990000000000004	990.8143769979634 
0.5000000000000003	990.8216956522061 
0.5010000000000003	990.8291932788314 
0.5020000000000003	990.8368625764448 
0.5030000000000003	990.844696276297 
0.5040000000000003	990.8526871457491 
0.5050000000000003	990.8608279916565 
0.5060000000000003	990.8691116636717 
0.5070000000000003	990.8775310574653 
0.5080000000000003	990.8860791178653 
0.5090000000000003	990.8947488419136 
0.5100000000000003	990.9035332818405 
0.5110000000000003	990.9124255479558 
0.5120000000000003	990.9214188114571 
0.5130000000000003	990.9305063071558 
0.5140000000000003	990.9396813361186 
0.5150000000000003	990.9489372682272 
0.5160000000000003	990.9582675446541 
0.5170000000000003	990.9676656802558 
0.5180000000000003	990.9771252658829 
0.5190000000000003	990.9866399706077 
0.5200000000000004	990.9962035438691 
0.5210000000000004	991.0058098175354 
0.5220000000000004	991.0154527078848 
0.5230000000000004	991.0251262175053 
0.5240000000000004	991.034824437112 
0.5250000000000004	991.0445415472844 
0.5260000000000004	991.0542718201236 
0.5270000000000004	991.0640096208288 
0.5280000000000004	991.0737494091945 
0.5290000000000004	991.0834857410305 
0.5300000000000004	991.0932132695011 
0.5310000000000004	991.1029267463889 
0.5320000000000004	991.1126210232807 
0.5330000000000004	991.1222910526773 
0.5340000000000004	991.1319318890278 
0.5350000000000004	991.1415386896895 
0.5360000000000004	991.151106715813 
0.5370000000000004	991.160631333155 
0.5380000000000004	991.1701080128188 
0.5390000000000004	991.1795323319218 
0.5400000000000004	991.1888999741946 
0.5410000000000004	991.1982067305087 
0.5420000000000004	991.2074484993365 
0.5430000000000004	991.2166212871425 
0.5440000000000004	991.2257212087088 
0.5450000000000004	991.2347444873936 
0.5460000000000004	991.2436874553257 
0.5470000000000004	991.2525465535347 
0.5480000000000004	991.2613183320187 
0.5490000000000004	991.2699994497502 
0.5500000000000004	991.2785866746215 
0.5510000000000004	991.2870768833299 
0.5520000000000004	991.2954670612056 
0.5530000000000004	991.3037543019816 
0.5540000000000004	991.3119358075073 
0.5550000000000004	991.3200088874074 
0.5560000000000004	991.3279709586868 
0.5570000000000004	991.335819545283 
0.5580000000000004	991.3435522775663 
0.5590000000000004	991.3511668917906 
0.5600000000000004	991.3586612294943 
0.5610000000000004	991.3660332368534 
0.5620000000000004	991.373280963988 
0.5630000000000004	991.3804025642232 
0.5640000000000004	991.3873962933053 
0.5650000000000004	991.3942605085751 
0.5660000000000004	991.4009936680998 
0.5670000000000004	991.4075943297628 
0.5680000000000004	991.4140611503155 
0.5690000000000004	991.42039288439 
0.5700000000000004	991.4265883834748 
0.5710000000000004	991.432646594855 
0.5720000000000004	991.4385665605173 
0.5730000000000004	991.4443474160225 
0.5740000000000004	991.4499883893448 
0.5750000000000004	991.4554887996806 
0.5760000000000004	991.4608480562276 
0.5770000000000004	991.4660656569356 
0.5780000000000004	991.4711411872286 
0.5790000000000004	991.4760743187023 
0.5800000000000004	991.4808648077959 
0.5810000000000004	991.4855124944398 
0.5820000000000004	991.4900173006811 
0.5830000000000004	991.4943792292871 
0.5840000000000004	991.4985983623293 
0.5850000000000004	991.5026748597469 
0.5860000000000004	991.5066089578936 
0.5870000000000004	991.5104009680664 
0.5880000000000004	991.5140512750191 
0.5890000000000004	991.517560335461 
0.5900000000000004	991.5209286765415 
0.5910000000000004	991.524156894323 
0.5920000000000004	991.5272456522415 
0.5930000000000004	991.5301956795572 
0.5940000000000004	991.5330077697955 
0.5950000000000004	991.5356827791799 
0.5960000000000004	991.538221625057 
0.5970000000000004	991.5406252843161 
0.5980000000000004	991.5428947918023 
0.5990000000000004	991.5450312387261 
0.6000000000000004	991.5470357710692 
0.6010000000000004	991.548909587988 
0.6020000000000004	991.5506539402153 
0.6030000000000004	991.5522701284615 
0.6040000000000004	991.5537595018164 
0.6050000000000004	991.5551234561516 
0.6060000000000004	991.556363432525 
0.6070000000000004	991.5574809155888 
0.6080000000000004	991.5584774320004 
0.6090000000000004	991.5593545488381 
0.6100000000000004	991.5601138720225 
0.6110000000000004	991.5607570447436 
0.6120000000000004	991.5612857458947 
0.6130000000000004	991.5617016885143 
0.6140000000000004	991.5620066182358 
0.6150000000000004	991.5622023117471 
0.6160000000000004	991.562290575259 
0.6170000000000004	991.5622732429848 
0.6180000000000004	991.5621521756308 
0.6190000000000004	991.5619292588981 
0.6200000000000004	991.5616064019974 
0.6210000000000004	991.5611855361767 
0.6220000000000004	991.560668613262 
0.6230000000000004	991.5600576042128 
0.6240000000000004	991.5593544976921 
0.6250000000000004	991.5585612986513 
0.6260000000000004	991.5576800269315 
0.6270000000000004	991.5567127158805 
0.6280000000000004	991.5556614109867 
0.6290000000000004	991.5545281685302 
0.6300000000000004	991.5533150542518 
0.6310000000000004	991.55202414204 
0.6320000000000005	991.5506575126357 
0.6330000000000005	991.5492172523572 
0.6340000000000005	991.5477054518432 
0.6350000000000005	991.5461242048164 
0.6360000000000005	991.5444756068661 
0.6370000000000005	991.5427617542521 
0.6380000000000005	991.5409847427285 
0.6390000000000005	991.5391466663885 
0.6400000000000005	991.5372496165307 
0.6410000000000005	991.5352956805466 
0.6420000000000005	991.5332869408295 
0.6430000000000005	991.531225473706 
0.6440000000000005	991.5291133483887 
0.6450000000000005	991.5269526259523 
0.6460000000000005	991.5247453583311 
0.6470000000000005	991.5224935873397 
0.6480000000000005	991.5201993437165 
0.6490000000000005	991.5178646461901 
0.6500000000000005	991.5154915005685 
0.6510000000000005	991.5130818988514 
0.6520000000000005	991.5106378183665 
0.6530000000000005	991.5081612209281 
0.6540000000000005	991.5056540520194 
0.6550000000000005	991.5031182399987 
0.6560000000000005	991.5005556953282 
0.6570000000000005	991.497968309827 
0.6580000000000005	991.495357955947 
0.6590000000000005	991.4927264860727 
0.6600000000000005	991.4900757318437 
0.6610000000000005	991.4874075035019 
0.6620000000000005	991.4847235892604 
0.6630000000000005	991.482025754697 
0.6640000000000005	991.4793157421703 
0.6650000000000005	991.476595270259 
0.6660000000000005	991.4738660332245 
0.6670000000000005	991.4711297004957 
0.6680000000000005	991.4683879161777 
0.6690000000000005	991.4656422985822 
0.6700000000000005	991.4628944397814 
0.6710000000000005	991.4601459051831 
0.6720000000000005	991.4573982331292 
0.6730000000000005	991.4546529345154 
0.6740000000000005	991.4519114924336 
0.6750000000000005	991.4491753618356 
0.6760000000000005	991.4464459692178 
0.6770000000000005	991.4437247123284 
0.6780000000000005	991.4410129598946 
0.6790000000000005	991.4383120513714 
0.6800000000000005	991.4356232967111 
0.6810000000000005	991.4329479761523 
0.6820000000000005	991.43028734003 
0.6830000000000005	991.4276426086058 
0.6840000000000005	991.4250149719168 
0.6850000000000005	991.4224055896449 
0.6860000000000005	991.4198155910045 
0.6870000000000005	991.41724607465 
0.6880000000000005	991.4146981086006 
0.6890000000000005	991.4121727301848 
0.6900000000000005	991.4096709460019 
0.6910000000000005	991.4071937319018 
0.6920000000000005	991.404742032982 
0.6930000000000005	991.4023167636019 
0.6940000000000005	991.3999188074137 
0.6950000000000005	991.3975490174098 
0.6960000000000005	991.3952082159869 
0.6970000000000005	991.3928971950254 
0.6980000000000005	991.3906167159843 
0.6990000000000005	991.3883675100119 
0.7000000000000005	991.3861502780711 
0.7010000000000005	991.3839656910789 
0.7020000000000005	991.3818143900608 
0.7030000000000005	991.3796969863187 
0.7040000000000005	991.3776140616125 
0.7050000000000005	991.3755661683546 
0.7060000000000005	991.3735538298178 
0.7070000000000005	991.3715775403555 
0.7080000000000005	991.369637765634 
0.7090000000000005	991.3677349428768 
0.7100000000000005	991.3658694811205 
0.7110000000000005	991.3640417614813 
0.7120000000000005	991.3622521374333 
0.7130000000000005	991.3605009350965 
0.7140000000000005	991.3587884535352 
0.7150000000000005	991.3571149650662 
0.7160000000000005	991.3554807155764 
0.7170000000000005	991.3538859248497 
0.7180000000000005	991.3523307869023 
0.7190000000000005	991.3508154703268 
0.7200000000000005	991.3493401186442 
0.7210000000000005	991.3479048506639 
0.7220000000000005	991.3465097608504 
0.7230000000000005	991.345154919698 
0.7240000000000005	991.3438403741117 
0.7250000000000005	991.3425661477947 
0.7260000000000005	991.3413322416422 
0.7270000000000005	991.3401386341403 
0.7280000000000005	991.3389852817709 
0.7290000000000005	991.3378721194217 
0.7300000000000005	991.3367990608011 
0.7310000000000005	991.3357659988569 
0.7320000000000005	991.3347728062001 
0.7330000000000005	991.333819335532 
0.7340000000000005	991.3329054200749 
0.7350000000000005	991.3320308740065 
0.7360000000000005	991.3311954928967 
0.7370000000000005	991.3303990541473 
0.7380000000000005	991.3296413174344 
0.7390000000000005	991.3289220251522 
0.7400000000000005	991.3282409028594 
0.7410000000000005	991.3275976597265 
0.7420000000000005	991.3269919889848 
0.7430000000000005	991.3264235683758 
0.7440000000000005	991.3258920606023 
0.7450000000000006	991.3253971137789 
0.7460000000000006	991.3249383618833 
0.7470000000000006	991.3245154252072 
0.7480000000000006	991.3241279108078 
0.7490000000000006	991.3237754129569 
0.7500000000000006	991.3234575135916 
0.7510000000000006	991.3231737827617 
0.7520000000000006	991.3229237790774 
0.7530000000000006	991.3227070501549 
0.7540000000000006	991.3225231330601 
0.7550000000000006	991.3223715547513 
0.7560000000000006	991.3222518325182 
0.7570000000000006	991.3221634744202 
0.7580000000000006	991.3221059797213 
0.7590000000000006	991.322078839322 
0.7600000000000006	991.3220815361891 
0.7610000000000006	991.3221135457816 
0.7620000000000006	991.322174336474 
0.7630000000000006	991.3222633699752 
0.7640000000000006	991.322380101745 
0.7650000000000006	991.3225239814055 
0.7660000000000006	991.3226944531494 
0.7670000000000006	991.3228909561439 
0.7680000000000006	991.3231129249297 
0.7690000000000006	991.323359789817 
0.7700000000000006	991.3236309772756 
0.7710000000000006	991.3239259103207 
0.7720000000000006	991.3242440088941 
0.7730000000000006	991.3245846902403 
0.7740000000000006	991.324947369277 
0.7750000000000006	991.3253314589613 
0.7760000000000006	991.3257363706498 
0.7770000000000006	991.3261615144539 
0.7780000000000006	991.3266062995889 
0.7790000000000006	991.327070134718 
0.7800000000000006	991.3275524282905 
0.7810000000000006	991.3280525888737 
0.7820000000000006	991.3285700254797 
0.7830000000000006	991.3291041478859 
0.7840000000000006	991.3296543669488 
0.7850000000000006	991.3302200949129 
0.7860000000000006	991.3308007457124 
0.7870000000000006	991.3313957352674 
0.7880000000000006	991.3320044817732 
0.7890000000000006	991.3326264059838 
0.7900000000000006	991.3332609314883 
0.7910000000000006	991.3339074849821 
0.7920000000000006	991.3345654965299 
0.7930000000000006	991.3352343998238 
0.7940000000000006	991.3359136324343 
0.7950000000000006	991.3366026360543 
0.7960000000000006	991.337300856737 
0.7970000000000006	991.3380077451272 
0.7980000000000006	991.3387227566863 
0.7990000000000006	991.3394453519093 
0.8000000000000006	991.340174996537 
0.8010000000000006	991.3409111617609 
0.8020000000000006	991.3416533244206 
0.8030000000000006	991.3424009671958 
0.8040000000000006	991.3431535787913 
0.8050000000000006	991.3439106541152 
0.8060000000000006	991.3446716944507 
0.8070000000000006	991.3454362076211 
0.8080000000000006	991.3462037081491 
0.8090000000000006	991.3469737174084 
0.8100000000000006	991.3477457637697 
0.8110000000000006	991.3485193827398 
0.8120000000000006	991.3492941170949 
0.8130000000000006	991.3500695170064 
0.8140000000000006	991.3508451401618 
0.8150000000000006	991.3516205518782 
0.8160000000000006	991.3523953252101 
0.8170000000000006	991.3531690410506 
0.8180000000000006	991.3539412882272 
0.8190000000000006	991.354711663591 
0.8200000000000006	991.3554797720997 
0.8210000000000006	991.3562452268948 
0.8220000000000006	991.3570076493735 
0.8230000000000006	991.3577666692539 
0.8240000000000006	991.3585219246348 
0.8250000000000006	991.3592730620497 
0.8260000000000006	991.3600197365156 
0.8270000000000006	991.3607616115755 
0.8280000000000006	991.3614983593361 
0.8290000000000006	991.3622296604996 
0.8300000000000006	991.3629552043901 
0.8310000000000006	991.3636746889758 
0.8320000000000006	991.3643878208845 
0.8330000000000006	991.3650943154149 
0.8340000000000006	991.3657938965429 
0.8350000000000006	991.3664862969225 
0.8360000000000006	991.3671712578825 
0.8370000000000006	991.3678485294178 
0.8380000000000006	991.3685178701763 
0.8390000000000006	991.3691790474419 
0.8400000000000006	991.3698318371113 
0.8410000000000006	991.3704760236683 
0.8420000000000006	991.3711114001527 
0.8430000000000006	991.3717377681253 
0.8440000000000006	991.3723549376286 
0.8450000000000006	991.3729627271439 
0.8460000000000006	991.3735609635437 
0.8470000000000006	991.3741494820414 
0.8480000000000006	991.374728126136 
0.8490000000000006	991.3752967475542 
0.8500000000000006	991.3758552061882 
0.8510000000000006	991.3764033700307 
0.8520000000000006	991.376941115106 
0.8530000000000006	991.377468325398 
0.8540000000000006	991.3779848927753 
0.8550000000000006	991.3784907169129 
0.8560000000000006	991.3789857052111 
0.8570000000000007	991.3794697727117 
0.8580000000000007	991.3799428420107 
0.8590000000000007	991.3804048431696 
0.8600000000000007	991.3808557136227 
0.8610000000000007	991.3812953980831 
0.8620000000000007	991.3817238484455 
0.8630000000000007	991.3821410236872 
0.8640000000000007	991.3825468897664 
0.8650000000000007	991.3829414195194 
0.8660000000000007	991.3833245925545 
0.8670000000000007	991.3836963951446 
0.8680000000000007	991.3840568201186 
0.8690000000000007	991.3844058667498 
0.8700000000000007	991.3847435406437 
0.8710000000000007	991.3850698536238 
0.8720000000000007	991.3853848236159 
0.8730000000000007	991.3856884745315 
0.8740000000000007	991.3859808361492 
0.8750000000000007	991.3862619439955 
0.8760000000000007	991.3865318392244 
0.8770000000000007	991.3867905684957 
0.8780000000000007	991.3870381838527 
0.8790000000000007	991.387274742599 
0.8800000000000007	991.3875003071742 
0.8810000000000007	991.3877149450293 
0.8820000000000007	991.3879187285016 
0.8830000000000007	991.3881117346887 
0.8840000000000007	991.3882940453219 
0.8850000000000007	991.3884657466405 
0.8860000000000007	991.3886269292636 
0.8870000000000007	991.3887776880644 
0.8880000000000007	991.3889181220416 
0.8890000000000007	991.389048334193 
0.8900000000000007	991.389168431388 
0.8910000000000007	991.3892785242402 
0.8920000000000007	991.3893787269803 
0.8930000000000007	991.3894691573296 
0.8940000000000007	991.389549936373 
0.8950000000000007	991.389621188433 
0.8960000000000007	991.3896830409441 
0.8970000000000007	991.389735624327 
0.8980000000000007	991.3897790718644 
0.8990000000000007	991.389813519576 
0.9000000000000007	991.3898391060959 
0.9010000000000007	991.3898559725492 
0.9020000000000007	991.3898642624299 
0.9030000000000007	991.3898641214802 
0.9040000000000007	991.3898556975696 
0.9050000000000007	991.3898391405758 
0.9060000000000007	991.389814602266 
0.9070000000000007	991.3897822361799 
0.9080000000000007	991.389742197513 
0.9090000000000007	991.3896946430012 
0.9100000000000007	991.3896397308075 
0.9110000000000007	991.3895776204083 
0.9120000000000007	991.3895084724825 
0.9130000000000007	991.3894324488004 
0.9140000000000007	991.3893497121157 
0.9150000000000007	991.389260426057 
0.9160000000000007	991.3891647550221 
0.9170000000000007	991.3890628640729 
0.9180000000000007	991.3889549188325 
0.9190000000000007	991.3888410853828 
0.9200000000000007	991.3887215301647 
0.9210000000000007	991.3885964198793 
0.9220000000000007	991.3884659213903 
0.9230000000000007	991.3883302016293 
0.9240000000000007	991.3881894275011 
0.9250000000000007	991.3880437657917 
0.9260000000000007	991.3878933830783 
0.9270000000000007	991.3877384456397 
0.9280000000000007	991.3875791193694 
0.9290000000000007	991.3874155696907 
0.9300000000000007	991.3872479614721 
0.9310000000000007	991.3870764589465 
0.9320000000000007	991.3869012256304 
0.9330000000000007	991.386722424246 
0.9340000000000007	991.3865402166448 
0.9350000000000007	991.3863547637325 
0.9360000000000007	991.3861662253968 
0.9370000000000007	991.385974760436 
0.9380000000000007	991.3857805264904 
0.9390000000000007	991.3855836799744 
0.9400000000000007	991.3853843760115 
0.9410000000000007	991.3851827683711 
0.9420000000000007	991.384979009406 
0.9430000000000007	991.3847732499935 
0.9440000000000007	991.3845656394766 
0.9450000000000007	991.3843563256088 
0.9460000000000007	991.3841454544994 
0.9470000000000007	991.3839331705612 
0.9480000000000007	991.3837196164604 
0.9490000000000007	991.3835049330675 
0.9500000000000007	991.3832892594105 
0.9510000000000007	991.3830727326308 
0.9520000000000007	991.3828554879391 
0.9530000000000007	991.3826376585748 
0.9540000000000007	991.3824193757663 
0.9550000000000007	991.3822007686933 
0.9560000000000007	991.3819819644515 
0.9570000000000007	991.3817630880176 
0.9580000000000007	991.3815442622177 
0.9590000000000007	991.3813256076971 
0.9600000000000007	991.3811072428905 
0.9610000000000007	991.3808892839959 
0.9620000000000007	991.3806718449488 
0.9630000000000007	991.3804550373987 
0.9640000000000007	991.3802389706873 
0.9650000000000007	991.3800237518279 
0.9660000000000007	991.3798094854873 
0.9670000000000007	991.379596273968 
0.9680000000000007	991.3793842171938 
0.9690000000000007	991.3791734126953 
0.9700000000000008	991.378963955598 
0.9710000000000008	991.3787559386114 
0.9720000000000008	991.3785494520203 
0.9730000000000008	991.3783445836763 
0.9740000000000008	991.3781414189928 
0.9750000000000008	991.3779400409394 
0.9760000000000008	991.3777405300391 
0.9770000000000008	991.3775429643663 
0.9780000000000008	991.3773474195465 
0.9790000000000008	991.377153968757 
0.9800000000000008	991.3769626827296 
0.9810000000000008	991.3767736297536 
0.9820000000000008	991.3765868756811 
0.9830000000000008	991.3764024839331 
0.9840000000000008	991.3762205155068 
0.9850000000000008	991.3760410289843 
0.9860000000000008	991.3758640805422 
0.9870000000000008	991.3756897239629 
0.9880000000000008	991.3755180106464 
0.9890000000000008	991.3753489896236 
0.9900000000000008	991.3751827075708 
0.9910000000000008	991.3750192088249 
0.9920000000000008	991.3748585353995 
0.9930000000000008	991.3747007270028 
0.9940000000000008	991.3745458210558 
0.9950000000000008	991.3743938527111 
0.9960000000000008	991.3742448548742 
0.9970000000000008	991.3740988582235 
0.9980000000000008	991.3739558912331 
0.9990000000000008	991.3738159801951 
1.0000000000000007	991.3736791492437 
1.0010000000000006	991.3735454203792 
1.0020000000000004	991.3734148134934 
1.0030000000000003	991.3732873463956 
1.0040000000000002	991.3731630348391 
1.0050000000000001	991.3730418925485 
1.006	991.3729239312476 
1.007	991.372809160688 
1.0079999999999998	991.3726975886783 
1.0089999999999997	991.3725892211139 
1.0099999999999996	991.372484062007 
1.0109999999999995	991.3723821135175 
1.0119999999999993	991.3722833759845 
1.0129999999999992	991.3721878479575 
1.0139999999999991	991.3720955262295 
1.014999999999999	991.3720064058684 
1.015999999999999	991.3719204802509 
1.0169999999999988	991.3718377410953 
1.0179999999999987	991.3717581784955 
1.0189999999999986	991.3716817809549 
1.0199999999999985	991.3716085354204 
1.0209999999999984	991.3715384273172 
1.0219999999999982	991.3714714405837 
1.0229999999999981	991.3714075577061 
1.023999999999998	991.3713467597538 
1.024999999999998	991.3712890264147 
1.0259999999999978	991.371234336031 
1.0269999999999977	991.371182665634 
1.0279999999999976	991.3711339909811 
1.0289999999999975	991.3710882865903 
1.0299999999999974	991.3710455257768 
1.0309999999999973	991.371005680689 
1.0319999999999971	991.3709687223438 
1.032999999999997	991.3709346206633 
1.033999999999997	991.3709033445101 
1.0349999999999968	991.3708748617233 
1.0359999999999967	991.3708491391546 
1.0369999999999966	991.3708261427037 
1.0379999999999965	991.3708058373538 
1.0389999999999964	991.3707881872078 
1.0399999999999963	991.3707731555229 
1.0409999999999962	991.3707607047462 
1.041999999999996	991.3707507965498 
1.042999999999996	991.3707433918654 
1.0439999999999958	991.3707384509192 
1.0449999999999957	991.3707359332666 
1.0459999999999956	991.3707357978255 
1.0469999999999955	991.3707380029116 
1.0479999999999954	991.3707425062709 
1.0489999999999953	991.370749265114 
1.0499999999999952	991.3707582361487 
1.050999999999995	991.3707693756135 
1.051999999999995	991.3707826393091 
1.0529999999999948	991.3707979826318 
1.0539999999999947	991.3708153606044 
1.0549999999999946	991.3708347279085 
1.0559999999999945	991.3708560389149 
1.0569999999999944	991.3708792477152 
1.0579999999999943	991.3709043081512 
1.0589999999999942	991.3709311738461 
1.059999999999994	991.3709597982329 
1.060999999999994	991.3709901345845 
1.0619999999999938	991.3710221360423 
1.0629999999999937	991.3710557556437 
1.0639999999999936	991.3710909463513 
1.0649999999999935	991.3711276610793 
1.0659999999999934	991.3711658527211 
1.0669999999999933	991.3712054741756 
1.0679999999999932	991.371246478373 
1.068999999999993	991.3712888183011 
1.069999999999993	991.3713324470298 
1.0709999999999928	991.3713773177357 
1.0719999999999927	991.3714233837267 
1.0729999999999926	991.3714705984652 
1.0739999999999925	991.3715189155914 
1.0749999999999924	991.3715682889462 
1.0759999999999923	991.3716186725926 
1.0769999999999922	991.3716700208382 
1.077999999999992	991.3717222882556 
1.078999999999992	991.3717754297032 
1.0799999999999919	991.3718294003456 
1.0809999999999917	991.3718841556725 
1.0819999999999916	991.3719396515182 
1.0829999999999915	991.3719958440801 
1.0839999999999914	991.3720526899361 
1.0849999999999913	991.3721101460629 
1.0859999999999912	991.3721681698523 
1.086999999999991	991.3722267191276 
1.087999999999991	991.3722857521598 
1.0889999999999909	991.3723452276824 
1.0899999999999908	991.3724051049072 
1.0909999999999906	991.3724653435372 
1.0919999999999905	991.3725259037815 
1.0929999999999904	991.3725867463679 
1.0939999999999903	991.372647832556 
1.0949999999999902	991.3727091241492 
1.09599999999999	991.3727705835063 
1.09699999999999	991.3728321735528 
1.0979999999999899	991.3728938577914 
1.0989999999999898	991.3729556003126 
1.0999999999999897	991.3730173658038 
1.1009999999999895	991.3730791195587 
1.1019999999999894	991.3731408274859 
1.1029999999999893	991.3732024561173 
1.1039999999999892	991.3732639726151 
1.104999999999989	991.3733253447796 
1.105999999999989	991.3733865410559 
1.1069999999999889	991.3734475305397 
1.1079999999999888	991.3735082829835 
1.1089999999999887	991.3735687688015 
1.1099999999999886	991.3736289590748 
1.1109999999999884	991.3736888255554 
1.1119999999999883	991.3737483406704 
1.1129999999999882	991.3738074775255 
1.113999999999988	991.3738662099076 
1.114999999999988	991.3739245122881 
1.115999999999988	991.3739823598246 
1.1169999999999878	991.3740397283627 
1.1179999999999877	991.3740965944377 
1.1189999999999876	991.374152935275 
1.1199999999999875	991.3742087287912 
1.1209999999999873	991.3742639535939 
1.1219999999999872	991.3743185889814 
1.1229999999999871	991.3743726149424 
1.123999999999987	991.374426012155 
1.124999999999987	991.374478761985 
1.1259999999999868	991.3745308464843 
1.1269999999999867	991.3745822483893 
1.1279999999999866	991.3746329511179 
1.1289999999999865	991.3746829387669 
1.1299999999999863	991.3747321961093 
1.1309999999999862	991.3747807085905 
1.1319999999999861	991.3748284623246 
1.132999999999986	991.3748754440907 
1.133999999999986	991.3749216413282 
1.1349999999999858	991.3749670421327 
1.1359999999999857	991.3750116352504 
1.1369999999999856	991.3750554100739 
1.1379999999999855	991.3750983566356 
1.1389999999999854	991.3751404656031 
1.1399999999999852	991.3751817282725 
1.1409999999999851	991.3752221365628 
1.141999999999985	991.3752616830088 
1.142999999999985	991.3753003607551 
1.1439999999999848	991.3753381635488 
1.1449999999999847	991.3753750857327 
1.1459999999999846	991.3754111222377 
1.1469999999999845	991.3754462685754 
1.1479999999999844	991.3754805208306 
1.1489999999999843	991.3755138756533 
1.1499999999999841	991.3755463302505 
1.150999999999984	991.3755778823783 
1.151999999999984	991.3756085303332 
1.1529999999999838	991.375638272944 
1.1539999999999837	991.3756671095625 
1.1549999999999836	991.3756950400552 
1.1559999999999835	991.3757220647942 
1.1569999999999834	991.3757481846482 
1.1579999999999833	991.3757734009729 
1.1589999999999832	991.3757977156025 
1.159999999999983	991.3758211308395 
1.160999999999983	991.3758436494458 
1.1619999999999828	991.3758652746324 
1.1629999999999827	991.3758860100507 
1.1639999999999826	991.3759058597822 
1.1649999999999825	991.3759248283284 
1.1659999999999824	991.3759429206016 
1.1669999999999823	991.3759601419146 
1.1679999999999822	991.3759764979707 
1.168999999999982	991.3759919948538 
1.169999999999982	991.3760066390186 
1.1709999999999818	991.3760204372796 
1.1719999999999817	991.3760333968023 
1.1729999999999816	991.376045525092 
1.1739999999999815	991.3760568299842 
1.1749999999999814	991.3760673196346 
1.1759999999999813	991.3760770025082 
1.1769999999999812	991.3760858873701 
1.177999999999981	991.3760939832748 
1.178999999999981	991.3761012995564 
1.1799999999999808	991.376107845818 
1.1809999999999807	991.3761136319223 
1.1819999999999806	991.3761186679814 
1.1829999999999805	991.3761229643463 
1.1839999999999804	991.3761265315977 
1.1849999999999803	991.3761293805358 
1.1859999999999802	991.37613152217 
1.18699999999998	991.37613296771 
1.18799999999998	991.3761337285554 
1.1889999999999799	991.3761338162861 
1.1899999999999797	991.3761332426532 
1.1909999999999796	991.3761320195687 
1.1919999999999795	991.3761301590968 
1.1929999999999794	991.376127673444 
1.1939999999999793	991.3761245749502 
1.1949999999999792	991.3761208760792 
1.195999999999979	991.3761165894099 
1.196999999999979	991.376111727627 
1.1979999999999789	991.3761063035123 
1.1989999999999787	991.376100329936 
1.1999999999999786	991.3760938198476 
1.2009999999999785	991.3760867862678 
1.2019999999999784	991.3760792422796 
1.2029999999999783	991.3760712010203 
1.2039999999999782	991.3760626756729 
1.204999999999978	991.3760536794582 
1.205999999999978	991.3760442256269 
1.2069999999999779	991.3760343274514 
1.2079999999999778	991.3760239982183 
1.2089999999999776	991.3760132512208 
1.2099999999999775	991.3760020997507 
1.2109999999999774	991.375990557092 
1.2119999999999773	991.3759786365126 
1.2129999999999772	991.3759663512581 
1.213999999999977	991.375953714544 
1.214999999999977	991.3759407395498 
1.2159999999999769	991.3759274394116 
1.2169999999999768	991.3759138272158 
1.2179999999999767	991.3758999159926 
1.2189999999999765	991.3758857187102 
1.2199999999999764	991.3758712482679 
1.2209999999999763	991.375856517491 
1.2219999999999762	991.3758415391243 
1.222999999999976	991.3758263258268 
1.223999999999976	991.375810890166 
1.2249999999999759	991.3757952446127 
1.2259999999999758	991.3757794015356 
1.2269999999999757	991.3757633731963 
1.2279999999999756	991.3757471717443 
1.2289999999999754	991.3757308092122 
1.2299999999999753	991.3757142975113 
1.2309999999999752	991.3756976484268 
1.2319999999999751	991.3756808736138 
1.232999999999975	991.3756639845925 
1.233999999999975	991.3756469927451 
1.2349999999999748	991.3756299093112 
1.2359999999999747	991.375612745384 
1.2369999999999746	991.3755955119072 
1.2379999999999745	991.3755782196712 
1.2389999999999743	991.3755608793099 
1.2399999999999742	991.3755435012974 
1.2409999999999741	991.3755260959455 
1.241999999999974	991.3755086733998 
1.242999999999974	991.3754912436382 
1.2439999999999738	991.3754738164672 
1.2449999999999737	991.3754564015203 
1.2459999999999736	991.3754390082551 
1.2469999999999735	991.3754216459515 
1.2479999999999734	991.3754043237096 
1.2489999999999732	991.3753870504477 
1.2499999999999731	991.3753698349003 
1.250999999999973	991.3753526856171 
1.251999999999973	991.375335610961 
1.2529999999999728	991.3753186191066 
1.2539999999999727	991.3753017180395 
1.2549999999999726	991.3752849155549 
1.2559999999999725	991.3752682192563 
1.2569999999999724	991.3752516365554 
1.2579999999999723	991.3752351746705 
1.2589999999999721	991.3752188406263 
1.259999999999972	991.3752026412536 
1.260999999999972	991.3751865831886 
1.2619999999999718	991.3751706728724 
1.2629999999999717	991.3751549165514 
1.2639999999999716	991.375139320277 
1.2649999999999715	991.3751238899054 
1.2659999999999714	991.3751086310982 
1.2669999999999713	991.3750935493225 
1.2679999999999712	991.375078649851 
1.268999999999971	991.3750639377631 
1.269999999999971	991.3750494179448 
1.2709999999999708	991.3750350950895 
1.2719999999999707	991.3750209736994 
1.2729999999999706	991.3750070580855 
1.2739999999999705	991.3749933523693 
1.2749999999999704	991.3749798604831 
1.2759999999999703	991.3749665861717 
1.2769999999999702	991.3749535329935 
1.27799999999997	991.3749407043214 
1.27899999999997	991.3749281033448 
1.2799999999999698	991.3749157330708 
1.2809999999999697	991.3749035963252 
1.2819999999999696	991.3748916957551 
1.2829999999999695	991.3748800338295 
1.2839999999999694	991.3748686128421 
1.2849999999999693	991.3748574349122 
1.2859999999999692	991.3748465019871 
1.286999999999969	991.374835815844 
1.287999999999969	991.3748253780916 
1.2889999999999688	991.3748151901727 
1.2899999999999687	991.374805253366 
1.2909999999999686	991.3747955687883 
1.2919999999999685	991.3747861373967 
1.2929999999999684	991.3747769599909 
1.2939999999999683	991.3747680372155 
1.2949999999999682	991.3747593695626 
1.295999999999968	991.3747509573737 
1.296999999999968	991.3747428008427 
1.2979999999999678	991.3747349000179 
1.2989999999999677	991.3747272548047 
1.2999999999999676	991.3747198649684 
1.3009999999999675	991.3747127301365 
1.3019999999999674	991.3747058498013 
1.3029999999999673	991.3746992233229 
1.3039999999999672	991.3746928499312 
1.304999999999967	991.3746867287296 
1.305999999999967	991.3746808586967 
1.3069999999999669	991.3746752386897 
1.3079999999999667	991.3746698674471 
1.3089999999999666	991.374664743591 
1.3099999999999665	991.3746598656305 
1.3109999999999664	991.3746552319643 
1.3119999999999663	991.3746508408834 
1.3129999999999662	991.3746466905741 
1.313999999999966	991.3746427791206 
1.314999999999966	991.3746391045082 
1.3159999999999659	991.374635664626 
1.3169999999999658	991.3746324572696 
1.3179999999999656	991.3746294801442 
1.3189999999999655	991.3746267308674 
1.3199999999999654	991.3746242069718 
1.3209999999999653	991.3746219059084 
1.3219999999999652	991.3746198250489 
1.322999999999965	991.3746179616887 
1.323999999999965	991.3746163130502 
1.3249999999999649	991.3746148762848 
1.3259999999999648	991.3746136484764 
1.3269999999999647	991.374612626644 
1.3279999999999645	991.3746118077443 
1.3289999999999644	991.3746111886746 
1.3299999999999643	991.374610766276 
1.3309999999999642	991.3746105373352 
1.331999999999964	991.3746104985884 
1.332999999999964	991.3746106467227 
1.3339999999999639	991.37461097838 
1.3349999999999638	991.3746114901589 
1.3359999999999637	991.3746121786178 
1.3369999999999636	991.374613040277 
1.3379999999999634	991.3746140716219 
1.3389999999999633	991.374615269105 
1.3399999999999632	991.3746166291489 
1.340999999999963	991.3746181481488 
1.341999999999963	991.3746198224743 
1.342999999999963	991.3746216484728 
1.3439999999999628	991.3746236224714 
1.3449999999999627	991.3746257407793 
1.3459999999999626	991.3746279996902 
1.3469999999999624	991.3746303954849 
1.3479999999999623	991.3746329244333 
1.3489999999999622	991.3746355827966 
1.3499999999999621	991.3746383668298 
1.350999999999962	991.3746412727837 
1.351999999999962	991.3746442969071 
1.3529999999999618	991.374647435449 
1.3539999999999617	991.3746506846605 
1.3549999999999616	991.3746540407972 
1.3559999999999615	991.3746575001205 
1.3569999999999613	991.3746610589004 
1.3579999999999612	991.374664713417 
1.3589999999999611	991.3746684599623 
1.359999999999961	991.3746722948424 
1.360999999999961	991.3746762143788 
1.3619999999999608	991.3746802149109 
1.3629999999999607	991.3746842927967 
1.3639999999999606	991.3746884444156 
1.3649999999999605	991.3746926661693 
1.3659999999999604	991.3746969544836 
1.3669999999999602	991.37470130581 
1.3679999999999601	991.3747057166274 
1.36899999999996	991.3747101834431 
1.36999999999996	991.3747147027947 
1.3709999999999598	991.3747192712513 
1.3719999999999597	991.3747238854147 
1.3729999999999596	991.3747285419212 
1.3739999999999595	991.3747332374423 
1.3749999999999594	991.3747379686863 
1.3759999999999593	991.3747427323993 
1.3769999999999591	991.3747475253665 
1.377999999999959	991.374752344413 
1.378999999999959	991.3747571864052 
1.3799999999999588	991.3747620482518 
1.3809999999999587	991.3747669269045 
1.3819999999999586	991.3747718193591 
1.3829999999999585	991.3747767226566 
1.3839999999999584	991.3747816338837 
1.3849999999999583	991.3747865501737 
1.3859999999999582	991.3747914687074 
1.386999999999958	991.3747963867138 
1.387999999999958	991.3748013014708 
1.3889999999999578	991.3748062103058 
1.3899999999999577	991.3748111105962 
1.3909999999999576	991.3748159997704 
1.3919999999999575	991.3748208753077 
1.3929999999999574	991.3748257347395 
1.3939999999999573	991.3748305756492 
1.3949999999999572	991.3748353956729 
1.395999999999957	991.3748401924998 
1.396999999999957	991.3748449638725 
1.3979999999999568	991.3748497075873 
1.3989999999999567	991.3748544214943 
1.3999999999999566	991.3748591034981 
1.4009999999999565	991.3748637515577 
1.4019999999999564	991.3748683636865 
1.4029999999999563	991.3748729379529 
1.4039999999999562	991.3748774724802 
1.404999999999956	991.3748819654465 
1.405999999999956	991.3748864150853 
1.4069999999999558	991.3748908196845 
1.4079999999999557	991.3748951775877 
1.4089999999999556	991.374899487193 
1.4099999999999555	991.3749037469536 
1.4109999999999554	991.3749079553775 
1.4119999999999553	991.3749121110272 
1.4129999999999552	991.37491621252 
1.413999999999955	991.3749202585273 
1.414999999999955	991.3749242477746 
1.4159999999999549	991.3749281790414 
1.4169999999999547	991.3749320511606 
1.4179999999999546	991.3749358630188 
1.4189999999999545	991.3749396135551 
1.4199999999999544	991.3749433017614 
1.4209999999999543	991.3749469266821 
1.4219999999999542	991.3749504874135 
1.422999999999954	991.374953983103 
1.423999999999954	991.3749574129494 
1.4249999999999539	991.374960776202 
1.4259999999999537	991.3749640721604 
1.4269999999999536	991.3749673001737 
1.4279999999999535	991.37497045964 
1.4289999999999534	991.3749735500065 
1.4299999999999533	991.374976570768 
1.4309999999999532	991.3749795214669 
1.431999999999953	991.3749824016927 
1.432999999999953	991.3749852110813 
1.4339999999999529	991.3749879493139 
1.4349999999999528	991.3749906161172 
1.4359999999999526	991.3749932112622 
1.4369999999999525	991.3749957345639 
1.4379999999999524	991.3749981858801 
1.4389999999999523	991.3750005651115 
1.4399999999999522	991.3750028722002 
1.440999999999952	991.3750051071295 
1.441999999999952	991.3750072699231 
1.4429999999999519	991.3750093606445 
1.4439999999999518	991.3750113793958 
1.4449999999999517	991.3750133263176 
1.4459999999999515	991.3750152015875 
1.4469999999999514	991.3750170054203 
1.4479999999999513	991.3750187380664 
1.4489999999999512	991.3750203998113 
1.449999999999951	991.3750219909751 
1.450999999999951	991.3750235119114 
1.4519999999999509	991.3750249630065 
1.4529999999999508	991.3750263446788 
1.4539999999999507	991.3750276573778 
1.4549999999999506	991.3750289015837 
1.4559999999999504	991.3750300778062 
1.4569999999999503	991.3750311865836 
1.4579999999999502	991.3750322284825 
1.4589999999999501	991.3750332040966 
1.45999999999995	991.375034114046 
1.46099999999995	991.3750349589765 
1.4619999999999498	991.3750357395585 
1.4629999999999497	991.3750364564866 
1.4639999999999496	991.3750371104784 
1.4649999999999495	991.375037702274 
1.4659999999999493	991.375038232635 
1.4669999999999492	991.3750387023438 
1.4679999999999491	991.3750391122027 
1.468999999999949	991.3750394630333 
1.469999999999949	991.3750397556755 
1.4709999999999488	991.3750399909868 
1.4719999999999487	991.3750401698414 
1.4729999999999486	991.3750402931298 
1.4739999999999485	991.3750403617576 
1.4749999999999484	991.3750403766447 
1.4759999999999482	991.3750403387252 
1.4769999999999481	991.3750402489455 
1.477999999999948	991.3750401082648 
1.478999999999948	991.3750399176535 
1.4799999999999478	991.3750396780925 
1.4809999999999477	991.3750393905733 
1.4819999999999476	991.375039056096 
1.4829999999999475	991.3750386756698 
1.4839999999999474	991.3750382503111 
1.4849999999999473	991.3750377810442 
1.4859999999999471	991.3750372688991 
1.486999999999947	991.375036714912 
1.487999999999947	991.375036120124 
1.4889999999999468	991.3750354855808 
1.4899999999999467	991.3750348123317 
1.4909999999999466	991.375034101429 
1.4919999999999465	991.3750333539277 
1.4929999999999464	991.3750325708846 
1.4939999999999463	991.3750317533575 
1.4949999999999461	991.3750309024049 
1.495999999999946	991.3750300190854 
1.496999999999946	991.3750291044571 
1.4979999999999458	991.3750281595766 
1.4989999999999457	991.3750271854991 
1.4999999999999456	991.3750261832774 
1.5009999999999455	991.3750251539615 
1.5019999999999454	991.3750240985979 
1.5029999999999453	991.3750230182295 
1.5039999999999452	991.3750219138947 
1.504999999999945	991.3750207866267 
1.505999999999945	991.3750196374538 
1.5069999999999448	991.3750184673981 
1.5079999999999447	991.3750172774756 
1.5089999999999446	991.3750160686955 
1.5099999999999445	991.3750148420595 
1.5109999999999444	991.375013598562 
1.5119999999999443	991.3750123391891 
1.5129999999999442	991.3750110649187 
1.513999999999944	991.3750097767195 
1.514999999999944	991.3750084755512 
1.5159999999999438	991.3750071623638 
1.5169999999999437	991.3750058380972 
1.5179999999999436	991.3750045036812 
1.5189999999999435	991.3750031600349 
1.5199999999999434	991.3750018080663
