0.0	1000.7261120936383 
0.001	1001.4576803947576 
0.002	1002.1943575504013 
0.003	1002.9357983192333 
0.004	1003.6816599650214 
0.005	1004.4316026263923 
0.006	1005.1852896547464 
0.007	1005.9423879148667 
0.008	1006.7025680449359 
0.009000000000000001	1007.4655046744381 
0.010000000000000002	1008.2308765998349 
0.011000000000000003	1008.9983669190232 
0.012000000000000004	1009.7676631264404 
0.013000000000000005	1010.5384571713307 
0.014000000000000005	1011.3104454821479 
0.015000000000000006	1012.0833289603886 
0.016000000000000007	1012.8568129473343 
0.017000000000000008	1013.6306071672683 
0.01800000000000001	1014.4044256507351 
0.01900000000000001	1015.1779866413434 
0.02000000000000001	1015.9510124894964 
0.02100000000000001	1016.723229536271 
0.022000000000000013	1017.4943679904794 
0.023000000000000013	1018.2641618017321 
0.024000000000000014	1019.0323485320928 
0.025000000000000015	1019.7986692286818 
0.026000000000000016	1020.5628682993429 
0.027000000000000017	1021.3246933932486 
0.028000000000000018	1022.0838952880847 
0.02900000000000002	1022.8402277852251 
0.03000000000000002	1023.5934476140877 
0.03100000000000002	1024.343314346652 
0.03200000000000002	1025.0895903229223 
0.03300000000000002	1025.832040587932 
0.03400000000000002	1026.5704328407137 
0.035000000000000024	1027.3045373955 
0.036000000000000025	1028.03412715527 
0.037000000000000026	1028.758977597632 
0.03800000000000003	1029.4788667729008 
0.03900000000000003	1030.193575314131 
0.04000000000000003	1030.9028864587692 
0.04100000000000003	1031.6065860814997 
0.04200000000000003	1032.304462737795 
0.04300000000000003	1032.9963077176117 
0.04400000000000003	1033.6819151086281 
0.04500000000000003	1034.3610818683717 
0.046000000000000034	1035.0336079045514 
0.047000000000000035	1035.6992961628903 
0.048000000000000036	1036.3579527217228 
0.04900000000000004	1037.0093868926247 
0.05000000000000004	1037.6534113263235 
0.05100000000000004	1038.2898421231473 
0.05200000000000004	1038.9184989472703 
0.05300000000000004	1039.5392051440235 
0.05400000000000004	1040.1517878595528 
0.05500000000000004	1040.7560781621244 
0.05600000000000004	1041.3519111643957 
0.057000000000000044	1041.9391261459941 
0.058000000000000045	1042.517566675771 
0.059000000000000045	1043.0870807331223 
0.060000000000000046	1043.6475208278036 
0.06100000000000005	1044.1987441176836 
0.06200000000000005	1044.7406125239256 
0.06300000000000004	1045.2729928431063 
0.06400000000000004	1045.795756855821 
0.06500000000000004	1046.3087814313499 
0.06600000000000004	1046.811948627997 
0.06700000000000005	1047.3051457887448 
0.06800000000000005	1047.7882656318948 
0.06900000000000005	1048.2612063364022 
0.07000000000000005	1048.7238716216384 
0.07100000000000005	1049.1761708213467 
0.07200000000000005	1049.6180189515876 
0.07300000000000005	1050.0493367724966 
0.07400000000000005	1050.470050843703 
0.07500000000000005	1050.8800935732902 
0.07600000000000005	1051.2794032602003 
0.07700000000000005	1051.6679241300064 
0.07800000000000006	1052.0456063640102 
0.07900000000000006	1052.4124061216303 
0.08000000000000006	1052.768285556084 
0.08100000000000006	1053.1132128233685 
0.08200000000000006	1053.447162084582 
0.08300000000000006	1053.7701135016307 
0.08400000000000006	1054.082053226393 
0.08500000000000006	1054.382973383423 
0.08600000000000006	1054.6728720462893 
0.08700000000000006	1054.9517532076657 
0.08800000000000006	1055.219626743291 
0.08900000000000007	1055.4765083699385 
0.09000000000000007	1055.7224195975384 
0.09100000000000007	1055.9573876756067 
0.09200000000000007	1056.1814455341485 
0.09300000000000007	1056.394631719201 
0.09400000000000007	1056.5969903232003 
0.09500000000000007	1056.78857091035 
0.09600000000000007	1056.9694284371844 
0.09700000000000007	1057.1396231685192 
0.09800000000000007	1057.2992205889839 
0.09900000000000007	1057.4482913103395 
0.10000000000000007	1057.5869109747816 
0.10100000000000008	1057.715160154433 
0.10200000000000008	1057.8331242472311 
0.10300000000000008	1057.9408933694156 
0.10400000000000008	1058.038562244822 
0.10500000000000008	1058.126230091187 
0.10600000000000008	1058.204000503667 
0.10700000000000008	1058.2719813357771 
0.10800000000000008	1058.330284577948 
0.10900000000000008	1058.3790262339003 
0.11000000000000008	1058.4183261950343 
0.11100000000000008	1058.4483081130288 
0.11200000000000009	1058.4690992708374 
0.11300000000000009	1058.480830452273 
0.11400000000000009	1058.483635810361 
0.11500000000000009	1058.4776527346442 
0.11600000000000009	1058.4630217176132 
0.11700000000000009	1058.4398862204364 
0.11800000000000009	1058.408392538155 
0.11900000000000009	1058.3686896645083 
0.12000000000000009	1058.3209291565458 
0.1210000000000001	1058.2652649991833 
0.1220000000000001	1058.201853469849 
0.1230000000000001	1058.1308530033666 
0.1240000000000001	1058.052424057214 
0.12500000000000008	1057.9667289772924 
0.12600000000000008	1057.8739318643368 
0.12700000000000009	1057.7741984410916 
0.12800000000000009	1057.6676959203728 
0.1290000000000001	1057.5545928741305 
0.1300000000000001	1057.435059103624 
0.1310000000000001	1057.309265510813 
0.1320000000000001	1057.1773839710663 
0.1330000000000001	1057.0395872072856 
0.1340000000000001	1056.8960486655328 
0.1350000000000001	1056.7469423922482 
0.1360000000000001	1056.5924429131437 
0.1370000000000001	1056.4327251138445 
0.1380000000000001	1056.2679641223554 
0.1390000000000001	1056.0983351934187 
0.1400000000000001	1055.9240135948287 
0.1410000000000001	1055.7451744957618 
0.1420000000000001	1055.5619928571787 
0.1430000000000001	1055.3746433243502 
0.1440000000000001	1055.1833001215566 
0.1450000000000001	1054.9881369489997 
0.1460000000000001	1054.789326881974 
0.1470000000000001	1054.5870422723283 
0.1480000000000001	1054.3814546522551 
0.1490000000000001	1054.1727346404343 
0.1500000000000001	1053.9610518505588 
0.1510000000000001	1053.7465748022655 
0.1520000000000001	1053.5294708344911 
0.1530000000000001	1053.3099060212692 
0.1540000000000001	1053.0880450899829 
0.1550000000000001	1052.8640513420853 
0.1560000000000001	1052.6380865762937 
0.1570000000000001	1052.4103110142657 
0.1580000000000001	1052.1808832287581 
0.1590000000000001	1051.9499600742722 
0.16000000000000011	1051.7176966201805 
0.16100000000000012	1051.4842460863338 
0.16200000000000012	1051.2497597811407 
0.16300000000000012	1051.0143870421125 
0.16400000000000012	1050.7782751788625 
0.16500000000000012	1050.5415694185492 
0.16600000000000012	1050.3044128537472 
0.16700000000000012	1050.0669463927322 
0.16800000000000012	1049.829308712163 
0.16900000000000012	1049.5916362121397 
0.17000000000000012	1049.354062973619 
0.17100000000000012	1049.1167207181666 
0.17200000000000013	1048.8797387700204 
0.17300000000000013	1048.6432440204435 
0.17400000000000013	1048.407360894338 
0.17500000000000013	1048.1722113190965 
0.17600000000000013	1047.9379146956614 
0.17700000000000013	1047.7045878717645 
0.17800000000000013	1047.4723451173152 
0.17900000000000013	1047.241298101911 
0.18000000000000013	1047.011555874434 
0.18100000000000013	1046.7832248447048 
0.18200000000000013	1046.556408767161 
0.18300000000000013	1046.3312087265235 
0.18400000000000014	1046.1077231254221 
0.18500000000000014	1045.88604767394 
0.18600000000000014	1045.6662753810474 
0.18700000000000014	1045.4484965478844 
0.18800000000000014	1045.232798762861 
0.18900000000000014	1045.0192668985346 
0.19000000000000014	1044.8079831102318 
0.19100000000000014	1044.5990268363744 
0.19200000000000014	1044.392474800474 
0.19300000000000014	1044.1884010147598 
0.19400000000000014	1043.986876785398 
0.19500000000000015	1043.7879707192685 
0.19600000000000015	1043.5917487322606 
0.19700000000000015	1043.3982740590482 
0.19800000000000015	1043.2076072643085 
0.19900000000000015	1043.0198062553463 
0.20000000000000015	1042.834926296085 
0.20100000000000015	1042.653020022387 
0.20200000000000015	1042.4741374586658 
0.20300000000000015	1042.298326035753 
0.20400000000000015	1042.1256306099804 
0.20500000000000015	1041.9560934834426 
0.20600000000000016	1041.7897544254017 
0.20700000000000016	1041.6266506947952 
0.20800000000000016	1041.466817063814 
0.20900000000000016	1041.3102858425102 
0.21000000000000016	1041.1570869044012 
0.21100000000000016	1041.0072477130313 
0.21200000000000016	1040.8607933494577 
0.21300000000000016	1040.7177465406219 
0.21400000000000016	1040.578127688575 
0.21500000000000016	1040.4419549005188 
0.21600000000000016	1040.3092440196287 
0.21700000000000016	1040.180008656626 
0.21800000000000017	1040.0542602220612 
0.21900000000000017	1039.9320079592812 
0.22000000000000017	1039.8132589780398 
0.22100000000000017	1039.6980182887235 
0.22200000000000017	1039.586288837158 
0.22300000000000017	1039.4780715399647 
0.22400000000000017	1039.373365320433 
0.22500000000000017	1039.2721671448799 
0.22600000000000017	1039.1744720594622 
0.22700000000000017	1039.0802732274165 
0.22800000000000017	1038.9895619666897 
0.22900000000000018	1038.9023277879367 
0.23000000000000018	1038.818558432852 
0.23100000000000018	1038.7382399128073 
0.23200000000000018	1038.6613565477696 
0.23300000000000018	1038.587891005466 
0.23400000000000018	1038.5178243407736 
0.23500000000000018	1038.4511360353044 
0.23600000000000018	1038.3878040371596 
0.23700000000000018	1038.3278048008258 
0.23800000000000018	1038.2711133271898 
0.23900000000000018	1038.2177032036457 
0.24000000000000019	1038.1675466442691 
0.2410000000000002	1038.1206145300348 
0.2420000000000002	1038.0768764490547 
0.2430000000000002	1038.0363007368112 
0.2440000000000002	1037.998854516366 
0.2450000000000002	1037.9645037385185 
0.2460000000000002	1037.933213221895 
0.2470000000000002	1037.904946692946 
0.2480000000000002	1037.879666825831 
0.2490000000000002	1037.8573352821704 
0.25000000000000017	1037.8379127506441 
0.25100000000000017	1037.821358986419 
0.25200000000000017	1037.8076328503853 
0.25300000000000017	1037.796692348182 
0.25400000000000017	1037.7884946689971 
0.25500000000000017	1037.7829962241212 
0.25600000000000017	1037.78015268524 
0.2570000000000002	1037.7799190224473 
0.2580000000000002	1037.782249541966 
0.2590000000000002	1037.787097923556 
0.2600000000000002	1037.7944172575992 
0.2610000000000002	1037.8041600818433 
0.2620000000000002	1037.8162784177928 
0.2630000000000002	1037.830723806731 
0.2640000000000002	1037.8474473453625 
0.2650000000000002	1037.8663997210613 
0.2660000000000002	1037.8875312467121 
0.2670000000000002	1037.9107918951356 
0.2680000000000002	1037.9361313330821 
0.2690000000000002	1037.963498954787 
0.2700000000000002	1037.9928439150738 
0.2710000000000002	1038.0241151619973 
0.2720000000000002	1038.0572614690157 
0.2730000000000002	1038.0922314666825 
0.2740000000000002	1038.1289736738509 
0.2750000000000002	1038.1674365283798 
0.2760000000000002	1038.2075684173367 
0.2770000000000002	1038.2493177066863 
0.2780000000000002	1038.292632770461 
0.2790000000000002	1038.3374620194052 
0.2800000000000002	1038.383753929085 
0.2810000000000002	1038.4314570674633 
0.2820000000000002	1038.4805201219272 
0.2830000000000002	1038.5308919257695 
0.2840000000000002	1038.5825214841145 
0.2850000000000002	1038.635357999287 
0.2860000000000002	1038.6893508956186 
0.2870000000000002	1038.74444984369 
0.2880000000000002	1038.800604784003 
0.2890000000000002	1038.857765950082 
0.2900000000000002	1038.9158838910007 
0.2910000000000002	1038.9749094933345 
0.2920000000000002	1039.034794002533 
0.2930000000000002	1039.095489043715 
0.2940000000000002	1039.1569466418812 
0.2950000000000002	1039.219119241549 
0.2960000000000002	1039.2819597258022 
0.2970000000000002	1039.3454214347612 
0.2980000000000002	1039.4094581834722 
0.2990000000000002	1039.4740242792136 
0.3000000000000002	1039.539074538224 
0.3010000000000002	1039.6045643018513 
0.3020000000000002	1039.670449452123 
0.3030000000000002	1039.7366864267422 
0.3040000000000002	1039.803232233509 
0.3050000000000002	1039.8700444641706 
0.3060000000000002	1039.9370813077019 
0.3070000000000002	1040.0043015630208 
0.3080000000000002	1040.07166465114 
0.3090000000000002	1040.139130626759 
0.3100000000000002	1040.2066601892984 
0.3110000000000002	1040.274214693385 
0.3120000000000002	1040.3417561587842 
0.3130000000000002	1040.409247279792 
0.3140000000000002	1040.4766514340847 
0.3150000000000002	1040.5439326910341 
0.3160000000000002	1040.611055819493 
0.3170000000000002	1040.677986295055 
0.3180000000000002	1040.7446903067953 
0.31900000000000023	1040.8111347634954 
0.32000000000000023	1040.877287299361 
0.32100000000000023	1040.943116279236 
0.32200000000000023	1041.0085908033195 
0.32300000000000023	1041.0736807113926 
0.32400000000000023	1041.1383565865606 
0.32500000000000023	1041.202589758517 
0.32600000000000023	1041.2663523063366 
0.32700000000000023	1041.3296170608041 
0.32800000000000024	1041.3923576062848 
0.32900000000000024	1041.4545482821447 
0.33000000000000024	1041.5161641837278 
0.33100000000000024	1041.577181162896 
0.33200000000000024	1041.637575828142 
0.33300000000000024	1041.6973255442786 
0.33400000000000024	1041.7564084317164 
0.33500000000000024	1041.8148033653347 
0.33600000000000024	1041.8724899729534 
0.33700000000000024	1041.9294486334154 
0.33800000000000024	1041.9856604742865 
0.33900000000000025	1042.04110736918 
0.34000000000000025	1042.0957719347157 
0.34100000000000025	1042.1496375271195 
0.34200000000000025	1042.2026882384741 
0.34300000000000025	1042.2549088926273 
0.34400000000000025	1042.306285040766 
0.34500000000000025	1042.3568029566652 
0.34600000000000025	1042.406449631621 
0.34700000000000025	1042.4552127690722 
0.34800000000000025	1042.503080778925 
0.34900000000000025	1042.550042771584 
0.35000000000000026	1042.5960885516984 
0.35100000000000026	1042.6412086116366 
0.35200000000000026	1042.685394124691 
0.35300000000000026	1042.728636938026 
0.35400000000000026	1042.770929565377 
0.35500000000000026	1042.812265179506 
0.35600000000000026	1042.8526376044263 
0.35700000000000026	1042.892041307401 
0.35800000000000026	1042.9304713907272 
0.35900000000000026	1042.9679235833098 
0.36000000000000026	1043.0043942320383 
0.36100000000000027	1043.0398802929708 
0.36200000000000027	1043.0743793223353 
0.36300000000000027	1043.107889467356 
0.36400000000000027	1043.1404094569132 
0.36500000000000027	1043.171938592044 
0.36600000000000027	1043.202476736293 
0.36700000000000027	1043.2320243059198 
0.36800000000000027	1043.2605822599728 
0.36900000000000027	1043.2881520902342 
0.3700000000000003	1043.3147358110477 
0.3710000000000003	1043.3403359490344 
0.3720000000000003	1043.3649555327045 
0.3730000000000003	1043.388598081973 
0.3740000000000003	1043.411267597587 
0.3750000000000003	1043.4329685504717 
0.3760000000000003	1043.4537058710023 
0.3770000000000003	1043.4734849382087 
0.3780000000000003	1043.492311568922 
0.3790000000000003	1043.510192006867 
0.3800000000000003	1043.5271329117102 
0.3810000000000003	1043.543141348068 
0.3820000000000003	1043.5582247744846 
0.3830000000000003	1043.5723910323832 
0.3840000000000003	1043.5856483349987 
0.3850000000000003	1043.598005256299 
0.3860000000000003	1043.6094707198997 
0.3870000000000003	1043.6200539879792 
0.3880000000000003	1043.6297646502005 
0.3890000000000003	1043.6386126126456 
0.3900000000000003	1043.6466080867676 
0.3910000000000003	1043.6537615783682 
0.3920000000000003	1043.660083876604 
0.3930000000000003	1043.6655860430292 
0.3940000000000003	1043.6702794006783 
0.3950000000000003	1043.6741755231958 
0.3960000000000003	1043.6772862240173 
0.3970000000000003	1043.6796235456065 
0.3980000000000003	1043.6811997487548 
0.3990000000000003	1043.6820273019466 
0.4000000000000003	1043.6821188707956 
0.4010000000000003	1043.6814873075573 
0.4020000000000003	1043.6801456407218 
0.4030000000000003	1043.6781070646905 
0.4040000000000003	1043.6753849295426 
0.4050000000000003	1043.6719927308939 
0.4060000000000003	1043.6679440998523 
0.4070000000000003	1043.6632527930758 
0.4080000000000003	1043.6579326829321 
0.4090000000000003	1043.6519977477697 
0.4100000000000003	1043.645462062298 
0.4110000000000003	1043.6383397880847 
0.4120000000000003	1043.63064516417 
0.4130000000000003	1043.622392497802 
0.4140000000000003	1043.6135961552989 
0.4150000000000003	1043.6042705530358 
0.4160000000000003	1043.5944301485636 
0.4170000000000003	1043.5840894318592 
0.4180000000000003	1043.5732629167126 
0.4190000000000003	1043.5619651322504 
0.4200000000000003	1043.5502106146002 
0.4210000000000003	1043.5380138986966 
0.4220000000000003	1043.5253895102317 
0.4230000000000003	1043.512351957752 
0.4240000000000003	1043.4989157249026 
0.4250000000000003	1043.4850952628226 
0.4260000000000003	1043.4709049826897 
0.4270000000000003	1043.4563592484199 
0.4280000000000003	1043.4414723695188 
0.4290000000000003	1043.4262585940917 
0.4300000000000003	1043.4107321020065 
0.4310000000000003	1043.394906998218 
0.43200000000000033	1043.3787973062474 
0.43300000000000033	1043.362416961824 
0.43400000000000033	1043.3457798066854 
0.43500000000000033	1043.3288995825392 
0.43600000000000033	1043.3117899251856 
0.43700000000000033	1043.2944643588028 
0.43800000000000033	1043.2769362903928 
0.43900000000000033	1043.2592190043918 
0.44000000000000034	1043.241325657441 
0.44100000000000034	1043.223269273321 
0.44200000000000034	1043.205062738049 
0.44300000000000034	1043.1867187951382 
0.44400000000000034	1043.1682500410186 
0.44500000000000034	1043.1496689206206 
0.44600000000000034	1043.1309877231201 
0.44700000000000034	1043.1122185778443 
0.44800000000000034	1043.0933734503378 
0.44900000000000034	1043.0744641385897 
0.45000000000000034	1043.0555022694184 
0.45100000000000035	1043.0364992950151 
0.45200000000000035	1043.0174664896465 
0.45300000000000035	1042.9984149465113 
0.45400000000000035	1042.979355574755 
0.45500000000000035	1042.960299096637 
0.45600000000000035	1042.9412560448534 
0.45700000000000035	1042.9222367600091 
0.45800000000000035	1042.903251388244 
0.45900000000000035	1042.884309879006 
0.46000000000000035	1042.8654219829748 
0.46100000000000035	1042.8465972501301 
0.46200000000000035	1042.827845027967 
0.46300000000000036	1042.8091744598535 
0.46400000000000036	1042.7905944835313 
0.46500000000000036	1042.772113829757 
0.46600000000000036	1042.7537410210814 
0.46700000000000036	1042.7354843707658 
0.46800000000000036	1042.717351981835 
0.46900000000000036	1042.6993517462613 
0.47000000000000036	1042.6814913442818 
0.47100000000000036	1042.6637782438445 
0.47200000000000036	1042.6462197001824 
0.47300000000000036	1042.6288227555128 
0.47400000000000037	1042.61159423886 
0.47500000000000037	1042.5945407660004 
0.47600000000000037	1042.5776687395257 
0.47700000000000037	1042.5609843490247 
0.47800000000000037	1042.544493571379 
0.47900000000000037	1042.5282021711728 
0.48000000000000037	1042.5121157012125 
0.48100000000000037	1042.4962395031548 
0.4820000000000004	1042.4805787082419 
0.4830000000000004	1042.46513823814 
0.4840000000000004	1042.4499228058799 
0.4850000000000004	1042.4349369168956 
0.4860000000000004	1042.4201848701625 
0.4870000000000004	1042.405670759428 
0.4880000000000004	1042.3913984745354 
0.4890000000000004	1042.377371702839 
0.4900000000000004	1042.3635939307037 
0.4910000000000004	1042.3500684450935 
0.4920000000000004	1042.336798335241 
0.4930000000000004	1042.3237864943972 
0.4940000000000004	1042.3110356216605 
0.4950000000000004	1042.298548223881 
0.4960000000000004	1042.2863266176378 
0.4970000000000004	1042.2743729312883 
0.4980000000000004	1042.2626891070852 
0.4990000000000004	1042.2512769033597 
0.5000000000000003	1042.2401378967695 
0.5010000000000003	1042.2292734846078 
0.5020000000000003	1042.2186848871706 
0.5030000000000003	1042.208373150182 
0.5040000000000003	1042.1983391472743 
0.5050000000000003	1042.1885835825176 
0.5060000000000003	1042.179106993003 
0.5070000000000003	1042.1699097514702 
0.5080000000000003	1042.1609920689814 
0.5090000000000003	1042.1523539976386 
0.5100000000000003	1042.1439954333405 
0.5110000000000003	1042.1359161185794 
0.5120000000000003	1042.1281156452726 
0.5130000000000003	1042.120593457628 
0.5140000000000003	1042.1133488550433 
0.5150000000000003	1042.1063809950326 
0.5160000000000003	1042.0996888961813 
0.5170000000000003	1042.093271441127 
0.5180000000000003	1042.0871273795626 
0.5190000000000003	1042.081255331262 
0.5200000000000004	1042.0756537891227 
0.5210000000000004	1042.070321122228 
0.5220000000000004	1042.065255578923 
0.5230000000000004	1042.0604552899026 
0.5240000000000004	1042.055918271314 
0.5250000000000004	1042.051642427865 
0.5260000000000004	1042.0476255559417 
0.5270000000000004	1042.0438653467309 
0.5280000000000004	1042.0403593893466 
0.5290000000000004	1042.0371051739583 
0.5300000000000004	1042.034100094919 
0.5310000000000004	1042.0313414538925 
0.5320000000000004	1042.0288264629762 
0.5330000000000004	1042.0265522478198 
0.5340000000000004	1042.024515850737 
0.5350000000000004	1042.0227142338092 
0.5360000000000004	1042.0211442819784 
0.5370000000000004	1042.0198028061302 
0.5380000000000004	1042.018686546163 
0.5390000000000004	1042.0177921740428 
0.5400000000000004	1042.0171162968422 
0.5410000000000004	1042.016655459763 
0.5420000000000004	1042.0164061491382 
0.5430000000000004	1042.016364795417 
0.5440000000000004	1042.016527776126 
0.5450000000000004	1042.0168914188082 
0.5460000000000004	1042.01745200394 
0.5470000000000004	1042.0182057678214 
0.5480000000000004	1042.0191489054407 
0.5490000000000004	1042.0202775733121 
0.5500000000000004	1042.0215878922843 
0.5510000000000004	1042.0230759503208 
0.5520000000000004	1042.0247378052484 
0.5530000000000004	1042.0265694874754 
0.5540000000000004	1042.0285670026767 
0.5550000000000004	1042.0307263344455 
0.5560000000000004	1042.0330434469113 
0.5570000000000004	1042.0355142873225 
0.5580000000000004	1042.0381347885932 
0.5590000000000004	1042.0409008718134 
0.5600000000000004	1042.0438084487214 
0.5610000000000004	1042.0468534241381 
0.5620000000000004	1042.0500316983632 
0.5630000000000004	1042.053339169531 
0.5640000000000004	1042.0567717359263 
0.5650000000000004	1042.0603252982605 
0.5660000000000004	1042.063995761905 
0.5670000000000004	1042.0677790390841 
0.5680000000000004	1042.0716710510249 
0.5690000000000004	1042.0756677300644 
0.5700000000000004	1042.079765021715 
0.5710000000000004	1042.0839588866843 
0.5720000000000004	1042.0882453028526 
0.5730000000000004	1042.0926202672051 
0.5740000000000004	1042.0970797977213 
0.5750000000000004	1042.1016199352175 
0.5760000000000004	1042.106236745146 
0.5770000000000004	1042.1109263193475 
0.5780000000000004	1042.1156847777606 
0.5790000000000004	1042.1205082700826 
0.5800000000000004	1042.1253929773875 
0.5810000000000004	1042.130335113696 
0.5820000000000004	1042.1353309275012 
0.5830000000000004	1042.1403767032477 
0.5840000000000004	1042.145468762765 
0.5850000000000004	1042.1506034666543 
0.5860000000000004	1042.1557772156314 
0.5870000000000004	1042.1609864518214 
0.5880000000000004	1042.1662276600093 
0.5890000000000004	1042.1714973688445 
0.5900000000000004	1042.1767921519993 
0.5910000000000004	1042.182108629283 
0.5920000000000004	1042.1874434677109 
0.5930000000000004	1042.1927933825266 
0.5940000000000004	1042.1981551381823 
0.5950000000000004	1042.2035255492724 
0.5960000000000004	1042.2089014814235 
0.5970000000000004	1042.214279852141 
0.5980000000000004	1042.2196576316119 
0.5990000000000004	1042.2250318434628 
0.6000000000000004	1042.2303995654777 
0.6010000000000004	1042.2357579302707 
0.6020000000000004	1042.2411041259172 
0.6030000000000004	1042.2464353965443 
0.6040000000000004	1042.2517490428777 
0.6050000000000004	1042.2570424227492 
0.6060000000000004	1042.2623129515634 
0.6070000000000004	1042.2675581027233 
0.6080000000000004	1042.2727754080172 
0.6090000000000004	1042.2779624579657 
0.6100000000000004	1042.2831169021306 
0.6110000000000004	1042.2882364493853 
0.6120000000000004	1042.2933188681477 
0.6130000000000004	1042.2983619865752 
0.6140000000000004	1042.3033636927241 
0.6150000000000004	1042.308321934673 
0.6160000000000004	1042.313234720609 
0.6170000000000004	1042.3181001188816 
0.6180000000000004	1042.3229162580199 
0.6190000000000004	1042.327681326717 
0.6200000000000004	1042.3323935737826 
0.6210000000000004	1042.3370513080602 
0.6220000000000004	1042.3416528983146 
0.6230000000000004	1042.3461967730875 
0.6240000000000004	1042.3506814205227 
0.6250000000000004	1042.3551053881604 
0.6260000000000004	1042.3594672827023 
0.6270000000000004	1042.3637657697498 
0.6280000000000004	1042.367999573511 
0.6290000000000004	1042.3721674764831 
0.6300000000000004	1042.376268319106 
0.6310000000000004	1042.3803009993906 
0.6320000000000005	1042.384264472522 
0.6330000000000005	1042.3881577504378 
0.6340000000000005	1042.391979901381 
0.6350000000000005	1042.3957300494314 
0.6360000000000005	1042.3994073740128 
0.6370000000000005	1042.4030111093784 
0.6380000000000005	1042.4065405440758 
0.6390000000000005	1042.4099950203893 
0.6400000000000005	1042.4133739337635 
0.6410000000000005	1042.4166767322076 
0.6420000000000005	1042.4199029156803 
0.6430000000000005	1042.4230520354563 
0.6440000000000005	1042.426123693477 
0.6450000000000005	1042.4291175416824 
0.6460000000000005	1042.4320332813288 
0.6470000000000005	1042.4348706622895 
0.6480000000000005	1042.4376294823417 
0.6490000000000005	1042.440309586439 
0.6500000000000005	1042.442910865971 
0.6510000000000005	1042.445433258009 
0.6520000000000005	1042.4478767445403 
0.6530000000000005	1042.4502413516911 
0.6540000000000005	1042.452527148938 
0.6550000000000005	1042.4547342483097 
0.6560000000000005	1042.4568628035781 
0.6570000000000005	1042.4589130094423 
0.6580000000000005	1042.4608851007024 
0.6590000000000005	1042.462779351426 
0.6600000000000005	1042.464596074108 
0.6610000000000005	1042.466335618823 
0.6620000000000005	1042.4679983723727 
0.6630000000000005	1042.4695847574264 
0.6640000000000005	1042.4710952316586 
0.6650000000000005	1042.47253028688 
0.6660000000000005	1042.4738904481671 
0.6670000000000005	1042.4751762729863 
0.6680000000000005	1042.4763883503174 
0.6690000000000005	1042.4775272997736 
0.6700000000000005	1042.4785937707206 
0.6710000000000005	1042.4795884413945 
0.6720000000000005	1042.4805120180185 
0.6730000000000005	1042.4813652339205 
0.6740000000000005	1042.4821488486505 
0.6750000000000005	1042.4828636470993 
0.6760000000000005	1042.4835104386182 
0.6770000000000005	1042.4840900561405 
0.6780000000000005	1042.484603355306 
0.6790000000000005	1042.4850512135874 
0.6800000000000005	1042.4854345294202 
0.6810000000000005	1042.4857542213367 
0.6820000000000005	1042.4860112271028 
0.6830000000000005	1042.486206502861 
0.6840000000000005	1042.486341022276 
0.6850000000000005	1042.486415775688 
0.6860000000000005	1042.48643176927 
0.6870000000000005	1042.4863900241903 
0.6880000000000005	1042.4862915757847 
0.6890000000000005	1042.486137472731 
0.6900000000000005	1042.4859287762335 
0.6910000000000005	1042.4856665592151 
0.6920000000000005	1042.485351905514 
0.6930000000000005	1042.4849859090923 
0.6940000000000005	1042.484569673249 
0.6950000000000005	1042.4841043098459 
0.6960000000000005	1042.4835909385374 
0.6970000000000005	1042.4830306860147 
0.6980000000000005	1042.4824246852545 
0.6990000000000005	1042.4817740747808 
0.7000000000000005	1042.4810799979348 
0.7010000000000005	1042.480343602156 
0.7020000000000005	1042.4795660382724 
0.7030000000000005	1042.4787484598028 
0.7040000000000005	1042.4778920222677 
0.7050000000000005	1042.476997882514 
0.7060000000000005	1042.4760671980482 
0.7070000000000005	1042.475101126382 
0.7080000000000005	1042.47410082439 
0.7090000000000005	1042.4730674476777 
0.7100000000000005	1042.4720021499625 
0.7110000000000005	1042.4709060824653 
0.7120000000000005	1042.4697803933157 
0.7130000000000005	1042.468626226968 
0.7140000000000005	1042.46744472363 
0.7150000000000005	1042.4662370187052 
0.7160000000000005	1042.4650042422445 
0.7170000000000005	1042.4637475184143 
0.7180000000000005	1042.4624679649742 
0.7190000000000005	1042.461166692769 
0.7200000000000005	1042.4598448052325 
0.7210000000000005	1042.4585033979054 
0.7220000000000005	1042.4571435579644 
0.7230000000000005	1042.4557663637654 
0.7240000000000005	1042.4543728843992 
0.7250000000000005	1042.45296417926 
0.7260000000000005	1042.4515412976277 
0.7270000000000005	1042.450105278261 
0.7280000000000005	1042.4486571490063 
0.7290000000000005	1042.4471979264176 
0.7300000000000005	1042.44572861539 
0.7310000000000005	1042.4442502088057 
0.7320000000000005	1042.4427636871935 
0.7330000000000005	1042.4412700184005 
0.7340000000000005	1042.439770157277 
0.7350000000000005	1042.4382650453745 
0.7360000000000005	1042.4367556106547 
0.7370000000000005	1042.4352427672138 
0.7380000000000005	1042.4337274150166 
0.7390000000000005	1042.4322104396454 
0.7400000000000005	1042.4306927120592 
0.7410000000000005	1042.4291750883679 
0.7420000000000005	1042.4276584096156 
0.7430000000000005	1042.4261435015783 
0.7440000000000005	1042.4246311745728 
0.7450000000000006	1042.423122223278 
0.7460000000000006	1042.4216174265669 
0.7470000000000006	1042.4201175473518 
0.7480000000000006	1042.4186233324403 
0.7490000000000006	1042.4171355124026 
0.7500000000000006	1042.4156548014505 
0.7510000000000006	1042.4141818973274 
0.7520000000000006	1042.4127174812093 
0.7530000000000006	1042.4112622176178 
0.7540000000000006	1042.4098167543418 
0.7550000000000006	1042.408381722372 
0.7560000000000006	1042.4069577358443 
0.7570000000000006	1042.4055453919946 
0.7580000000000006	1042.4041452711226 
0.7590000000000006	1042.4027579365677 
0.7600000000000006	1042.4013839346924 
0.7610000000000006	1042.4000237948767 
0.7620000000000006	1042.398678029522 
0.7630000000000006	1042.397347134064 
0.7640000000000006	1042.3960315869947 
0.7650000000000006	1042.3947318498945 
0.7660000000000006	1042.393448367471 
0.7670000000000006	1042.392181567609 
0.7680000000000006	1042.3909318614274 
0.7690000000000006	1042.3896996433443 
0.7700000000000006	1042.3884852911515 
0.7710000000000006	1042.3872891660953 
0.7720000000000006	1042.3861116129667 
0.7730000000000006	1042.3849529601976 
0.7740000000000006	1042.3838135199658 
0.7750000000000006	1042.3826935883062 
0.7760000000000006	1042.3815934452296 
0.7770000000000006	1042.3805133548478 
0.7780000000000006	1042.379453565506 
0.7790000000000006	1042.378414309921 
0.7800000000000006	1042.377395805326 
0.7810000000000006	1042.376398253621 
0.7820000000000006	1042.37542184153 
0.7830000000000006	1042.3744667407634 
0.7840000000000006	1042.3735331081855 
0.7850000000000006	1042.3726210859872 
0.7860000000000006	1042.3717308018652 
0.7870000000000006	1042.3708623692044 
0.7880000000000006	1042.3700158872664 
0.7890000000000006	1042.3691914413814 
0.7900000000000006	1042.3683891031453 
0.7910000000000006	1042.367608930621 
0.7920000000000006	1042.3668509685426 
0.7930000000000006	1042.3661152485251 
0.7940000000000006	1042.365401789276 
0.7950000000000006	1042.3647105968116 
0.7960000000000006	1042.3640416646765 
0.7970000000000006	1042.363394974165 
0.7980000000000006	1042.3627704945468 
0.7990000000000006	1042.3621681832947 
0.8000000000000006	1042.361587986315 
0.8010000000000006	1042.3610298381805 
0.8020000000000006	1042.3604936623647 
0.8030000000000006	1042.3599793714802 
0.8040000000000006	1042.3594868675168 
0.8050000000000006	1042.359016042082 
0.8060000000000006	1042.3585667766436 
0.8070000000000006	1042.3581389427732 
0.8080000000000006	1042.357732402391 
0.8090000000000006	1042.3573470080116 
0.8100000000000006	1042.356982602991 
0.8110000000000006	1042.3566390217732 
0.8120000000000006	1042.3563160901401 
0.8130000000000006	1042.356013625459 
0.8140000000000006	1042.355731436931 
0.8150000000000006	1042.3554693258413 
0.8160000000000006	1042.3552270858079 
0.8170000000000006	1042.3550045030306 
0.8180000000000006	1042.3548013565394 
0.8190000000000006	1042.3546174184435 
0.8200000000000006	1042.354452454179 
0.8210000000000006	1042.3543062227557 
0.8220000000000006	1042.3541784770043 
0.8230000000000006	1042.3540689638219 
0.8240000000000006	1042.353977424416 
0.8250000000000006	1042.3539035945482 
0.8260000000000006	1042.3538472047771 
0.8270000000000006	1042.3538079806983 
0.8280000000000006	1042.353785643184 
0.8290000000000006	1042.3537799086207 
0.8300000000000006	1042.3537904891464 
0.8310000000000006	1042.3538170928832 
0.8320000000000006	1042.3538594241713 
0.8330000000000006	1042.3539171837988 
0.8340000000000006	1042.3539900692301 
0.8350000000000006	1042.3540777748326 
0.8360000000000006	1042.3541799921004 
0.8370000000000006	1042.354296409876 
0.8380000000000006	1042.35442671457 
0.8390000000000006	1042.3545705903773 
0.8400000000000006	1042.3547277194916 
0.8410000000000006	1042.3548977823173 
0.8420000000000006	1042.3550804576778 
0.8430000000000006	1042.355275423022 
0.8440000000000006	1042.3554823546274 
0.8450000000000006	1042.3557009278004 
0.8460000000000006	1042.3559308170736 
0.8470000000000006	1042.3561716964005 
0.8480000000000006	1042.3564232393458 
0.8490000000000006	1042.356685119275 
0.8500000000000006	1042.3569570095378 
0.8510000000000006	1042.3572385836508 
0.8520000000000006	1042.3575295154753 
0.8530000000000006	1042.3578294793929 
0.8540000000000006	1042.3581381504766 
0.8550000000000006	1042.35845520466 
0.8560000000000006	1042.3587803189012 
0.8570000000000007	1042.359113171345 
0.8580000000000007	1042.3594534414804 
0.8590000000000007	1042.3598008102954 
0.8600000000000007	1042.3601549604277 
0.8610000000000007	1042.3605155763123 
0.8620000000000007	1042.3608823443246 
0.8630000000000007	1042.3612549529212 
0.8640000000000007	1042.3616330927762 
0.8650000000000007	1042.3620164569143 
0.8660000000000007	1042.3624047408398 
0.8670000000000007	1042.3627976426626 
0.8680000000000007	1042.3631948632196 
0.8690000000000007	1042.3635961061939 
0.8700000000000007	1042.3640010782285 
0.8710000000000007	1042.364409489038 
0.8720000000000007	1042.3648210515162 
0.8730000000000007	1042.3652354818391 
0.8740000000000007	1042.3656524995654 
0.8750000000000007	1042.3660718277326 
0.8760000000000007	1042.3664931929507 
0.8770000000000007	1042.3669163254904 
0.8780000000000007	1042.3673409593694 
0.8790000000000007	1042.3677668324342 
0.8800000000000007	1042.3681936864384 
0.8810000000000007	1042.368621267118 
0.8820000000000007	1042.3690493242625 
0.8830000000000007	1042.3694776117832 
0.8840000000000007	1042.369905887777 
0.8850000000000007	1042.3703339145877 
0.8860000000000007	1042.3707614588643 
0.8870000000000007	1042.3711882916134 
0.8880000000000007	1042.3716141882517 
0.8890000000000007	1042.3720389286523 
0.8900000000000007	1042.3724622971897 
0.8910000000000007	1042.3728840827796 
0.8920000000000007	1042.3733040789177 
0.8930000000000007	1042.3737220837131 
0.8940000000000007	1042.3741378999202 
0.8950000000000007	1042.3745513349668 
0.8960000000000007	1042.3749622009782 
0.8970000000000007	1042.3753703148006 
0.8980000000000007	1042.3757754980195 
0.8990000000000007	1042.376177576975 
0.9000000000000007	1042.3765763827755 
0.9010000000000007	1042.3769717513087 
0.9020000000000007	1042.3773635232474 
0.9030000000000007	1042.377751544055 
0.9040000000000007	1042.3781356639875 
0.9050000000000007	1042.3785157380921 
0.9060000000000007	1042.3788916262044 
0.9070000000000007	1042.3792631929416 
0.9080000000000007	1042.379630307694 
0.9090000000000007	1042.3799928446142 
0.9100000000000007	1042.3803506826036 
0.9110000000000007	1042.380703705296 
0.9120000000000007	1042.381051801039 
0.9130000000000007	1042.3813948628742 
0.9140000000000007	1042.3817327885142 
0.9150000000000007	1042.382065480317 
0.9160000000000007	1042.3823928452587 
0.9170000000000007	1042.3827147949048 
0.9180000000000007	1042.3830312453788 
0.9190000000000007	1042.3833421173285 
0.9200000000000007	1042.3836473358913 
0.9210000000000007	1042.3839468306562 
0.9220000000000007	1042.3842405356256 
0.9230000000000007	1042.3845283891746 
0.9240000000000007	1042.3848103340083 
0.9250000000000007	1042.3850863171176 
0.9260000000000007	1042.3853562897339 
0.9270000000000007	1042.3856202072814 
0.9280000000000007	1042.3858780293288 
0.9290000000000007	1042.3861297195388 
0.9300000000000007	1042.3863752456168 
0.9310000000000007	1042.3866145792576 
0.9320000000000007	1042.3868476960915 
0.9330000000000007	1042.3870745756285 
0.9340000000000007	1042.3872952012023 
0.9350000000000007	1042.3875095599117 
0.9360000000000007	1042.3877176425622 
0.9370000000000007	1042.3879194436065 
0.9380000000000007	1042.388114961083 
0.9390000000000007	1042.388304196554 
0.9400000000000007	1042.3884871550438 
0.9410000000000007	1042.3886638449746 
0.9420000000000007	1042.3888342781024 
0.9430000000000007	1042.3889984694522 
0.9440000000000007	1042.3891564372518 
0.9450000000000007	1042.3893082028665 
0.9460000000000007	1042.389453790731 
0.9470000000000007	1042.3895932282835 
0.9480000000000007	1042.3897265458966 
0.9490000000000007	1042.389853776809 
0.9500000000000007	1042.3899749570578 
0.9510000000000007	1042.3900901254085 
0.9520000000000007	1042.3901993232862 
0.9530000000000007	1042.3903025947054 
0.9540000000000007	1042.390399986201 
0.9550000000000007	1042.390491546757 
0.9560000000000007	1042.390577327738 
0.9570000000000007	1042.3906573828172 
0.9580000000000007	1042.390731767908 
0.9590000000000007	1042.3908005410917 
0.9600000000000007	1042.3908637625489 
0.9610000000000007	1042.3909214944883 
0.9620000000000007	1042.3909738010768 
0.9630000000000007	1042.39102074837 
0.9640000000000007	1042.3910624042417 
0.9650000000000007	1042.3910988383145 
0.9660000000000007	1042.3911301218911 
0.9670000000000007	1042.3911563278843 
0.9680000000000007	1042.3911775307492 
0.9690000000000007	1042.3911938064143 
0.9700000000000008	1042.3912052322132 
0.9710000000000008	1042.3912118868177 
0.9720000000000008	1042.3912138501705 
0.9730000000000008	1042.391211203418 
0.9740000000000008	1042.3912040288446 
0.9750000000000008	1042.3911924098072 
0.9760000000000008	1042.3911764306695 
0.9770000000000008	1042.3911561767381 
0.9780000000000008	1042.3911317341983 
0.9790000000000008	1042.391103190051 
0.9800000000000008	1042.3910706320494 
0.9810000000000008	1042.3910341486383 
0.9820000000000008	1042.3909938288919 
0.9830000000000008	1042.3909497624536 
0.9840000000000008	1042.390902039476 
0.9850000000000008	1042.3908507505628 
0.9860000000000008	1042.390795986709 
0.9870000000000008	1042.390737839245 
0.9880000000000008	1042.3906763997793 
0.9890000000000008	1042.3906117601427 
0.9900000000000008	1042.3905440123337 
0.9910000000000008	1042.3904732484643 
0.9920000000000008	1042.3903995607068 
0.9930000000000008	1042.3903230412416 
0.9940000000000008	1042.3902437822057 
0.9950000000000008	1042.390161875643 
0.9960000000000008	1042.3900774134536 
0.9970000000000008	1042.3899904873467 
0.9980000000000008	1042.3899011887918 
0.9990000000000008	1042.3898096089724 
1.0000000000000007	1042.389715838741 
1.0010000000000006	1042.3896199685737 
1.0020000000000004	1042.389522088527 
1.0030000000000003	1042.389422288195 
1.0040000000000002	1042.3893206566675 
1.0050000000000001	1042.3892172824897 
1.006	1042.3891122536227 
1.007	1042.3890056574044 
1.0079999999999998	1042.3888975805119 
1.0089999999999997	1042.3887881089258 
1.0099999999999996	1042.3886773278937 
1.0109999999999995	1042.388565321896 
1.0119999999999993	1042.388452174613 
1.0129999999999992	1042.388337968891 
1.0139999999999991	1042.3882227867127 
1.014999999999999	1042.3881067091659 
1.015999999999999	1042.3879898164137 
1.0169999999999988	1042.3878721876672 
1.0179999999999987	1042.3877539011576 
1.0189999999999986	1042.3876350341097 
1.0199999999999985	1042.3875156627175 
1.0209999999999984	1042.387395862119 
1.0219999999999982	1042.3872757063737 
1.0229999999999981	1042.3871552684398 
1.023999999999998	1042.3870346201534 
1.024999999999998	1042.3869138322084 
1.0259999999999978	1042.3867929741368 
1.0269999999999977	1042.3866721142906 
1.0279999999999976	1042.3865513198248 
1.0289999999999975	1042.3864306566807 
1.0299999999999974	1042.3863101895706 
1.0309999999999973	1042.3861899819638 
1.0319999999999971	1042.3860700960727 
1.032999999999997	1042.3859505928403 
1.033999999999997	1042.3858315319294 
1.0349999999999968	1042.3857129717105 
1.0359999999999967	1042.3855949692531 
1.0369999999999966	1042.3854775803168 
1.0379999999999965	1042.3853608593424 
1.0389999999999964	1042.3852448594457 
1.0399999999999963	1042.3851296324112 
1.0409999999999962	1042.385015228686 
1.041999999999996	1042.3849016973754 
1.042999999999996	1042.38478908624 
1.0439999999999958	1042.3846774416918 
1.0449999999999957	1042.3845668087922 
1.0459999999999956	1042.3844572312512 
1.0469999999999955	1042.3843487514262 
1.0479999999999954	1042.3842414103224 
1.0489999999999953	1042.3841352475938 
1.0499999999999952	1042.3840303015447 
1.050999999999995	1042.3839266091327 
1.051999999999995	1042.3838242059705 
1.0529999999999948	1042.3837231263312 
1.0539999999999947	1042.383623403152 
1.0549999999999946	1042.3835250680386 
1.0559999999999945	1042.3834281512725 
1.0569999999999944	1042.3833326818162 
1.0579999999999943	1042.3832386873212 
1.0589999999999942	1042.3831461941345 
1.059999999999994	1042.3830552273078 
1.060999999999994	1042.3829658106058 
1.0619999999999938	1042.3828779665157 
1.0629999999999937	1042.3827917162573 
1.0639999999999936	1042.382707079793 
1.0649999999999935	1042.3826240758387 
1.0659999999999934	1042.3825427218762 
1.0669999999999933	1042.3824630341642 
1.0679999999999932	1042.3823850277508 
1.068999999999993	1042.3823087164867 
1.069999999999993	1042.3822341130383 
1.0709999999999928	1042.3821612289014 
1.0719999999999927	1042.3820900744156 
1.0729999999999926	1042.3820206587784 
1.0739999999999925	1042.3819529900604 
1.0749999999999924	1042.3818870752207 
1.0759999999999923	1042.381822920122 
1.0769999999999922	1042.3817605295471 
1.077999999999992	1042.381699907215 
1.078999999999992	1042.3816410557977 
1.0799999999999919	1042.3815839769359 
1.0809999999999917	1042.3815286712581 
1.0819999999999916	1042.3814751383964 
1.0829999999999915	1042.381423377005 
1.0839999999999914	1042.3813733847776 
1.0849999999999913	1042.3813251584663 
1.0859999999999912	1042.3812786938988 
1.086999999999991	1042.3812339859976 
1.087999999999991	1042.3811910287989 
1.0889999999999909	1042.3811498154707 
1.0899999999999908	1042.3811103383327 
1.0909999999999906	1042.3810725888745 
1.0919999999999905	1042.3810365577758 
1.0929999999999904	1042.381002234925 
1.0939999999999903	1042.3809696094393 
1.0949999999999902	1042.3809386696837 
1.09599999999999	1042.380909403291 
1.09699999999999	1042.3808817971817 
1.0979999999999899	1042.380855837583 
1.0989999999999898	1042.3808315100498 
1.0999999999999897	1042.380808799483 
1.1009999999999895	1042.3807876901506 
1.1019999999999894	1042.380768165707 
1.1029999999999893	1042.380750209213 
1.1039999999999892	1042.3807338031552 
1.104999999999989	1042.3807189294666 
1.105999999999989	1042.3807055695456 
1.1069999999999889	1042.380693704276 
1.1079999999999888	1042.380683314046 
1.1089999999999887	1042.3806743787698 
1.1099999999999886	1042.380666877904 
1.1109999999999884	1042.38066079047 
1.1119999999999883	1042.3806560950713 
1.1129999999999882	1042.3806527699135 
1.113999999999988	1042.380650792823 
1.114999999999988	1042.3806501412664 
1.115999999999988	1042.3806507923694 
1.1169999999999878	1042.3806527229347 
1.1179999999999877	1042.3806559094614 
1.1189999999999876	1042.380660328163 
1.1199999999999875	1042.3806659549855 
1.1209999999999873	1042.3806727656256 
1.1219999999999872	1042.3806807355488 
1.1229999999999871	1042.3806898400067 
1.123999999999987	1042.3807000540542 
1.124999999999987	1042.380711352568 
1.1259999999999868	1042.3807237102621 
1.1269999999999867	1042.3807371017065 
1.1279999999999866	1042.3807515013418 
1.1289999999999865	1042.3807668834975 
1.1299999999999863	1042.380783222407 
1.1309999999999862	1042.3808004922244 
1.1319999999999861	1042.3808186670392 
1.132999999999986	1042.3808377208932 
1.133999999999986	1042.3808576277947 
1.1349999999999858	1042.380878361734 
1.1359999999999857	1042.3808998966977 
1.1369999999999856	1042.3809222066839 
1.1379999999999855	1042.3809452657158 
1.1389999999999854	1042.3809690478563 
1.1399999999999852	1042.3809935272209 
1.1409999999999851	1042.381018677992 
1.141999999999985	1042.3810444744315 
1.142999999999985	1042.3810708908943 
1.1439999999999848	1042.38109790184 
1.1449999999999847	1042.3811254818456 
1.1459999999999846	1042.3811536056185 
1.1469999999999845	1042.3811822480068 
1.1479999999999844	1042.3812113840117 
1.1489999999999843	1042.3812409887985 
1.1499999999999841	1042.3812710377074 
1.150999999999984	1042.3813015062642 
1.151999999999984	1042.381332370191 
1.1529999999999838	1042.3813636054156 
1.1539999999999837	1042.3813951880816 
1.1549999999999836	1042.3814270945577 
1.1559999999999835	1042.3814593014474 
1.1569999999999834	1042.381491785597 
1.1579999999999833	1042.3815245241053 
1.1589999999999832	1042.3815574943308 
1.159999999999983	1042.3815906739003 
1.160999999999983	1042.3816240407166 
1.1619999999999828	1042.3816575729659 
1.1629999999999827	1042.3816912491247 
1.1639999999999826	1042.3817250479674 
1.1649999999999825	1042.3817589485718 
1.1659999999999824	1042.3817929303261 
1.1669999999999823	1042.381826972935 
1.1679999999999822	1042.3818610564247 
1.168999999999982	1042.3818951611493 
1.169999999999982	1042.3819292677952 
1.1709999999999818	1042.3819633573864 
1.1719999999999817	1042.3819974112891 
1.1729999999999816	1042.3820314112158 
1.1739999999999815	1042.3820653392297 
1.1749999999999814	1042.3820991777482 
1.1759999999999813	1042.382132909547 
1.1769999999999812	1042.3821665177625 
1.177999999999981	1042.3821999858956 
1.178999999999981	1042.3822332978143 
1.1799999999999808	1042.382266437756 
1.1809999999999807	1042.3822993903302 
1.1819999999999806	1042.38233214052 
1.1829999999999805	1042.3823646736842 
1.1839999999999804	1042.3823969755585 
1.1849999999999803	1042.3824290322577 
1.1859999999999802	1042.382460830276 
1.18699999999998	1042.3824923564875 
1.18799999999998	1042.382523598148 
1.1889999999999799	1042.3825545428945 
1.1899999999999797	1042.3825851787456 
1.1909999999999796	1042.3826154941014 
1.1919999999999795	1042.3826454777434 
1.1929999999999794	1042.3826751188342 
1.1939999999999793	1042.3827044069164 
1.1949999999999792	1042.382733331912 
1.195999999999979	1042.3827618841215 
1.196999999999979	1042.3827900542221 
1.1979999999999789	1042.382817833267 
1.1989999999999787	1042.3828452126832 
1.1999999999999786	1042.38287218427 
1.2009999999999785	1042.3828987401969 
1.2019999999999784	1042.382924873002 
1.2029999999999783	1042.3829505755882 
1.2039999999999782	1042.3829758412228 
1.204999999999978	1042.3830006635333 
1.205999999999978	1042.383025036505 
1.2069999999999779	1042.3830489544785 
1.2079999999999778	1042.383072412146 
1.2089999999999776	1042.3830954045488 
1.2099999999999775	1042.3831179270733 
1.2109999999999774	1042.3831399754474 
1.2119999999999773	1042.3831615457377 
1.2129999999999772	1042.3831826343453 
1.213999999999977	1042.3832032380017 
1.214999999999977	1042.3832233537648 
1.2159999999999769	1042.3832429790157 
1.2169999999999768	1042.383262111453 
1.2179999999999767	1042.38328074909 
1.2189999999999765	1042.3832988902495 
1.2199999999999764	1042.3833165335593 
1.2209999999999763	1042.3833336779478 
1.2219999999999762	1042.3833503226392 
1.222999999999976	1042.383366467149 
1.223999999999976	1042.383382111279 
1.2249999999999759	1042.383397255112 
1.2259999999999758	1042.3834118990076 
1.2269999999999757	1042.3834260435965 
1.2279999999999756	1042.383439689776 
1.2289999999999754	1042.3834528387042 
1.2299999999999753	1042.3834654917953 
1.2309999999999752	1042.3834776507135 
1.2319999999999751	1042.3834893173691 
1.232999999999975	1042.3835004939117 
1.233999999999975	1042.3835111827257 
1.2349999999999748	1042.3835213864245 
1.2359999999999747	1042.383531107845 
1.2369999999999746	1042.3835403500425 
1.2379999999999745	1042.3835491162847 
1.2389999999999743	1042.3835574100463 
1.2399999999999742	1042.3835652350035 
1.2409999999999741	1042.383572595029 
1.241999999999974	1042.3835794941847 
1.242999999999974	1042.3835859367184 
1.2439999999999738	1042.3835919270562 
1.2449999999999737	1042.3835974697981 
1.2459999999999736	1042.3836025697124 
1.2469999999999735	1042.383607231729 
1.2479999999999734	1042.3836114609353 
1.2489999999999732	1042.3836152625693 
1.2499999999999731	1042.3836186420149 
1.250999999999973	1042.3836216047962 
1.251999999999973	1042.3836241565718 
1.2529999999999728	1042.3836263031294 
1.2539999999999727	1042.3836280503801 
1.2549999999999726	1042.3836294043535 
1.2559999999999725	1042.3836303711917 
1.2569999999999724	1042.3836309571439 
1.2579999999999723	1042.3836311685618 
1.2589999999999721	1042.3836310118934 
1.259999999999972	1042.3836304936783 
1.260999999999972	1042.383629620542 
1.2619999999999718	1042.3836283991914 
1.2629999999999717	1042.3836268364087 
1.2639999999999716	1042.3836249390472 
1.2649999999999715	1042.383622714026 
1.2659999999999714	1042.3836201683243 
1.2669999999999713	1042.3836173089778 
1.2679999999999712	1042.3836141430725 
1.268999999999971	1042.3836106777405 
1.269999999999971	1042.3836069201554 
1.2709999999999708	1042.3836028775274 
1.2719999999999707	1042.3835985570984 
1.2729999999999706	1042.3835939661376 
1.2739999999999705	1042.3835891119372 
1.2749999999999704	1042.3835840018078 
1.2759999999999703	1042.3835786430736 
1.2769999999999702	1042.3835730430692 
1.27799999999997	1042.3835672091338 
1.27899999999997	1042.3835611486086 
1.2799999999999698	1042.3835548688314 
1.2809999999999697	1042.3835483771334 
1.2819999999999696	1042.383541680835 
1.2829999999999695	1042.3835347872416 
1.2839999999999694	1042.3835277036405 
1.2849999999999693	1042.3835204372967 
1.2859999999999692	1042.3835129954493 
1.286999999999969	1042.383505385308 
1.287999999999969	1042.3834976140492 
1.2889999999999688	1042.3834896888136 
1.2899999999999687	1042.3834816167018 
1.2909999999999686	1042.3834734047718 
1.2919999999999685	1042.3834650600354 
1.2929999999999684	1042.383456589455 
1.2939999999999683	1042.383447999941 
1.2949999999999682	1042.383439298349 
1.295999999999968	1042.3834304914765 
1.296999999999968	1042.38342158606 
1.2979999999999678	1042.3834125887731 
1.2989999999999677	1042.3834035062232 
1.2999999999999676	1042.3833943449492 
1.3009999999999675	1042.3833851114193 
1.3019999999999674	1042.3833758120281 
1.3029999999999673	1042.383366453095 
1.3039999999999672	1042.3833570408617 
1.304999999999967	1042.3833475814897 
1.305999999999967	1042.383338081059 
1.3069999999999669	1042.3833285455657 
1.3079999999999667	1042.3833189809204 
1.3089999999999666	1042.3833093929463 
1.3099999999999665	1042.3832997873772 
1.3109999999999664	1042.3832901698563 
1.3119999999999663	1042.3832805459347 
1.3129999999999662	1042.3832709210694 
1.313999999999966	1042.3832613006227 
1.314999999999966	1042.3832516898601 
1.3159999999999659	1042.3832420939493 
1.3169999999999658	1042.3832325179596 
1.3179999999999656	1042.38322296686 
1.3189999999999655	1042.383213445519 
1.3199999999999654	1042.3832039587028 
1.3209999999999653	1042.3831945110749 
1.3219999999999652	1042.3831851071955 
1.322999999999965	1042.3831757515204 
1.323999999999965	1042.3831664484005 
1.3249999999999649	1042.3831572020815 
1.3259999999999648	1042.383148016703 
1.3269999999999647	1042.383138896298 
1.3279999999999645	1042.383129844793 
1.3289999999999644	1042.3831208660072 
1.3299999999999643	1042.3831119636525 
1.3309999999999642	1042.3831031413333 
1.331999999999964	1042.3830944025465 
1.332999999999964	1042.383085750681 
1.3339999999999639	1042.3830771890182 
1.3349999999999638	1042.383068720732 
1.3359999999999637	1042.3830603488884 
1.3369999999999636	1042.3830520764468 
1.3379999999999634	1042.3830439062588 
1.3389999999999633	1042.3830358410696 
1.3399999999999632	1042.383027883518 
1.340999999999963	1042.3830200361365 
1.341999999999963	1042.383012301352 
1.342999999999963	1042.3830046814867 
1.3439999999999628	1042.382997178758 
1.3449999999999627	1042.3829897952792 
1.3459999999999626	1042.3829825330608 
1.3469999999999624	1042.3829753940104 
1.3479999999999623	1042.3829683799338 
1.3489999999999622	1042.3829614925357 
1.3499999999999621	1042.3829547334208 
1.350999999999962	1042.3829481040939 
1.351999999999962	1042.3829416059618 
1.3529999999999618	1042.3829352403336 
1.3539999999999617	1042.382929008422 
1.3549999999999616	1042.382922911344 
1.3559999999999615	1042.382916950122 
1.3569999999999613	1042.3829111256857 
1.3579999999999612	1042.3829054388718 
1.3589999999999611	1042.3828998904262 
1.359999999999961	1042.3828944810048 
1.360999999999961	1042.3828892111749 
1.3619999999999608	1042.3828840814163 
1.3629999999999607	1042.3828790921225 
1.3639999999999606	1042.3828742436021 
1.3649999999999605	1042.3828695360803 
1.3659999999999604	1042.3828649697 
1.3669999999999602	1042.3828605445228 
1.3679999999999601	1042.3828562605313 
1.36899999999996	1042.3828521176297 
1.36999999999996	1042.3828481156456 
1.3709999999999598	1042.3828442543315 
1.3719999999999597	1042.3828405333659 
1.3729999999999596	1042.382836952355 
1.3739999999999595	1042.3828335108346 
1.3749999999999594	1042.3828302082704 
1.3759999999999593	1042.382827044061 
1.3769999999999591	1042.3828240175383 
1.377999999999959	1042.3828211279695 
1.378999999999959	1042.3828183745586 
1.3799999999999588	1042.3828157564483 
1.3809999999999587	1042.3828132727206 
1.3819999999999586	1042.3828109223991 
1.3829999999999585	1042.3828087044508 
1.3839999999999584	1042.3828066177869 
1.3849999999999583	1042.382804661265 
1.3859999999999582	1042.3828028336902 
1.386999999999958	1042.3828011338173 
1.387999999999958	1042.3827995603517 
1.3889999999999578	1042.3827981119512 
1.3899999999999577	1042.382796787228 
1.3909999999999576	1042.3827955847498 
1.3919999999999575	1042.3827945030414 
1.3929999999999574	1042.3827935405866 
1.3939999999999573	1042.3827926958295 
1.3949999999999572	1042.3827919671758 
1.395999999999957	1042.3827913529951 
1.396999999999957	1042.3827908516216 
1.3979999999999568	1042.3827904613565 
1.3989999999999567	1042.3827901804689 
1.3999999999999566	1042.3827900071972 
1.4009999999999565	1042.382789939751 
1.4019999999999564	1042.382789976313 
1.4029999999999563	1042.3827901150396 
1.4039999999999562	1042.3827903540625 
1.404999999999956	1042.3827906914912 
1.405999999999956	1042.382791125413 
1.4069999999999558	1042.3827916538953 
1.4079999999999557	1042.3827922749872 
1.4089999999999556	1042.3827929867202 
1.4099999999999555	1042.3827937871101 
1.4109999999999554	1042.3827946741583 
1.4119999999999553	1042.382795645853 
1.4129999999999552	1042.3827967001707 
1.413999999999955	1042.3827978350776 
1.414999999999955	1042.3827990485304 
1.4159999999999549	1042.3828003384783 
1.4169999999999547	1042.382801702864 
1.4179999999999546	1042.3828031396251 
1.4189999999999545	1042.3828046466947 
1.4199999999999544	1042.3828062220032 
1.4209999999999543	1042.3828078634797 
1.4219999999999542	1042.3828095690524 
1.422999999999954	1042.3828113366505 
1.423999999999954	1042.3828131642053 
1.4249999999999539	1042.3828150496504 
1.4259999999999537	1042.382816990924 
1.4269999999999536	1042.3828189859694 
1.4279999999999535	1042.3828210327358 
1.4289999999999534	1042.3828231291798 
1.4299999999999533	1042.3828252732662 
1.4309999999999532	1042.382827462969 
1.431999999999953	1042.3828296962727 
1.432999999999953	1042.3828319711724 
1.4339999999999529	1042.3828342856757 
1.4349999999999528	1042.3828366378027 
1.4359999999999526	1042.3828390255876 
1.4369999999999525	1042.382841447079 
1.4379999999999524	1042.3828439003414 
1.4389999999999523	1042.3828463834552 
1.4399999999999522	1042.3828488945182 
1.440999999999952	1042.3828514316458 
1.441999999999952	1042.3828539929718 
1.4429999999999519	1042.3828565766498 
1.4439999999999518	1042.3828591808528 
1.4449999999999517	1042.3828618037749 
1.4459999999999515	1042.382864443631 
1.4469999999999514	1042.3828670986582 
1.4479999999999513	1042.382869767116 
1.4489999999999512	1042.382872447287 
1.449999999999951	1042.3828751374772 
1.450999999999951	1042.3828778360169 
1.4519999999999509	1042.382880541261 
1.4529999999999508	1042.3828832515896 
1.4539999999999507	1042.3828859654084 
1.4549999999999506	1042.3828886811486 
1.4559999999999504	1042.3828913972686 
1.4569999999999503	1042.3828941122533 
1.4579999999999502	1042.3828968246146 
1.4589999999999501	1042.382899532892 
1.45999999999995	1042.382902235653 
1.46099999999995	1042.3829049314934 
1.4619999999999498	1042.382907619037 
1.4629999999999497	1042.3829102969369 
1.4639999999999496	1042.3829129638746 
1.4649999999999495	1042.3829156185611 
1.4659999999999493	1042.3829182597372 
1.4669999999999492	1042.3829208861725 
1.4679999999999491	1042.3829234966668 
1.468999999999949	1042.3829260900498 
1.469999999999949	1042.382928665181 
1.4709999999999488	1042.3829312209502 
1.4719999999999487	1042.3829337562775 
1.4729999999999486	1042.3829362701129 
1.4739999999999485	1042.3829387614371 
1.4749999999999484	1042.3829412292614 
1.4759999999999482	1042.3829436726269 
1.4769999999999481	1042.3829460906052 
1.477999999999948	1042.3829484822986 
1.478999999999948	1042.3829508468395 
1.4799999999999478	1042.3829531833908 
1.4809999999999477	1042.3829554911454 
1.4819999999999476	1042.3829577693261 
1.4829999999999475	1042.3829600171864 
1.4839999999999474	1042.3829622340093 
1.4849999999999473	1042.3829644191078 
1.4859999999999471	1042.3829665718242 
1.486999999999947	1042.3829686915308 
1.487999999999947	1042.382970777629 
1.4889999999999468	1042.3829728295493 
1.4899999999999467	1042.382974846751 
1.4909999999999466	1042.3829768287228 
1.4919999999999465	1042.3829787749812 
1.4929999999999464	1042.3829806850715 
1.4939999999999463	1042.3829825585667 
1.4949999999999461	1042.382984395068 
1.495999999999946	1042.3829861942038 
1.496999999999946	1042.3829879556301 
1.4979999999999458	1042.3829896790296 
1.4989999999999457	1042.3829913641116 
1.4999999999999456	1042.382993010612 
1.5009999999999455	1042.3829946182925 
1.5019999999999454	1042.382996186941 
1.5029999999999453	1042.3829977163705 
1.5039999999999452	1042.382999206419 
1.504999999999945	1042.3830006569494 
1.505999999999945	1042.3830020678488 
1.5069999999999448	1042.3830034390282 
1.5079999999999447	1042.3830047704225 
1.5089999999999446	1042.3830060619898 
1.5099999999999445	1042.3830073137108 
1.5109999999999444	1042.3830085255886 
1.5119999999999443	1042.383009697649 
1.5129999999999442	1042.3830108299387 
1.513999999999944	1042.383011922526 
1.514999999999944	1042.3830129755004 
1.5159999999999438	1042.3830139889712 
1.5169999999999437	1042.3830149630683 
1.5179999999999436	1042.3830158979408 
1.5189999999999435	1042.383016793757 
1.5199999999999434	1042.383017650704
