0.0	1000.2773501401275 
0.001	1000.5458719511013 
0.002	1000.8058464473662 
0.003	1001.0572719984858 
0.004	1001.2999206704983 
0.005	1001.5333868448118 
0.006	1001.7571290282073 
0.007	1001.9705056662435 
0.008	1002.1728056820237 
0.009000000000000001	1002.3632743817025 
0.010000000000000002	1002.5411352962494 
0.011000000000000003	1002.7056084648918 
0.012000000000000004	1002.8559256085125 
0.013000000000000005	1002.9913425903294 
0.014000000000000005	1003.1111495157703 
0.015000000000000006	1003.2146787829871 
0.016000000000000007	1003.3013113593987 
0.017000000000000008	1003.370481527542 
0.01800000000000001	1003.4216803149196 
0.01900000000000001	1003.4544577970896 
0.02000000000000001	1003.4684244406053 
0.02100000000000001	1003.4632516322862 
0.022000000000000013	1003.4386715234111 
0.023000000000000013	1003.3944763015344 
0.024000000000000014	1003.3305169885186 
0.025000000000000015	1003.2467018508644 
0.026000000000000016	1003.1429944973211 
0.027000000000000017	1003.0194117289377 
0.028000000000000018	1002.8760211980123 
0.02900000000000002	1002.7129389247087 
0.03000000000000002	1002.5303267133178 
0.03100000000000002	1002.3283895041405 
0.03200000000000002	1002.1073726916949 
0.03300000000000002	1001.8675594352919 
0.03400000000000002	1001.6092679839462 
0.035000000000000024	1001.3328490339966 
0.036000000000000025	1001.0386831346752 
0.037000000000000026	1000.7271781541178 
0.03800000000000003	1000.3987668159115 
0.03900000000000003	1000.0539043141963 
0.04000000000000003	999.693066013525 
0.04100000000000003	999.3167452381233 
0.04200000000000003	998.9254511538426 
0.04300000000000003	998.5197067449386 
0.04400000000000003	998.1000468868195 
0.04500000000000003	997.6670165150623 
0.046000000000000034	997.2211688902848 
0.047000000000000035	996.7630639578628 
0.048000000000000036	996.2932668009813 
0.04900000000000004	995.8123461851022 
0.05000000000000004	995.3208731915931 
0.05100000000000004	994.8194199379983 
0.05200000000000004	994.3085583822228 
0.05300000000000004	993.7888592077435 
0.05400000000000004	993.2608907868432 
0.05500000000000004	992.7252182187925 
0.05600000000000004	992.1824024398521 
0.057000000000000044	991.6329994019561 
0.058000000000000045	991.0775593169401 
0.059000000000000045	990.5166259632032 
0.060000000000000046	989.950736051736 
0.06100000000000005	989.3804186485003 
0.06200000000000005	988.806194650214 
0.06300000000000004	988.2285763106709 
0.06400000000000004	987.6480668148045 
0.06500000000000004	987.0651598977977 
0.06600000000000004	986.4803395066291 
0.06700000000000005	985.894079501542 
0.06800000000000005	985.3068433950222 
0.06900000000000005	984.719084125964 
0.07000000000000005	984.1312438668068 
0.07100000000000005	983.5437538615183 
0.07200000000000005	982.9570342923989 
0.07300000000000005	982.3714941737778 
0.07400000000000005	981.7875312707629 
0.07500000000000005	981.2055320412987 
0.07600000000000005	980.6258715998761 
0.07700000000000005	980.0489137013211 
0.07800000000000006	979.4750107431789 
0.07900000000000006	978.9045037852832 
0.08000000000000006	978.3377225851842 
0.08100000000000006	977.7749856481814 
0.08200000000000006	977.2166002907782 
0.08300000000000006	976.6628627164459 
0.08400000000000006	976.1140581026515 
0.08500000000000006	975.5704606981614 
0.08600000000000006	975.0323339297017 
0.08700000000000006	974.499930517106 
0.08800000000000006	973.9734925961384 
0.08900000000000007	973.4532518482341 
0.09000000000000007	972.9394296364445 
0.09100000000000007	972.4322371469246 
0.09200000000000007	971.9318755353423 
0.09300000000000007	971.4385360776328 
0.09400000000000007	970.9524003245601 
0.09500000000000007	970.4736402595861 
0.09600000000000007	970.0024184595812 
0.09700000000000007	969.538888257948 
0.09800000000000007	969.0831939097553 
0.09900000000000007	968.6354707585162 
0.10000000000000007	968.1958454042657 
0.10100000000000008	967.7644358726236 
0.10200000000000008	967.3413517845531 
0.10300000000000008	966.9266945265455 
0.10400000000000008	966.5205574209872 
0.10500000000000008	966.1230258964837 
0.10600000000000008	965.7341776579332 
0.10700000000000008	965.3540828561634 
0.10800000000000008	964.9828042569593 
0.10900000000000008	964.620397409326 
0.11000000000000008	964.2669108128456 
0.11100000000000008	963.9223860840007 
0.11200000000000009	963.5868581213492 
0.11300000000000009	963.2603552694477 
0.11400000000000009	962.9428994814299 
0.11500000000000009	962.6345064801593 
0.11600000000000009	962.3351859178828 
0.11700000000000009	962.0449415343202 
0.11800000000000009	961.763771313135 
0.11900000000000009	961.4916676367361 
0.12000000000000009	961.2286174393699 
0.1210000000000001	960.9746023584657 
0.1220000000000001	960.7295988842058 
0.1230000000000001	960.4935785072939 
0.1240000000000001	960.2665078649042 
0.12500000000000008	960.0483488847923 
0.12600000000000008	959.8390589275604 
0.12700000000000009	959.6385909270645 
0.12800000000000009	959.4468935289622 
0.1290000000000001	959.2639112273977 
0.1300000000000001	959.0895844998246 
0.1310000000000001	958.9238499399703 
0.1320000000000001	958.7666403889469 
0.1330000000000001	958.6178850645159 
0.1340000000000001	958.4775096885141 
0.1350000000000001	958.3454366124528 
0.1360000000000001	958.2215849412989 
0.1370000000000001	958.1058706554533 
0.1380000000000001	957.9982067309362 
0.1390000000000001	957.8985032577962 
0.1400000000000001	957.8066675567553 
0.1410000000000001	957.7226042941063 
0.1420000000000001	957.6462155948758 
0.1430000000000001	957.5774011542707 
0.1440000000000001	957.5160583474212 
0.1450000000000001	957.4620823374378 
0.1460000000000001	957.4153661817959 
0.1470000000000001	957.3758009370655 
0.1480000000000001	957.3432757619993 
0.1490000000000001	957.3176780189955 
0.1500000000000001	957.2988933739492 
0.1510000000000001	957.2868058945078 
0.1520000000000001	957.281298146743 
0.1530000000000001	957.282251290255 
0.1540000000000001	957.2895451717201 
0.1550000000000001	957.3030584168969 
0.1560000000000001	957.3226685211015 
0.1570000000000001	957.3482519381648 
0.1580000000000001	957.3796841678839 
0.1590000000000001	957.4168398419769 
0.16000000000000011	957.4595928085541 
0.16100000000000012	957.5078162151145 
0.16200000000000012	957.5613825900768 
0.16300000000000012	957.620163922856 
0.16400000000000012	957.6840317424927 
0.16500000000000012	957.7528571948449 
0.16600000000000012	957.8265111183496 
0.16700000000000012	957.9048641183623 
0.16800000000000012	957.9877866400811 
0.16900000000000012	958.0751490400636 
0.17000000000000012	958.1668216563413 
0.17100000000000012	958.2626748771402 
0.17200000000000013	958.3625792082111 
0.17300000000000013	958.4664053387773 
0.17400000000000013	958.5740242061048 
0.17500000000000013	958.6853070586983 
0.17600000000000013	958.8001255181314 
0.17700000000000013	958.9183516395128 
0.17800000000000013	959.0398579705956 
0.17900000000000013	959.1645176095317 
0.18000000000000013	959.2922042612784 
0.18100000000000013	959.4227922926594 
0.18200000000000013	959.5561567860866 
0.18300000000000013	959.6921735919436 
0.18400000000000014	959.8307193796395 
0.18500000000000014	959.9716716873331 
0.18600000000000014	960.1149089703348 
0.18700000000000014	960.260310648188 
0.18800000000000014	960.4077571504364 
0.18900000000000014	960.55712996108 
0.19000000000000014	960.7083116617252 
0.19100000000000014	960.8611859734332 
0.19200000000000014	961.0156377972714 
0.19300000000000014	961.1715532535735 
0.19400000000000014	961.3288197199114 
0.19500000000000015	961.4873258677864 
0.19600000000000015	961.6469616980435 
0.19700000000000015	961.8076185750155 
0.19800000000000015	961.9691892594016 
0.19900000000000015	962.1315679398875 
0.20000000000000015	962.2946502635135 
0.20100000000000015	962.4583333647956 
0.20200000000000015	962.6225158936085 
0.20300000000000015	962.7870980418362 
0.20400000000000015	962.9519815687985 
0.20500000000000015	963.1170698254599 
0.20600000000000016	963.2822677774303 
0.20700000000000016	963.4474820267649 
0.20800000000000016	963.612620832572 
0.20900000000000016	963.7775941304379 
0.21000000000000016	963.942313550678 
0.21100000000000016	964.1066924354233 
0.21200000000000016	964.2706458545525 
0.21300000000000016	964.4340906204808 
0.21400000000000016	964.5969453018131 
0.21500000000000016	964.7591302358761 
0.21600000000000016	964.9205675401378 
0.21700000000000016	965.0811811225265 
0.21800000000000017	965.2408966906619 
0.21900000000000017	965.3996417600096 
0.22000000000000017	965.5573456609716 
0.22100000000000017	965.7139395449257 
0.22200000000000017	965.8693563892264 
0.22300000000000017	966.0235310011815 
0.22400000000000017	966.1764000210173 
0.22500000000000017	966.3279019238464 
0.22600000000000017	966.4779770206525 
0.22700000000000017	966.6265674583068 
0.22800000000000017	966.7736172186309 
0.22900000000000018	966.9190721165199 
0.23000000000000018	967.0628797971435 
0.23100000000000018	967.204989732238 
0.23200000000000018	967.3453532155065 
0.23300000000000018	967.4839233571435 
0.23400000000000018	967.6206550774982 
0.23500000000000018	967.7555050998965 
0.23600000000000018	967.8884319426336 
0.23700000000000018	968.0193959101586 
0.23800000000000018	968.1483590834652 
0.23900000000000018	968.2752853097069 
0.24000000000000019	968.4001401910535 
0.2410000000000002	968.5228910728073 
0.2420000000000002	968.6435070307951 
0.2430000000000002	968.761958858056 
0.2440000000000002	968.8782190508405 
0.2450000000000002	968.9922617939407 
0.2460000000000002	969.1040629453692 
0.2470000000000002	969.2136000204046 
0.2480000000000002	969.3208521750221 
0.2490000000000002	969.4258001887279 
0.25000000000000017	969.5284264468152 
0.25100000000000017	969.6287149220609 
0.25200000000000017	969.726651155881 
0.25300000000000017	969.8222222389635 
0.25400000000000017	969.9154167913974 
0.25500000000000017	970.006224942316 
0.25600000000000017	970.0946383090734 
0.2570000000000002	970.1806499759728 
0.2580000000000002	970.2642544725645 
0.2590000000000002	970.345447751533 
0.2600000000000002	970.4242271661902 
0.2610000000000002	970.5005914475952 
0.2620000000000002	970.5745406813163 
0.2630000000000002	970.6460762838561 
0.2640000000000002	970.7152009787555 
0.2650000000000002	970.7819187723966 
0.2660000000000002	970.8462349295204 
0.2670000000000002	970.9081559484796 
0.2680000000000002	970.9676895362416 
0.2690000000000002	971.0248445831608 
0.2700000000000002	971.0796311375375 
0.2710000000000002	971.1320603799802 
0.2720000000000002	971.1821445975884 
0.2730000000000002	971.2298971579735 
0.2740000000000002	971.2753324831338 
0.2750000000000002	971.3184660232006 
0.2760000000000002	971.3593142300717 
0.2770000000000002	971.3978945309489 
0.2780000000000002	971.4342253017938 
0.2790000000000002	971.4683258407214 
0.2800000000000002	971.500216341342 
0.2810000000000002	971.5299178660719 
0.2820000000000002	971.5574523194236 
0.2830000000000002	971.5828424212946 
0.2840000000000002	971.6061116802649 
0.2850000000000002	971.6272843669223 
0.2860000000000002	971.6463854872259 
0.2870000000000002	971.6634407559244 
0.2880000000000002	971.6784765700412 
0.2890000000000002	971.6915199824402 
0.2900000000000002	971.7025986754866 
0.2910000000000002	971.7117409348128 
0.2920000000000002	971.7189756232062 
0.2930000000000002	971.7243321546268 
0.2940000000000002	971.72784046837 
0.2950000000000002	971.7295310033847 
0.2960000000000002	971.7294346727595 
0.2970000000000002	971.7275828383856 
0.2980000000000002	971.7240072858121 
0.2990000000000002	971.718740199299 
0.3000000000000002	971.7118141370815 
0.3010000000000002	971.7032620068561 
0.3020000000000002	971.6931170414955 
0.3030000000000002	971.6814127750047 
0.3040000000000002	971.6681830187259 
0.3050000000000002	971.6534618378016 
0.3060000000000002	971.6372835279043 
0.3070000000000002	971.6196825922416 
0.3080000000000002	971.6006937188441 
0.3090000000000002	971.580351758145 
0.3100000000000002	971.5586917008568 
0.3110000000000002	971.5357486561546 
0.3120000000000002	971.5115578301715 
0.3130000000000002	971.4861545048124 
0.3140000000000002	971.4595740168941 
0.3150000000000002	971.4318517376158 
0.3160000000000002	971.4030230523671 
0.3170000000000002	971.3731233408777 
0.3180000000000002	971.3421879577155 
0.31900000000000023	971.3102522131368 
0.32000000000000023	971.2773513542929 
0.32100000000000023	971.243520546799 
0.32200000000000023	971.2087948566673 
0.32300000000000023	971.17320923261 
0.32400000000000023	971.1367984887145 
0.32500000000000023	971.099597287494 
0.32600000000000023	971.0616401233177 
0.32700000000000023	971.022961306221 
0.32800000000000024	970.9835949461004 
0.32900000000000024	970.9435749372946 
0.33000000000000024	970.9029349435523 
0.33100000000000024	970.8617083833904 
0.33200000000000024	970.8199284158428 
0.33300000000000024	970.7776279266013 
0.33400000000000024	970.7348395145494 
0.33500000000000024	970.6915954786899 
0.33600000000000024	970.6479278054663 
0.33700000000000024	970.6038681564792 
0.33800000000000024	970.5594478565961 
0.33900000000000025	970.5146978824564 
0.34000000000000025	970.4696488513694 
0.34100000000000025	970.4243310106052 
0.34200000000000025	970.3787742270785 
0.34300000000000025	970.3330079774225 
0.34400000000000025	970.287061338454 
0.34500000000000025	970.240962978025 
0.34600000000000025	970.1947411462628 
0.34700000000000025	970.1484236671942 
0.34800000000000025	970.1020379307521 
0.34900000000000025	970.0556108851636 
0.35000000000000026	970.0091690297155 
0.35100000000000026	969.9627384078964 
0.35200000000000026	969.9163446009105 
0.35300000000000026	969.870012721563 
0.35400000000000026	969.8237674085109 
0.35500000000000026	969.7776328208793 
0.35600000000000026	969.7316326332364 
0.35700000000000026	969.6857900309273 
0.35800000000000026	969.6401277057597 
0.35900000000000026	969.5946678520403 
0.36000000000000026	969.5494321629558 
0.36100000000000027	969.5044418272969 
0.36200000000000027	969.459717526519 
0.36300000000000027	969.415279432136 
0.36400000000000027	969.3711472034441 
0.36500000000000027	969.3273399855692 
0.36600000000000027	969.2838764078341 
0.36700000000000027	969.2407745824416 
0.36800000000000027	969.1980521034675 
0.36900000000000027	969.1557260461592 
0.3700000000000003	969.1138129665352 
0.3710000000000003	969.0723289012801 
0.3720000000000003	969.0312893679297 
0.3730000000000003	968.9907093653419 
0.3740000000000003	968.9506033744475 
0.3750000000000003	968.9109853592755 
0.3760000000000003	968.8718687682481 
0.3770000000000003	968.8332665357392 
0.3780000000000003	968.795191083892 
0.3790000000000003	968.7576543246886 
0.3800000000000003	968.7206676622678 
0.3810000000000003	968.6842419954843 
0.3820000000000003	968.6483877207032 
0.3830000000000003	968.6131147348265 
0.3840000000000003	968.5784324385424 
0.3850000000000003	968.5443497397953 
0.3860000000000003	968.5108750574669 
0.3870000000000003	968.478016325267 
0.3880000000000003	968.445780995824 
0.3890000000000003	968.4141760449714 
0.3900000000000003	968.383207976226 
0.3910000000000003	968.3528828254475 
0.3920000000000003	968.3232061656785 
0.3930000000000003	968.294183112156 
0.3940000000000003	968.2658183274903 
0.3950000000000003	968.2381160270036 
0.3960000000000003	968.211079984225 
0.3970000000000003	968.184713536534 
0.3980000000000003	968.1590195909479 
0.3990000000000003	968.1340006300464 
0.4000000000000003	968.1096587180297 
0.4010000000000003	968.0859955069011 
0.4020000000000003	968.0630122427721 
0.4030000000000003	968.0407097722814 
0.4040000000000003	968.0190885491245 
0.4050000000000003	967.9981486406862 
0.4060000000000003	967.9778897347725 
0.4070000000000003	967.958311146435 
0.4080000000000003	967.9394118248831 
0.4090000000000003	967.9211903604781 
0.4100000000000003	967.9036449918049 
0.4110000000000003	967.8867736128142 
0.4120000000000003	967.8705737800319 
0.4130000000000003	967.8550427198297 
0.4140000000000003	967.840177335751 
0.4150000000000003	967.8259742158889 
0.4160000000000003	967.8124296403089 
0.4170000000000003	967.7995395885142 
0.4180000000000003	967.787299746946 
0.4190000000000003	967.7757055165155 
0.4200000000000003	967.7647520201631 
0.4210000000000003	967.7544341104388 
0.4220000000000003	967.7447463771005 
0.4230000000000003	967.7356831547252 
0.4240000000000003	967.7272385303281 
0.4250000000000003	967.7194063509863 
0.4260000000000003	967.7121802314618 
0.4270000000000003	967.7055535618201 
0.4280000000000003	967.6995195150404 
0.4290000000000003	967.6940710546122 
0.4300000000000003	967.6892009421165 
0.4310000000000003	967.6849017447847 
0.43200000000000033	967.6811658430346 
0.43300000000000033	967.6779854379766 
0.43400000000000033	967.6753525588894 
0.43500000000000033	967.6732590706584 
0.43600000000000033	967.6716966811772 
0.43700000000000033	967.6706569487045 
0.43800000000000033	967.6701312891765 
0.43900000000000033	967.6701109834701 
0.44000000000000034	967.6705871846126 
0.44100000000000034	967.671550924938 
0.44200000000000034	967.672993123183 
0.44300000000000034	967.6749045915234 
0.44400000000000034	967.6772760425448 
0.44500000000000034	967.6800980961475 
0.44600000000000034	967.6833612863816 
0.44700000000000034	967.6870560682096 
0.44800000000000034	967.6911728241948 
0.44900000000000034	967.6957018711128 
0.45000000000000034	967.7006334664828 
0.45100000000000035	967.7059578150186 
0.45200000000000035	967.7116650749944 
0.45300000000000035	967.7177453645262 
0.45400000000000035	967.7241887677643 
0.45500000000000035	967.7309853409968 
0.45600000000000035	967.7381251186611 
0.45700000000000035	967.7455981192624 
0.45800000000000035	967.7533943511974 
0.45900000000000035	967.7615038184813 
0.46000000000000035	967.7699165263767 
0.46100000000000035	967.7786224869237 
0.46200000000000035	967.7876117243685 
0.46300000000000036	967.7968742804908 
0.46400000000000036	967.8064002198274 
0.46500000000000036	967.8161796347922 
0.46600000000000036	967.8262026506903 
0.46700000000000036	967.8364594306266 
0.46800000000000036	967.8469401803068 
0.46900000000000036	967.8576351527307 
0.47000000000000036	967.8685346527775 
0.47100000000000036	967.8796290416806 
0.47200000000000036	967.8909087413941 
0.47300000000000036	967.9023642388483 
0.47400000000000037	967.9139860900945 
0.47500000000000037	967.9257649243382 
0.47600000000000037	967.9376914478628 
0.47700000000000037	967.9497564478393 
0.47800000000000037	967.9619507960261 
0.47900000000000037	967.9742654523561 
0.48000000000000037	967.9866914684121 
0.48100000000000037	967.9992199907902 
0.4820000000000004	968.0118422643519 
0.4830000000000004	968.0245496353643 
0.4840000000000004	968.0373335545288 
0.4850000000000004	968.050185579899 
0.4860000000000004	968.0630973796874 
0.4870000000000004	968.0760607349622 
0.4880000000000004	968.0890675422339 
0.4890000000000004	968.1021098159324 
0.4900000000000004	968.1151796907749 
0.4910000000000004	968.1282694240261 
0.4920000000000004	968.1413713976505 
0.4930000000000004	968.1544781203569 
0.4940000000000004	968.1675822295381 
0.4950000000000004	968.1806764931039 
0.4960000000000004	968.1937538112101 
0.4970000000000004	968.2068072178834 
0.4980000000000004	968.2198298825436 
0.4990000000000004	968.2328151114243 
0.5000000000000003	968.2457563488917 
0.5010000000000003	968.2586471786647 
0.5020000000000003	968.271481324935 
0.5030000000000003	968.2842526533914 
0.5040000000000003	968.296955172145 
0.5050000000000003	968.3095830325612 
0.5060000000000003	968.3221305299971 
0.5070000000000003	968.3345921044447 
0.5080000000000003	968.3469623410842 
0.5090000000000003	968.3592359707463 
0.5100000000000003	968.3714078702849 
0.5110000000000003	968.3834730628629 
0.5120000000000003	968.3954267181517 
0.5130000000000003	968.4072641524457 
0.5140000000000003	968.4189808286927 
0.5150000000000003	968.4305723564438 
0.5160000000000003	968.4420344917211 
0.5170000000000003	968.4533631368075 
0.5180000000000003	968.4645543399587 
0.5190000000000003	968.4756042950385 
0.5200000000000004	968.4865093410807 
0.5210000000000004	968.4972659617775 
0.5220000000000004	968.5078707848965 
0.5230000000000004	968.5183205816273 
0.5240000000000004	968.5286122658617 
0.5250000000000004	968.5387428934055 
0.5260000000000004	968.5487096611254 
0.5270000000000004	968.5585099060341 
0.5280000000000004	968.5681411043118 
0.5290000000000004	968.5776008702683 
0.5300000000000004	968.5868869552468 
0.5310000000000004	968.5959972464703 
0.5320000000000004	968.6049297658335 
0.5330000000000004	968.61368266864 
0.5340000000000004	968.6222542422884 
0.5350000000000004	968.6306429049079 
0.5360000000000004	968.638847203945 
0.5370000000000004	968.6468658147036 
0.5380000000000004	968.6546975388385 
0.5390000000000004	968.662341302807 
0.5400000000000004	968.6697961562768 
0.5410000000000004	968.6770612704938 
0.5420000000000004	968.6841359366116 
0.5430000000000004	968.6910195639825 
0.5440000000000004	968.6977116784142 
0.5450000000000004	968.7042119203909 
0.5460000000000004	968.7105200432635 
0.5470000000000004	968.7166359114073 
0.5480000000000004	968.7225594983514 
0.5490000000000004	968.72829088488 
0.5500000000000004	968.7338302571071 
0.5510000000000004	968.7391779045266 
0.5520000000000004	968.7443342180397 
0.5530000000000004	968.7492996879597 
0.5540000000000004	968.754074901997 
0.5550000000000004	968.7586605432255 
0.5560000000000004	968.7630573880314 
0.5570000000000004	968.7672663040462 
0.5580000000000004	968.7712882480653 
0.5590000000000004	968.7751242639534 
0.5600000000000004	968.7787754805389 
0.5610000000000004	968.7822431094969 
0.5620000000000004	968.7855284432243 
0.5630000000000004	968.7886328527068 
0.5640000000000004	968.7915577853801 
0.5650000000000004	968.7943047629853 
0.5660000000000004	968.796875379422 
0.5670000000000004	968.799271298597 
0.5680000000000004	968.8014942522738 
0.5690000000000004	968.803546037921 
0.5700000000000004	968.8054285165623 
0.5710000000000004	968.8071436106285 
0.5720000000000004	968.8086933018136 
0.5730000000000004	968.8100796289352 
0.5740000000000004	968.8113046858009 
0.5750000000000004	968.8123706190813 
0.5760000000000004	968.813279626191 
0.5770000000000004	968.814033953179 
0.5780000000000004	968.8146358926282 
0.5790000000000004	968.815087781567 
0.5800000000000004	968.8153919993914 
0.5810000000000004	968.8155509658019 
0.5820000000000004	968.8155671387519 
0.5830000000000004	968.815443012413 
0.5840000000000004	968.815181115154 
0.5850000000000004	968.8147840075382 
0.5860000000000004	968.814254280336 
0.5870000000000004	968.8135945525569 
0.5880000000000004	968.8128074695 
0.5890000000000004	968.8118957008237 
0.5900000000000004	968.8108619386363 
0.5910000000000004	968.8097088956072 
0.5920000000000004	968.8084393030995 
0.5930000000000004	968.8070559093259 
0.5940000000000004	968.8055614775268 
0.5950000000000004	968.803958784172 
0.5960000000000004	968.802250617187 
0.5970000000000004	968.8004397742039 
0.5980000000000004	968.7985290608373 
0.5990000000000004	968.7965212889859 
0.6000000000000004	968.7944192751612 
0.6010000000000004	968.7922258388422 
0.6020000000000004	968.7899438008573 
0.6030000000000004	968.7875759817941 
0.6040000000000004	968.7851252004373 
0.6050000000000004	968.7825942722343 
0.6060000000000004	968.7799860077907 
0.6070000000000004	968.7773032113938 
0.6080000000000004	968.7745486795658 
0.6090000000000004	968.771725199647 
0.6100000000000004	968.7688355484088 
0.6110000000000004	968.7658824906966 
0.6120000000000004	968.7628687781033 
0.6130000000000004	968.7597971476736 
0.6140000000000004	968.7566703206385 
0.6150000000000004	968.7534910011817 
0.6160000000000004	968.7502618752364 
0.6170000000000004	968.7469856093136 
0.6180000000000004	968.743664849361 
0.6190000000000004	968.7403022196548 
0.6200000000000004	968.7369003217218 
0.6210000000000004	968.733461733293 
0.6220000000000004	968.7299890072896 
0.6230000000000004	968.7264846708401 
0.6240000000000004	968.7229512243283 
0.6250000000000004	968.7193911404739 
0.6260000000000004	968.7158068634443 
0.6270000000000004	968.7122008079973 
0.6280000000000004	968.7085753586556 
0.6290000000000004	968.7049328689127 
0.6300000000000004	968.7012756604696 
0.6310000000000004	968.6976060225027 
0.6320000000000005	968.6939262109623 
0.6330000000000005	968.6902384479029 
0.6340000000000005	968.6865449208423 
0.6350000000000005	968.6828477821529 
0.6360000000000005	968.679149148482 
0.6370000000000005	968.6754511002027 
0.6380000000000005	968.6717556808943 
0.6390000000000005	968.6680648968521 
0.6400000000000005	968.6643807166271 
0.6410000000000005	968.6607050705941 
0.6420000000000005	968.6570398505489 
0.6430000000000005	968.6533869093341 
0.6440000000000005	968.6497480604925 
0.6450000000000005	968.6461250779489 
0.6460000000000005	968.6425196957199 
0.6470000000000005	968.6389336076498 
0.6480000000000005	968.6353684671744 
0.6490000000000005	968.6318258871108 
0.6500000000000005	968.6283074394743 
0.6510000000000005	968.6248146553197 
0.6520000000000005	968.62134902461 
0.6530000000000005	968.6179119961083 
0.6540000000000005	968.6145049772961 
0.6550000000000005	968.6111293343147 
0.6560000000000005	968.6077863919318 
0.6570000000000005	968.6044774335304 
0.6580000000000005	968.601203701122 
0.6590000000000005	968.5979663953816 
0.6600000000000005	968.5947666757057 
0.6610000000000005	968.5916056602923 
0.6620000000000005	968.5884844262414 
0.6630000000000005	968.5854040096777 
0.6640000000000005	968.5823654058935 
0.6650000000000005	968.5793695695114 
0.6660000000000005	968.5764174146674 
0.6670000000000005	968.5735098152124 
0.6680000000000005	968.5706476049339 
0.6690000000000005	968.5678315777944 
0.6700000000000005	968.5650624881891 
0.6710000000000005	968.5623410512202 
0.6720000000000005	968.5596679429888 
0.6730000000000005	968.5570438009029 
0.6740000000000005	968.5544692240019 
0.6750000000000005	968.5519447732962 
0.6760000000000005	968.5494709721225 
0.6770000000000005	968.5470483065136 
0.6780000000000005	968.5446772255822 
0.6790000000000005	968.5423581419186 
0.6800000000000005	968.5400914320022 
0.6810000000000005	968.5378774366251 
0.6820000000000005	968.5357164613284 
0.6830000000000005	968.5336087768508 
0.6840000000000005	968.5315546195876 
0.6850000000000005	968.5295541920625 
0.6860000000000005	968.5276076634078 
0.6870000000000005	968.5257151698567 
0.6880000000000005	968.5238768152436 
0.6890000000000005	968.5220926715151 
0.6900000000000005	968.5203627792484 
0.6910000000000005	968.5186871481792 
0.6920000000000005	968.5170657577364 
0.6930000000000005	968.5154985575854 
0.6940000000000005	968.5139854681771 
0.6950000000000005	968.512526381305 
0.6960000000000005	968.5111211606668 
0.6970000000000005	968.5097696424335 
0.6980000000000005	968.5084716358224 
0.6990000000000005	968.5072269236754 
0.7000000000000005	968.5060352630423 
0.7010000000000005	968.5048963857681 
0.7020000000000005	968.503809999083 
0.7030000000000005	968.5027757861972 
0.7040000000000005	968.5017934068974 
0.7050000000000005	968.5008624981468 
0.7060000000000005	968.4999826746866 
0.7070000000000005	968.4991535296396 
0.7080000000000005	968.4983746351147 
0.7090000000000005	968.4976455428138 
0.7100000000000005	968.4969657846376 
0.7110000000000005	968.4963348732933 
0.7120000000000005	968.4957523029015 
0.7130000000000005	968.4952175496027 
0.7140000000000005	968.494730072164 
0.7150000000000005	968.4942893125838 
0.7160000000000005	968.4938946966957 
0.7170000000000005	968.4935456347712 
0.7180000000000005	968.4932415221191 
0.7190000000000005	968.4929817396846 
0.7200000000000005	968.4927656546446 
0.7210000000000005	968.4925926210001 
0.7220000000000005	968.4924619801664 
0.7230000000000005	968.4923730615594 
0.7240000000000005	968.4923251831784 
0.7250000000000005	968.492317652185 
0.7260000000000005	968.4923497654776 
0.7270000000000005	968.492420810262 
0.7280000000000005	968.4925300646177 
0.7290000000000005	968.4926767980578 
0.7300000000000005	968.4928602720857 
0.7310000000000005	968.4930797407453 
0.7320000000000005	968.4933344511661 
0.7330000000000005	968.4936236441026 
0.7340000000000005	968.4939465544678 
0.7350000000000005	968.4943024118602 
0.7360000000000005	968.4946904410851 
0.7370000000000005	968.4951098626693 
0.7380000000000005	968.4955598933686 
0.7390000000000005	968.4960397466692 
0.7400000000000005	968.4965486332818 
0.7410000000000005	968.4970857616285 
0.7420000000000005	968.4976503383224 
0.7430000000000005	968.4982415686407 
0.7440000000000005	968.4988586569884 
0.7450000000000006	968.4995008073564 
0.7460000000000006	968.5001672237703 
0.7470000000000006	968.5008571107319 
0.7480000000000006	968.501569673653 
0.7490000000000006	968.5023041192803 
0.7500000000000006	968.5030596561132 
0.7510000000000006	968.5038354948118 
0.7520000000000006	968.5046308485981 
0.7530000000000006	968.5054449336478 
0.7540000000000006	968.5062769694738 
0.7550000000000006	968.5071261793013 
0.7560000000000006	968.5079917904341 
0.7570000000000006	968.5088730346121 
0.7580000000000006	968.5097691483603 
0.7590000000000006	968.5106793733293 
0.7600000000000006	968.5116029566259 
0.7610000000000006	968.5125391511363 
0.7620000000000006	968.5134872158392 
0.7630000000000006	968.5144464161109 
0.7640000000000006	968.515416024021 
0.7650000000000006	968.5163953186192 
0.7660000000000006	968.5173835862139 
0.7670000000000006	968.5183801206406 
0.7680000000000006	968.5193842235226 
0.7690000000000006	968.5203952045223 
0.7700000000000006	968.5214123815836 
0.7710000000000006	968.5224350811653 
0.7720000000000006	968.5234626384666 
0.7730000000000006	968.5244943976423 
0.7740000000000006	968.5255297120107 
0.7750000000000006	968.5265679442515 
0.7760000000000006	968.5276084665962 
0.7770000000000006	968.5286506610092 
0.7780000000000006	968.5296939193602 
0.7790000000000006	968.5307376435884 
0.7800000000000006	968.5317812458583 
0.7810000000000006	968.5328241487066 
0.7820000000000006	968.5338657851815 
0.7830000000000006	968.5349055989733 
0.7840000000000006	968.5359430445361 
0.7850000000000006	968.536977587203 
0.7860000000000006	968.5380087032918 
0.7870000000000006	968.5390358802035 
0.7880000000000006	968.5400586165129 
0.7890000000000006	968.5410764220504 
0.7900000000000006	968.542088817978 
0.7910000000000006	968.5430953368557 
0.7920000000000006	968.5440955227019 
0.7930000000000006	968.5450889310457 
0.7940000000000006	968.5460751289714 
0.7950000000000006	968.5470536951573 
0.7960000000000006	968.5480242199055 
0.7970000000000006	968.5489863051665 
0.7980000000000006	968.5499395645556 
0.7990000000000006	968.5508836233631 
0.8000000000000006	968.5518181185578 
0.8010000000000006	968.5527426987837 
0.8020000000000006	968.553657024351 
0.8030000000000006	968.5545607672195 
0.8040000000000006	968.5554536109775 
0.8050000000000006	968.5563352508125 
0.8060000000000006	968.5572053934783 
0.8070000000000006	968.5580637572544 
0.8080000000000006	968.5589100719009 
0.8090000000000006	968.5597440786065 
0.8100000000000006	968.5605655299331 
0.8110000000000006	968.561374189753 
0.8120000000000006	968.5621698331819 
0.8130000000000006	968.5629522465068 
0.8140000000000006	968.563721227109 
0.8150000000000006	968.5644765833819 
0.8160000000000006	968.5652181346445 
0.8170000000000006	968.5659457110503 
0.8180000000000006	968.5666591534915 
0.8190000000000006	968.5673583134993 
0.8200000000000006	968.5680430531398 
0.8210000000000006	968.5687132449058 
0.8220000000000006	968.569368771605 
0.8230000000000006	968.5700095262443 
0.8240000000000006	968.5706354119104 
0.8250000000000006	968.5712463416467 
0.8260000000000006	968.5718422383272 
0.8270000000000006	968.5724230345273 
0.8280000000000006	968.5729886723909 
0.8290000000000006	968.5735391034946 
0.8300000000000006	968.5740742887094 
0.8310000000000006	968.57459419806 
0.8320000000000006	968.5750988105802 
0.8330000000000006	968.5755881141671 
0.8340000000000006	968.5760621054322 
0.8350000000000006	968.5765207895508 
0.8360000000000006	968.5769641801087 
0.8370000000000006	968.5773922989473 
0.8380000000000006	968.577805176007 
0.8390000000000006	968.5782028491683 
0.8400000000000006	968.5785853640916 
0.8410000000000006	968.5789527740558 
0.8420000000000006	968.5793051397945 
0.8430000000000006	968.5796425293324 
0.8440000000000006	968.5799650178191 
0.8450000000000006	968.5802726873626 
0.8460000000000006	968.5805656268618 
0.8470000000000006	968.5808439318382 
0.8480000000000006	968.5811077042664 
0.8490000000000006	968.5813570524048 
0.8500000000000006	968.5815920906248 
0.8510000000000006	968.5818129392406 
0.8520000000000006	968.5820197243381 
0.8530000000000006	968.5822125776034 
0.8540000000000006	968.5823916361517 
0.8550000000000006	968.5825570423559 
0.8560000000000006	968.5827089436758 
0.8570000000000007	968.5828474924863 
0.8580000000000007	968.582972845907 
0.8590000000000007	968.5830851656318 
0.8600000000000007	968.5831846177591 
0.8610000000000007	968.5832713726217 
0.8620000000000007	968.5833456046184 
0.8630000000000007	968.5834074920463 
0.8640000000000007	968.5834572169322 
0.8650000000000007	968.5834949648676 
0.8660000000000007	968.5835209248419 
0.8670000000000007	968.5835352890788 
0.8680000000000007	968.5835382528721 
0.8690000000000007	968.5835300144241 
0.8700000000000007	968.583510774684 
0.8710000000000007	968.5834807371883 
0.8720000000000007	968.5834401079026 
0.8730000000000007	968.5833890950643 
0.8740000000000007	968.5833279090274 
0.8750000000000007	968.5832567621085 
0.8760000000000007	968.5831758684344 
0.8770000000000007	968.5830854437914 
0.8780000000000007	968.5829857054767 
0.8790000000000007	968.5828768721508 
0.8800000000000007	968.5827591636922 
0.8810000000000007	968.5826328010544 
0.8820000000000007	968.5824980061237 
0.8830000000000007	968.5823550015803 
0.8840000000000007	968.5822040107599 
0.8850000000000007	968.5820452575192 
0.8860000000000007	968.5818789661013 
0.8870000000000007	968.5817053610051 
0.8880000000000007	968.5815246668561 
0.8890000000000007	968.5813371082793 
0.8900000000000007	968.5811429097743 
0.8910000000000007	968.580942295593 
0.8920000000000007	968.5807354896195 
0.8930000000000007	968.5805227152521 
0.8940000000000007	968.5803041952873 
0.8950000000000007	968.5800801518077 
0.8960000000000007	968.5798508060699 
0.8970000000000007	968.5796163783968 
0.8980000000000007	968.579377088072 
0.8990000000000007	968.579133153235 
0.9000000000000007	968.5788847907816 
0.9010000000000007	968.5786322162637 
0.9020000000000007	968.5783756437945 
0.9030000000000007	968.578115285954 
0.9040000000000007	968.5778513536981 
0.9050000000000007	968.5775840562698 
0.9060000000000007	968.577313601113 
0.9070000000000007	968.5770401937891 
0.9080000000000007	968.5767640378955 
0.9090000000000007	968.5764853349871 
0.9100000000000007	968.5762042845 
0.9110000000000007	968.5759210836783 
0.9120000000000007	968.5756359275025 
0.9130000000000007	968.5753490086212 
0.9140000000000007	968.5750605172848 
0.9150000000000007	968.5747706412819 
0.9160000000000007	968.5744795658785 
0.9170000000000007	968.5741874737587 
0.9180000000000007	968.573894544969 
0.9190000000000007	968.5736009568644 
0.9200000000000007	968.573306884057 
0.9210000000000007	968.5730124983673 
0.9220000000000007	968.5727179687774 
0.9230000000000007	968.5724234613872 
0.9240000000000007	968.5721291393725 
0.9250000000000007	968.5718351629457 
0.9260000000000007	968.5715416893189 
0.9270000000000007	968.5712488726689 
0.9280000000000007	968.5709568641049 
0.9290000000000007	968.5706658116386 
0.9300000000000007	968.5703758601559 
0.9310000000000007	968.5700871513912 
0.9320000000000007	968.5697998239046 
0.9330000000000007	968.5695140130598 
0.9340000000000007	968.5692298510054 
0.9350000000000007	968.5689474666575 
0.9360000000000007	968.5686669856854 
0.9370000000000007	968.5683885304979 
0.9380000000000007	968.5681122202334 
0.9390000000000007	968.5678381707501 
0.9400000000000007	968.5675664946198 
0.9410000000000007	968.5672973011228 
0.9420000000000007	968.5670306962451 
0.9430000000000007	968.5667667826767 
0.9440000000000007	968.5665056598132 
0.9450000000000007	968.5662474237574 
0.9460000000000007	968.5659921673247 
0.9470000000000007	968.5657399800481 
0.9480000000000007	968.5654909481867 
0.9490000000000007	968.5652451547353 
0.9500000000000007	968.5650026794349 
0.9510000000000007	968.5647635987859 
0.9520000000000007	968.5645279860626 
0.9530000000000007	968.5642959113281 
0.9540000000000007	968.5640674414532 
0.9550000000000007	968.5638426401337 
0.9560000000000007	968.5636215679117 
0.9570000000000007	968.5634042821969 
0.9580000000000007	968.5631908372895 
0.9590000000000007	968.5629812844049 
0.9600000000000007	968.562775671699 
0.9610000000000007	968.5625740442952 
0.9620000000000007	968.5623764443125 
0.9630000000000007	968.5621829108948 
0.9640000000000007	968.5619934802414 
0.9650000000000007	968.5618081856385 
0.9660000000000007	968.5616270574915 
0.9670000000000007	968.5614501233588 
0.9680000000000007	968.5612774079865 
0.9690000000000007	968.5611089333439 
0.9700000000000008	968.5609447186599 
0.9710000000000008	968.5607847804604 
0.9720000000000008	968.5606291326064 
0.9730000000000008	968.5604777863334 
0.9740000000000008	968.5603307502906 
0.9750000000000008	968.5601880305819 
0.9760000000000008	968.560049630807 
0.9770000000000008	968.5599155521033 
0.9780000000000008	968.5597857931882 
0.9790000000000008	968.5596603504026 
0.9800000000000008	968.5595392177545 
0.9810000000000008	968.559422386963 
0.9820000000000008	968.5593098475032 
0.9830000000000008	968.5592015866513 
0.9840000000000008	968.5590975895304 
0.9850000000000008	968.5589978391565 
0.9860000000000008	968.5589023164845 
0.9870000000000008	968.5588110004552 
0.9880000000000008	968.5587238680423 
0.9890000000000008	968.5586408942996 
0.9900000000000008	968.5585620524087 
0.9910000000000008	968.5584873137262 
0.9920000000000008	968.5584166478325 
0.9930000000000008	968.5583500225787 
0.9940000000000008	968.5582874041356 
0.9950000000000008	968.5582287570419 
0.9960000000000008	968.558174044252 
0.9970000000000008	968.5581232271849 
0.9980000000000008	968.5580762657719 
0.9990000000000008	968.5580331185058 
1.0000000000000007	968.5579937424884 
1.0010000000000006	968.5579580934792 
1.0020000000000004	968.5579261259431 
1.0030000000000003	968.5578977930987 
1.0040000000000002	968.557873046966 
1.0050000000000001	968.5578518384141 
1.006	968.5578341172086 
1.007	968.5578198320588 
1.0079999999999998	968.557808930665 
1.0089999999999997	968.557801359765 
1.0099999999999996	968.5577970651802 
1.0109999999999995	968.5577959918627 
1.0119999999999993	968.55779808394 
1.0129999999999992	968.5578032847615 
1.0139999999999991	968.5578115369426 
1.014999999999999	968.5578227824105 
1.015999999999999	968.5578369624477 
1.0169999999999988	968.5578540177361 
1.0179999999999987	968.5578738884008 
1.0189999999999986	968.5578965140527 
1.0199999999999985	968.5579218338314 
1.0209999999999984	968.557949786447 
1.0219999999999982	968.5579803102218 
1.0229999999999981	968.5580133431312 
1.023999999999998	968.5580488228444 
1.024999999999998	968.5580866867646 
1.0259999999999978	968.5581268720676 
1.0269999999999977	968.5581693157419 
1.0279999999999976	968.5582139546258 
1.0289999999999975	968.5582607254458 
1.0299999999999974	968.5583095648537 
1.0309999999999973	968.5583604094627 
1.0319999999999971	968.5584131958834 
1.032999999999997	968.5584678607596 
1.033999999999997	968.558524340802 
1.0349999999999968	968.5585825728228 
1.0359999999999967	968.5586424937691 
1.0369999999999966	968.5587040407548 
1.0379999999999965	968.5587671510935 
1.0389999999999964	968.5588317623294 
1.0399999999999963	968.5588978122678 
1.0409999999999962	968.5589652390051 
1.041999999999996	968.5590339809587 
1.042999999999996	968.5591039768947 
1.0439999999999958	968.5591751659562 
1.0449999999999957	968.5592474876905 
1.0459999999999956	968.5593208820758 
1.0469999999999955	968.5593952895464 
1.0479999999999954	968.5594706510183 
1.0489999999999953	968.5595469079133 
1.0499999999999952	968.5596240021829 
1.050999999999995	968.559701876331 
1.051999999999995	968.5597804734363 
1.0529999999999948	968.5598597371737 
1.0539999999999947	968.5599396118356 
1.0549999999999946	968.5600200423512 
1.0559999999999945	968.5601009743066 
1.0569999999999944	968.5601823539631 
1.0579999999999943	968.5602641282758 
1.0589999999999942	968.56034624491 
1.059999999999994	968.5604286522585 
1.060999999999994	968.5605112994574 
1.0619999999999938	968.560594136401 
1.0629999999999937	968.5606771137569 
1.0639999999999936	968.5607601829793 
1.0649999999999935	968.5608432963222 
1.0659999999999934	968.5609264068524 
1.0669999999999933	968.561009468461 
1.0679999999999932	968.5610924358741 
1.068999999999993	968.5611752646643 
1.069999999999993	968.5612579112596 
1.0709999999999928	968.5613403329534 
1.0719999999999927	968.5614224879122 
1.0729999999999926	968.5615043351843 
1.0739999999999925	968.5615858347066 
1.0749999999999924	968.5616669473116 
1.0759999999999923	968.561747634733 
1.0769999999999922	968.5618278596118 
1.077999999999992	968.5619075855005 
1.078999999999992	968.5619867768679 
1.0799999999999919	968.5620653991023 
1.0809999999999917	968.5621434185148 
1.0819999999999916	968.562220802342 
1.0829999999999915	968.562297518748 
1.0839999999999914	968.5623735368252 
1.0849999999999913	968.5624488265962 
1.0859999999999912	968.5625233590131 
1.086999999999991	968.5625971059579 
1.087999999999991	968.5626700402421 
1.0889999999999909	968.5627421356048 
1.0899999999999908	968.5628133667116 
1.0909999999999906	968.562883709152 
1.0919999999999905	968.562953139437 
1.0929999999999904	968.5630216349962 
1.0939999999999903	968.5630891741736 
1.0949999999999902	968.5631557362243 
1.09599999999999	968.5632213013097 
1.09699999999999	968.5632858504924 
1.0979999999999899	968.5633493657316 
1.0989999999999898	968.5634118298766 
1.0999999999999897	968.5634732266614 
1.1009999999999895	968.5635335406977 
1.1019999999999894	968.5635927574685 
1.1029999999999893	968.5636508633206 
1.1039999999999892	968.5637078454571 
1.104999999999989	968.5637636919296 
1.105999999999989	968.5638183916298 
1.1069999999999889	968.563871934281 
1.1079999999999888	968.5639243104295 
1.1089999999999887	968.5639755114348 
1.1099999999999886	968.5640255294609 
1.1109999999999884	968.5640743574659 
1.1119999999999883	968.5641219891924 
1.1129999999999882	968.5641684191569 
1.113999999999988	968.5642136426397 
1.114999999999988	968.5642576556739 
1.115999999999988	968.5643004550343 
1.1169999999999878	968.5643420382262 
1.1179999999999877	968.5643824034743 
1.1189999999999876	968.5644215497106 
1.1199999999999875	968.5644594765631 
1.1209999999999873	968.5644961843434 
1.1219999999999872	968.5645316740346 
1.1229999999999871	968.5645659472793 
1.123999999999987	968.5645990063667 
1.124999999999987	968.5646308542205 
1.1259999999999868	968.5646614943853 
1.1269999999999867	968.5646909310149 
1.1279999999999866	968.5647191688582 
1.1289999999999865	968.5647462132472 
1.1299999999999863	968.5647720700827 
1.1309999999999862	968.5647967458219 
1.1319999999999861	968.5648202474648 
1.132999999999986	968.5648425825406 
1.133999999999986	968.5648637590945 
1.1349999999999858	968.564883785674 
1.1359999999999857	968.5649026713157 
1.1369999999999856	968.5649204255312 
1.1379999999999855	968.5649370582938 
1.1389999999999854	968.5649525800249 
1.1399999999999852	968.5649670015799 
1.1409999999999851	968.5649803342355 
1.141999999999985	968.5649925896753 
1.142999999999985	968.565003779976 
1.1439999999999848	968.5650139175945 
1.1449999999999847	968.5650230153539 
1.1459999999999846	968.5650310864299 
1.1469999999999845	968.5650381443378 
1.1479999999999844	968.5650442029183 
1.1489999999999843	968.5650492763247 
1.1499999999999841	968.5650533790091 
1.150999999999984	968.5650565257098 
1.151999999999984	968.5650587314373 
1.1529999999999838	968.5650600114616 
1.1539999999999837	968.5650603812993 
1.1549999999999836	968.5650598567006 
1.1559999999999835	968.565058453636 
1.1569999999999834	968.5650561882842 
1.1579999999999833	968.5650530770191 
1.1589999999999832	968.5650491363974 
1.159999999999983	968.5650443831463 
1.160999999999983	968.5650388341508 
1.1619999999999828	968.565032506442 
1.1629999999999827	968.565025417185 
1.1639999999999826	968.565017583667 
1.1649999999999825	968.5650090232853 
1.1659999999999824	968.564999753536 
1.1669999999999823	968.5649897920025 
1.1679999999999822	968.5649791563443 
1.168999999999982	968.5649678642854 
1.169999999999982	968.5649559336041 
1.1709999999999818	968.5649433821212 
1.1719999999999817	968.5649302276904 
1.1729999999999816	968.5649164881869 
1.1739999999999815	968.5649021814977 
1.1749999999999814	968.5648873255113 
1.1759999999999813	968.5648719381076 
1.1769999999999812	968.564856037148 
1.177999999999981	968.5648396404665 
1.178999999999981	968.5648227658593 
1.1799999999999808	968.5648054310763 
1.1809999999999807	968.5647876538118 
1.1819999999999806	968.5647694516957 
1.1829999999999805	968.5647508422849 
1.1839999999999804	968.5647318430543 
1.1849999999999803	968.5647124713896 
1.1859999999999802	968.5646927445781 
1.18699999999998	968.5646726798014 
1.18799999999998	968.5646522941278 
1.1889999999999799	968.5646316045043 
1.1899999999999797	968.5646106277499 
1.1909999999999796	968.5645893805481 
1.1919999999999795	968.5645678794402 
1.1929999999999794	968.5645461408186 
1.1939999999999793	968.5645241809201 
1.1949999999999792	968.5645020158199 
1.195999999999979	968.5644796614254 
1.196999999999979	968.56445713347 
1.1979999999999789	968.564434447508 
1.1989999999999787	968.5644116189087 
1.1999999999999786	968.5643886628511 
1.2009999999999785	968.564365594319 
1.2019999999999784	968.5643424280961 
1.2029999999999783	968.5643191787609 
1.2039999999999782	968.5642958606828 
1.204999999999978	968.5642724880173 
1.205999999999978	968.5642490747022 
1.2069999999999779	968.5642256344534 
1.2079999999999778	968.5642021807614 
1.2089999999999776	968.5641787268878 
1.2099999999999775	968.5641552858617 
1.2109999999999774	968.5641318704766 
1.2119999999999773	968.5641084932876 
1.2129999999999772	968.5640851666085 
1.213999999999977	968.5640619025091 
1.214999999999977	968.564038712813 
1.2159999999999769	968.5640156090951 
1.2169999999999768	968.5639926026796 
1.2179999999999767	968.5639697046383 
1.2189999999999765	968.5639469257886 
1.2199999999999764	968.5639242766922 
1.2209999999999763	968.5639017676534 
1.2219999999999762	968.5638794087182 
1.222999999999976	968.5638572096732 
1.223999999999976	968.5638351800445 
1.2249999999999759	968.5638133290972 
1.2259999999999758	968.5637916658349 
1.2269999999999757	968.5637701989987 
1.2279999999999756	968.5637489370677 
1.2289999999999754	968.5637278882585 
1.2299999999999753	968.5637070605254 
1.2309999999999752	968.5636864615603 
1.2319999999999751	968.5636660987934 
1.232999999999975	968.5636459793932 
1.233999999999975	968.5636261102676 
1.2349999999999748	968.5636064980642 
1.2359999999999747	968.5635871491718 
1.2369999999999746	968.5635680697204 
1.2379999999999745	968.5635492655833 
1.2389999999999743	968.5635307423779 
1.2399999999999742	968.5635125054669 
1.2409999999999741	968.5634945599601 
1.241999999999974	968.563476910716 
1.242999999999974	968.5634595623432 
1.2439999999999738	968.5634425192025 
1.2449999999999737	968.5634257854086 
1.2459999999999736	968.5634093648326 
1.2469999999999735	968.5633932611036 
1.2479999999999734	968.5633774776109 
1.2489999999999732	968.5633620175067 
1.2499999999999731	968.5633468837086 
1.250999999999973	968.5633320789015 
1.251999999999973	968.5633176055404 
1.2529999999999728	968.5633034658536 
1.2539999999999727	968.5632896618447 
1.2549999999999726	968.5632761952959 
1.2559999999999725	968.5632630677707 
1.2569999999999724	968.5632502806168 
1.2579999999999723	968.5632378349694 
1.2589999999999721	968.5632257317542 
1.259999999999972	968.5632139716902 
1.260999999999972	968.5632025552934 
1.2619999999999718	968.5631914828798 
1.2629999999999717	968.563180754569 
1.2639999999999716	968.5631703702871 
1.2649999999999715	968.5631603297708 
1.2659999999999714	968.5631506325701 
1.2669999999999713	968.5631412780526 
1.2679999999999712	968.5631322654064 
1.268999999999971	968.5631235936439 
1.269999999999971	968.5631152616057 
1.2709999999999708	968.5631072679641 
1.2719999999999707	968.5630996112264 
1.2729999999999706	968.5630922897393 
1.2739999999999705	968.5630853016921 
1.2749999999999704	968.5630786451208 
1.2759999999999703	968.5630723179114 
1.2769999999999702	968.5630663178044 
1.27799999999997	968.5630606423982 
1.27899999999997	968.5630552891528 
1.2799999999999698	968.5630502553938 
1.2809999999999697	968.5630455383165 
1.2819999999999696	968.5630411349891 
1.2829999999999695	968.5630370423573 
1.2839999999999694	968.5630332572476 
1.2849999999999693	968.5630297763714 
1.2859999999999692	968.5630265963288 
1.286999999999969	968.5630237136122 
1.287999999999969	968.5630211246106 
1.2889999999999688	968.5630188256132 
1.2899999999999687	968.563016812813 
1.2909999999999686	968.5630150823109 
1.2919999999999685	968.5630136301195 
1.2929999999999684	968.5630124521664 
1.2939999999999683	968.5630115442984 
1.2949999999999682	968.5630109022854 
1.295999999999968	968.5630105218235 
1.296999999999968	968.5630103985388 
1.2979999999999678	968.5630105279918 
1.2989999999999677	968.5630109056799 
1.2999999999999676	968.563011527042 
1.3009999999999675	968.5630123874614 
1.3019999999999674	968.5630134822695 
1.3029999999999673	968.5630148067496 
1.3039999999999672	968.5630163561399 
1.304999999999967	968.5630181256372 
1.305999999999967	968.5630201104003 
1.3069999999999669	968.5630223055534 
1.3079999999999667	968.5630247061893 
1.3089999999999666	968.5630273073724 
1.3099999999999665	968.5630301041427 
1.3109999999999664	968.5630330915183 
1.3119999999999663	968.5630362644986 
1.3129999999999662	968.5630396180678 
1.313999999999966	968.5630431471977 
1.314999999999966	968.5630468468509 
1.3159999999999659	968.5630507119831 
1.3169999999999658	968.5630547375471 
1.3179999999999656	968.5630589184947 
1.3189999999999655	968.5630632497799 
1.3199999999999654	968.5630677263621 
1.3209999999999653	968.5630723432078 
1.3219999999999652	968.563077095294 
1.322999999999965	968.5630819776109 
1.323999999999965	968.5630869851639 
1.3249999999999649	968.5630921129765 
1.3259999999999648	968.5630973560927 
1.3269999999999647	968.5631027095793 
1.3279999999999645	968.5631081685283 
1.3289999999999644	968.5631137280591 
1.3299999999999643	968.5631193833209 
1.3309999999999642	968.5631251294947 
1.331999999999964	968.5631309617953 
1.332999999999964	968.5631368754739 
1.3339999999999639	968.5631428658196 
1.3349999999999638	968.5631489281615 
1.3359999999999637	968.5631550578704 
1.3369999999999636	968.5631612503612 
1.3379999999999634	968.5631675010941 
1.3389999999999633	968.5631738055765 
1.3399999999999632	968.5631801593648 
1.340999999999963	968.5631865580659 
1.341999999999963	968.5631929973387 
1.342999999999963	968.5631994728957 
1.3439999999999628	968.5632059805044 
1.3449999999999627	968.5632125159888 
1.3459999999999626	968.5632190752304 
1.3469999999999624	968.56322565417 
1.3479999999999623	968.5632322488083 
1.3489999999999622	968.5632388552076 
1.3499999999999621	968.5632454694927 
1.350999999999962	968.5632520878518 
1.351999999999962	968.5632587065378 
1.3529999999999618	968.563265321869 
1.3539999999999617	968.5632719302303 
1.3549999999999616	968.5632785280734 
1.3559999999999615	968.5632851119186 
1.3569999999999613	968.5632916783546 
1.3579999999999612	968.5632982240397 
1.3589999999999611	968.5633047457023 
1.359999999999961	968.5633112401415 
1.360999999999961	968.5633177042275 
1.3619999999999608	968.5633241349025 
1.3629999999999607	968.5633305291806 
1.3639999999999606	968.5633368841485 
1.3649999999999605	968.5633431969659 
1.3659999999999604	968.5633494648656 
1.3669999999999602	968.563355685154 
1.3679999999999601	968.5633618552109 
1.36899999999996	968.5633679724904 
1.36999999999996	968.5633740345199 
1.3709999999999598	968.5633800389014 
1.3719999999999597	968.5633859833106 
1.3729999999999596	968.5633918654974 
1.3739999999999595	968.5633976832855 
1.3749999999999594	968.563403434573 
1.3759999999999593	968.5634091173314 
1.3769999999999591	968.5634147296057 
1.377999999999959	968.5634202695146 
1.378999999999959	968.5634257352499 
1.3799999999999588	968.5634311250762 
1.3809999999999587	968.5634364373309 
1.3819999999999586	968.5634416704232 
1.3829999999999585	968.5634468228347 
1.3839999999999584	968.5634518931181 
1.3849999999999583	968.563456879897 
1.3859999999999582	968.5634617818657 
1.386999999999958	968.5634665977884 
1.387999999999958	968.5634713264989 
1.3889999999999578	968.5634759668997 
1.3899999999999577	968.5634805179616 
1.3909999999999576	968.5634849787231 
1.3919999999999575	968.5634893482897 
1.3929999999999574	968.5634936258334 
1.3939999999999573	968.5634978105916 
1.3949999999999572	968.5635019018665 
1.395999999999957	968.5635058990249 
1.396999999999957	968.5635098014965 
1.3979999999999568	968.5635136087737 
1.3989999999999567	968.5635173204109 
1.3999999999999566	968.5635209360232 
1.4009999999999565	968.5635244552859 
1.4019999999999564	968.5635278779334 
1.4029999999999563	968.5635312037585 
1.4039999999999562	968.5635344326114 
1.404999999999956	968.5635375643986 
1.405999999999956	968.5635405990824 
1.4069999999999558	968.5635435366796 
1.4079999999999557	968.5635463772606 
1.4089999999999556	968.5635491209486 
1.4099999999999555	968.5635517679179 
1.4109999999999554	968.5635543183944 
1.4119999999999553	968.5635567726528 
1.4129999999999552	968.5635591310167 
1.413999999999955	968.5635613938575 
1.414999999999955	968.5635635615929 
1.4159999999999549	968.5635656346861 
1.4169999999999547	968.5635676136449 
1.4179999999999546	968.5635694990202 
1.4189999999999545	968.5635712914055 
1.4199999999999544	968.5635729914355 
1.4209999999999543	968.5635745997849 
1.4219999999999542	968.5635761171677 
1.422999999999954	968.5635775443358 
1.423999999999954	968.5635788820779 
1.4249999999999539	968.5635801312187 
1.4259999999999537	968.5635812926178 
1.4269999999999536	968.563582367168 
1.4279999999999535	968.5635833557951 
1.4289999999999534	968.5635842594562 
1.4299999999999533	968.563585079139 
1.4309999999999532	968.5635858158602 
1.431999999999953	968.563586470665 
1.432999999999953	968.5635870446257 
1.4339999999999529	968.5635875388408 
1.4349999999999528	968.5635879544337 
1.4359999999999526	968.5635882925519 
1.4369999999999525	968.5635885543657 
1.4379999999999524	968.5635887410672 
1.4389999999999523	968.5635888538694 
1.4399999999999522	968.5635888940053 
1.440999999999952	968.5635888627263 
1.441999999999952	968.5635887613016 
1.4429999999999519	968.5635885910173 
1.4439999999999518	968.563588353175 
1.4449999999999517	968.5635880490911 
1.4459999999999515	968.5635876800957 
1.4469999999999514	968.5635872475316 
1.4479999999999513	968.5635867527534 
1.4489999999999512	968.5635861971265 
1.449999999999951	968.5635855820261 
1.450999999999951	968.5635849088366 
1.4519999999999509	968.5635841789499 
1.4529999999999508	968.5635833937654 
1.4539999999999507	968.5635825546885 
1.4549999999999506	968.56358166313 
1.4559999999999504	968.563580720505 
1.4569999999999503	968.5635797282322 
1.4579999999999502	968.563578687733 
1.4589999999999501	968.5635776004307 
1.45999999999995	968.5635764677496 
1.46099999999995	968.5635752911144 
1.4619999999999498	968.5635740719489 
1.4629999999999497	968.5635728116758 
1.4639999999999496	968.5635715117157 
1.4649999999999495	968.5635701734864 
1.4659999999999493	968.5635687984018 
1.4669999999999492	968.5635673878717 
1.4679999999999491	968.5635659433009 
1.468999999999949	968.5635644660883 
1.469999999999949	968.5635629576267 
1.4709999999999488	968.5635614193015 
1.4719999999999487	968.5635598524908 
1.4729999999999486	968.563558258564 
1.4739999999999485	968.5635566388816 
1.4749999999999484	968.5635549947946 
1.4759999999999482	968.5635533276441 
1.4769999999999481	968.5635516387601 
1.477999999999948	968.5635499294618 
1.478999999999948	968.5635482010563 
1.4799999999999478	968.5635464548384 
1.4809999999999477	968.5635446920902 
1.4819999999999476	968.5635429140806 
1.4829999999999475	968.5635411220645 
1.4839999999999474	968.5635393172827 
1.4849999999999473	968.5635375009613 
1.4859999999999471	968.5635356743113 
1.486999999999947	968.5635338385284 
1.487999999999947	968.5635319947922 
1.4889999999999468	968.5635301442661 
1.4899999999999467	968.5635282880969 
1.4909999999999466	968.5635264274143 
1.4919999999999465	968.563524563331 
1.4929999999999464	968.5635226969418 
1.4939999999999463	968.5635208293237 
1.4949999999999461	968.5635189615355 
1.495999999999946	968.5635170946174 
1.496999999999946	968.5635152295912 
1.4979999999999458	968.5635133674593 
1.4989999999999457	968.5635115092055 
1.4999999999999456	968.5635096557935 
1.5009999999999455	968.5635078081681 
1.5019999999999454	968.5635059672538 
1.5029999999999453	968.5635041339555 
1.5039999999999452	968.5635023091577 
1.504999999999945	968.563500493725 
1.505999999999945	968.5634986885015 
1.5069999999999448	968.5634968943108 
1.5079999999999447	968.563495111956 
1.5089999999999446	968.5634933422193 
1.5099999999999445	968.5634915858627 
1.5109999999999444	968.5634898436269 
1.5119999999999443	968.5634881162321 
1.5129999999999442	968.5634864043774 
1.513999999999944	968.5634847087412 
1.514999999999944	968.5634830299808 
1.5159999999999438	968.5634813687329 
1.5169999999999437	968.5634797256131 
1.5179999999999436	968.5634781012161 
1.5189999999999435	968.5634764961159 
1.5199999999999434	968.5634749108656 
