0.0	1000.8975239070218 
0.001	1001.7895916065627 
0.002	1002.6759220841778 
0.003	1003.5562487986841 
0.004	1004.4303193302178 
0.005	1005.2978947496541 
0.006	1006.1587487845698 
0.007	1007.0126668446004 
0.008	1007.8594449583521 
0.009000000000000001	1008.698888664772 
0.010000000000000002	1009.5308118938952 
0.011000000000000003	1010.3550358650182 
0.012000000000000004	1011.1713880244494 
0.013000000000000005	1011.9797010399634 
0.014000000000000005	1012.7798118647959 
0.015000000000000006	1013.5715608803972 
0.016000000000000007	1014.354791124113 
0.017000000000000008	1015.1293476054102 
0.01800000000000001	1015.8950767121526 
0.01900000000000001	1016.6518257066964 
0.02000000000000001	1017.399442310163 
0.02100000000000001	1018.1377743721196 
0.022000000000000013	1018.8666696220132 
0.023000000000000013	1019.5859754980237 
0.024000000000000014	1020.2955390485009 
0.025000000000000015	1020.9952069008017 
0.026000000000000016	1021.684825292117 
0.027000000000000017	1022.3642401567644 
0.028000000000000018	1023.0332972643914 
0.02900000000000002	1023.6918424035833 
0.03000000000000002	1024.3397216054716 
0.03100000000000002	1024.9767814020945 
0.03200000000000002	1025.6028691144538 
0.03300000000000002	1026.217833165431 
0.03400000000000002	1026.8215234129727 
0.035000000000000024	1027.4137914992114 
0.036000000000000025	1027.9944912114595 
0.037000000000000026	1028.5634788512916 
0.03800000000000003	1029.1206136082026 
0.03900000000000003	1029.66575793461 
0.04000000000000003	1030.1987779192423 
0.04100000000000003	1030.719543656217 
0.04200000000000003	1031.2279296073748 
0.04300000000000003	1031.7238149556858 
0.04400000000000003	1032.207083947783 
0.04500000000000003	1032.6776262239066 
0.046000000000000034	1033.1353371337607 
0.047000000000000035	1033.5801180369906 
0.048000000000000036	1034.0118765871814 
0.04900000000000004	1034.4305269984604 
0.05000000000000004	1034.835990293955 
0.05100000000000004	1035.2281945355178 
0.05200000000000004	1035.6070750342735 
0.05300000000000004	1035.972574541682 
0.05400000000000004	1036.3246434209284 
0.05500000000000004	1036.6632397985752 
0.05600000000000004	1036.9883296965036 
0.057000000000000044	1037.299887144274 
0.058000000000000045	1037.5978942721154 
0.059000000000000045	1037.882341384832 
0.060000000000000046	1038.1532270169803 
0.06100000000000005	1038.4105579697325 
0.06200000000000005	1038.6543493298948 
0.06300000000000004	1038.8846244715915 
0.06400000000000004	1039.1014150411713 
0.06500000000000004	1039.3047609259197 
0.06600000000000004	1039.494710207193 
0.06700000000000005	1039.6713190986115 
0.06800000000000005	1039.8346518699677 
0.06900000000000005	1039.9847807575193 
0.07000000000000005	1040.1217858613452 
0.07100000000000005	1040.2457550304523 
0.07200000000000005	1040.3567837363184 
0.07300000000000005	1040.454974935563 
0.07400000000000005	1040.5404389224298 
0.07500000000000005	1040.6132931717589 
0.07600000000000005	1040.673662173126 
0.07700000000000005	1040.721677256807 
0.07800000000000006	1040.757476412221 
0.07900000000000006	1040.7812040994925 
0.08000000000000006	1040.7930110547534 
0.08100000000000006	1040.7930540897974 
0.08200000000000006	1040.7814958866782 
0.08300000000000006	1040.7585047878267 
0.08400000000000006	1040.7242545822455 
0.08500000000000006	1040.6789242883199 
0.08600000000000006	1040.622697933765 
0.08700000000000006	1040.5557643332104 
0.08800000000000006	1040.478316863904 
0.08900000000000007	1040.3905532399956 
0.09000000000000007	1040.2926752858448 
0.09100000000000007	1040.1848887087722 
0.09200000000000007	1040.0674028716594 
0.09300000000000007	1039.9404305657804 
0.09400000000000007	1039.8041877842272 
0.09500000000000007	1039.6588934962765 
0.09600000000000007	1039.5047694230225 
0.09700000000000007	1039.3420398145836 
0.09800000000000007	1039.1709312291748 
0.09900000000000007	1038.9916723143158 
0.10000000000000007	1038.8044935904313 
0.10100000000000008	1038.6096272370812 
0.10200000000000008	1038.4073068820437 
0.10300000000000008	1038.1977673934564 
0.10400000000000008	1037.9812446752076 
0.10500000000000008	1037.7579754657531 
0.10600000000000008	1037.5281971405213 
0.10700000000000008	1037.2921475180522 
0.10800000000000008	1037.0500646700086 
0.10900000000000008	1036.802186735179 
0.11000000000000008	1036.5487517375825 
0.11100000000000008	1036.289997408772 
0.11200000000000009	1036.0261610144262 
0.11300000000000009	1035.757479185301 
0.11400000000000009	1035.4841877526094 
0.11500000000000009	1035.206521587884 
0.11600000000000009	1034.9247144473684 
0.11700000000000009	1034.6389988209746 
0.11800000000000009	1034.3496057858354 
0.11900000000000009	1034.0567648644721 
0.12000000000000009	1033.760703887592 
0.1210000000000001	1033.4616488615175 
0.1220000000000001	1033.159823840253 
0.1230000000000001	1032.855450802175 
0.1240000000000001	1032.5487495313357 
0.12500000000000008	1032.2399375033615 
0.12600000000000008	1031.9292297759205 
0.12700000000000009	1031.61683888373 
0.12800000000000009	1031.302974738071 
0.1290000000000001	1030.9878445307713 
0.1300000000000001	1030.6716526426126 
0.1310000000000001	1030.3546005561197 
0.1320000000000001	1030.0368867726797 
0.1330000000000001	1029.7187067339373 
0.1340000000000001	1029.4002527474152 
0.1350000000000001	1029.0817139162964 
0.1360000000000001	1028.7632760733118 
0.1370000000000001	1028.4451217186672 
0.1380000000000001	1028.127429961947 
0.1390000000000001	1027.8103764679263 
0.1400000000000001	1027.4941334062255 
0.1410000000000001	1027.1788694047343 
0.1420000000000001	1026.864749506738 
0.1430000000000001	1026.5519351316711 
0.1440000000000001	1026.240584039427 
0.1450000000000001	1025.9308502981496 
0.1460000000000001	1025.6228842554326 
0.1470000000000001	1025.316832512851 
0.1480000000000001	1025.0128379037512 
0.1490000000000001	1024.711039474222 
0.1500000000000001	1024.4115724671733 
0.1510000000000001	1024.114568309445 
0.1520000000000001	1023.8201546018714 
0.1530000000000001	1023.5284551122245 
0.1540000000000001	1023.2395897709624 
0.1550000000000001	1022.9536746697071 
0.1560000000000001	1022.6708220623763 
0.1570000000000001	1022.3911403688963 
0.1580000000000001	1022.1147341814212 
0.1590000000000001	1021.8417042729855 
0.16000000000000011	1021.5721476085178 
0.16100000000000012	1021.3061573581433 
0.16200000000000012	1021.0438229127042 
0.16300000000000012	1020.7852299014261 
0.16400000000000012	1020.530460211663 
0.16500000000000012	1020.2795920106497 
0.16600000000000012	1020.0326997691942 
0.16700000000000012	1019.7898542872433 
0.16800000000000012	1019.551122721254 
0.16900000000000012	1019.3165686133058 
0.17000000000000012	1019.0862519218888 
0.17100000000000012	1018.8602290543045 
0.17200000000000013	1018.6385529006154 
0.17300000000000013	1018.4212728690833 
0.17400000000000013	1018.2084349230329 
0.17500000000000013	1018.0000816190835 
0.17600000000000013	1017.7962521466883 
0.17700000000000013	1017.5969823689229 
0.17800000000000013	1017.4023048644679 
0.17900000000000013	1017.2122489707272 
0.18000000000000013	1017.0268408280293 
0.18100000000000013	1016.8461034248562 
0.18200000000000013	1016.6700566440461 
0.18300000000000013	1016.4987173099202 
0.18400000000000014	1016.3320992362801 
0.18500000000000014	1016.1702132752274 
0.18600000000000014	1016.0130673667546 
0.18700000000000014	1015.8606665890607 
0.18800000000000014	1015.713013209543 
0.18900000000000014	1015.5701067364199 
0.19000000000000014	1015.4319439709376 
0.19100000000000014	1015.2985190601182 
0.19200000000000014	1015.1698235500038 
0.19300000000000014	1015.0458464393554 
0.19400000000000014	1014.9265742337639 
0.19500000000000015	1014.8119910001323 
0.19600000000000015	1014.7020784214901 
0.19700000000000015	1014.5968158520996 
0.19800000000000015	1014.4961803728157 
0.19900000000000015	1014.4001468466643 
0.20000000000000015	1014.3086879745982 
0.20100000000000015	1014.2217743513997 
0.20200000000000015	1014.1393745216913 
0.20300000000000015	1014.0614550360218 
0.20400000000000015	1013.9879805069954 
0.20500000000000015	1013.9189136654093 
0.20600000000000016	1013.8542154163695 
0.20700000000000016	1013.793844895354 
0.20800000000000016	1013.7377595241918 
0.20900000000000016	1013.68591506693 
0.21000000000000016	1013.6382656855588 
0.21100000000000016	1013.5947639955684 
0.21200000000000016	1013.555361121308 
0.21300000000000016	1013.5200067511227 
0.21400000000000016	1013.4886491922416 
0.21500000000000016	1013.4612354253925 
0.21600000000000016	1013.4377111591172 
0.21700000000000016	1013.4180208837666 
0.21800000000000017	1013.4021079251504 
0.21900000000000017	1013.3899144978194 
0.22000000000000017	1013.3813817579597 
0.22100000000000017	1013.376449855877 
0.22200000000000017	1013.3750579880508 
0.22300000000000017	1013.3771444487392 
0.22400000000000017	1013.3826466811146 
0.22500000000000017	1013.3915013279127 
0.22600000000000017	1013.4036442815761 
0.22700000000000017	1013.4190107338765 
0.22800000000000017	1013.4375352249967 
0.22900000000000018	1013.4591516920605 
0.23000000000000018	1013.4837935170895 
0.23100000000000018	1013.5113935743777 
0.23200000000000018	1013.541884277266 
0.23300000000000018	1013.5751976243034 
0.23400000000000018	1013.611265244784 
0.23500000000000018	1013.6500184436446 
0.23600000000000018	1013.6913882457131 
0.23700000000000018	1013.7353054392947 
0.23800000000000018	1013.7817006190861 
0.23900000000000018	1013.8305042284073 
0.24000000000000019	1013.8816466007409 
0.2410000000000002	1013.9350580005691 
0.2420000000000002	1013.9906686635021 
0.2430000000000002	1014.0484088356859 
0.2440000000000002	1014.1082088124854 
0.2450000000000002	1014.1699989764336 
0.2460000000000002	1014.2337098344407 
0.2470000000000002	1014.2992720542569 
0.2480000000000002	1014.3666165001833 
0.2490000000000002	1014.4356742680258 
0.25000000000000017	1014.5063767192862 
0.25100000000000017	1014.5786555145883 
0.25200000000000017	1014.6524426463324 
0.25300000000000017	1014.7276704705776 
0.25400000000000017	1014.8042717381467 
0.25500000000000017	1014.8821796249528 
0.25600000000000017	1014.9613277615442 
0.2570000000000002	1015.0416502618679 
0.2580000000000002	1015.1230817512474 
0.2590000000000002	1015.2055573935776 
0.2600000000000002	1015.2890129177337 
0.2610000000000002	1015.3733846431955 
0.2620000000000002	1015.4586095048869 
0.2630000000000002	1015.5446250772316 
0.2640000000000002	1015.6313695974261 
0.2650000000000002	1015.7187819879323 
0.2660000000000002	1015.8068018781901 
0.2670000000000002	1015.8953696255536 
0.2680000000000002	1015.9844263354532 
0.2690000000000002	1016.0739138807866 
0.2700000000000002	1016.1637749205412 
0.2710000000000002	1016.2539529176537 
0.2720000000000002	1016.3443921561081 
0.2730000000000002	1016.4350377572792 
0.2740000000000002	1016.5258356955236 
0.2750000000000002	1016.6167328130254 
0.2760000000000002	1016.7076768339003 
0.2770000000000002	1016.7986163775649 
0.2780000000000002	1016.8895009713757 
0.2790000000000002	1016.9802810625443 
0.2800000000000002	1017.0709080293366 
0.2810000000000002	1017.1613341915597 
0.2820000000000002	1017.2515128203469 
0.2830000000000002	1017.3413981472446 
0.2840000000000002	1017.4309453726111 
0.2850000000000002	1017.5201106733329 
0.2860000000000002	1017.608851209868 
0.2870000000000002	1017.6971251326231 
0.2880000000000002	1017.7848915876732 
0.2890000000000002	1017.8721107218324 
0.2900000000000002	1017.9587436870847 
0.2910000000000002	1018.0447526443825 
0.2920000000000002	1018.1301007668228 
0.2930000000000002	1018.2147522422113 
0.2940000000000002	1018.2986722750207 
0.2950000000000002	1018.3818270877562 
0.2960000000000002	1018.4641839217348 
0.2970000000000002	1018.5457110372919 
0.2980000000000002	1018.6263777134202 
0.2990000000000002	1018.7061542468562 
0.3000000000000002	1018.7850119506204 
0.3010000000000002	1018.8629231520241 
0.3020000000000002	1018.939861190152 
0.3030000000000002	1019.0158004128314 
0.3040000000000002	1019.0907161730986 
0.3050000000000002	1019.164584825174 
0.3060000000000002	1019.2373837199546 
0.3070000000000002	1019.3090912000376 
0.3080000000000002	1019.3796865942838 
0.3090000000000002	1019.4491502119325 
0.3100000000000002	1019.5174633362792 
0.3110000000000002	1019.5846082179274 
0.3120000000000002	1019.6505680676247 
0.3130000000000002	1019.7153270486948 
0.3140000000000002	1019.7788702690772 
0.3150000000000002	1019.8411837729851 
0.3160000000000002	1019.9022545321927 
0.3170000000000002	1019.9620704369637 
0.3180000000000002	1020.0206202866314 
0.31900000000000023	1020.0778937798425 
0.32000000000000023	1020.1338815044758 
0.32100000000000023	1020.1885749272454 
0.32200000000000023	1020.2419663830025 
0.32300000000000023	1020.2940490637432 
0.32400000000000023	1020.3448170073377 
0.32500000000000023	1020.3942650859882 
0.32600000000000023	1020.4423889944286 
0.32700000000000023	1020.4891852378768 
0.32800000000000024	1020.5346511197495 
0.32900000000000024	1020.5787847291521 
0.33000000000000024	1020.6215849281525 
0.33100000000000024	1020.6630513388513 
0.33200000000000024	1020.7031843302582 
0.33300000000000024	1020.7419850049848 
0.33400000000000024	1020.7794551857659 
0.33500000000000024	1020.8155974018173 
0.33600000000000024	1020.8504148750432 
0.33700000000000024	1020.8839115061011 
0.33800000000000024	1020.9160918603357 
0.33900000000000025	1020.9469611535912 
0.34000000000000025	1020.9765252379125 
0.34100000000000025	1021.0047905871442 
0.34200000000000025	1021.0317642824382 
0.34300000000000025	1021.0574539976792 
0.34400000000000025	1021.0818679848363 
0.34500000000000025	1021.1050150592524 
0.34600000000000025	1021.1269045848785 
0.34700000000000025	1021.1475464594627 
0.34800000000000025	1021.1669510997036 
0.34900000000000025	1021.1851294263764 
0.35000000000000026	1021.202092849439 
0.35100000000000026	1021.2178532531296 
0.35200000000000026	1021.2324229810613 
0.35300000000000026	1021.245814821324 
0.35400000000000026	1021.2580419916005 
0.35500000000000026	1021.2691181243055 
0.35600000000000026	1021.2790572517542 
0.35700000000000026	1021.2878737913705 
0.35800000000000026	1021.2955825309393 
0.35900000000000026	1021.3021986139123 
0.36000000000000026	1021.3077375247743 
0.36100000000000027	1021.3122150744764 
0.36200000000000027	1021.3156473859428 
0.36300000000000027	1021.3180508796595 
0.36400000000000027	1021.319442259349 
0.36500000000000027	1021.31983849774 
0.36600000000000027	1021.3192568224363 
0.36700000000000027	1021.3177147018921 
0.36800000000000027	1021.3152298314994 
0.36900000000000027	1021.3118201197929 
0.3700000000000003	1021.3075036747776 
0.3710000000000003	1021.3022987903872 
0.3720000000000003	1021.2962239330735 
0.3730000000000003	1021.2892977285376 
0.3740000000000003	1021.2815389486033 
0.3750000000000003	1021.2729664982401 
0.3760000000000003	1021.2635994027393 
0.3770000000000003	1021.2534567950479 
0.3780000000000003	1021.2425579032644 
0.3790000000000003	1021.2309220383005 
0.3800000000000003	1021.2185685817138 
0.3810000000000003	1021.2055169737134 
0.3820000000000003	1021.1917867013428 
0.3830000000000003	1021.1773972868448 
0.3840000000000003	1021.1623682762092 
0.3850000000000003	1021.1467192279093 
0.3860000000000003	1021.130469701827 
0.3870000000000003	1021.1136392483724 
0.3880000000000003	1021.0962473977984 
0.3890000000000003	1021.0783136497139 
0.3900000000000003	1021.0598574627975 
0.3910000000000003	1021.0408982447136 
0.3920000000000003	1021.0214553422344 
0.3930000000000003	1021.0015480315672 
0.3940000000000003	1020.9811955088913 
0.3950000000000003	1020.9604168811052 
0.3960000000000003	1020.9392311567839 
0.3970000000000003	1020.9176572373506 
0.3980000000000003	1020.8957139084617 
0.3990000000000003	1020.8734198316075 
0.4000000000000003	1020.8507935359276 
0.4010000000000003	1020.8278534102444 
0.4020000000000003	1020.8046176953138 
0.4030000000000003	1020.781104476293 
0.4040000000000003	1020.757331675427 
0.4050000000000003	1020.7333170449544 
0.4060000000000003	1020.70907816023 
0.4070000000000003	1020.6846324130674 
0.4080000000000003	1020.6599970053004 
0.4090000000000003	1020.6351889425608 
0.4100000000000003	1020.6102250282761 
0.4110000000000003	1020.5851218578831 
0.4120000000000003	1020.5598958132593 
0.4130000000000003	1020.5345630573697 
0.4140000000000003	1020.5091395291291 
0.4150000000000003	1020.483640938479 
0.4160000000000003	1020.4580827616772 
0.4170000000000003	1020.432480236801 
0.4180000000000003	1020.4068483594591 
0.4190000000000003	1020.381201878716 
0.4200000000000003	1020.355555293222 
0.4210000000000003	1020.3299228475522 
0.4220000000000003	1020.3043185287494 
0.4230000000000003	1020.2787560630705 
0.4240000000000003	1020.2532489129359 
0.4250000000000003	1020.227810274077 
0.4260000000000003	1020.2024530728838 
0.4270000000000003	1020.1771899639466 
0.4280000000000003	1020.1520333277929 
0.4290000000000003	1020.1269952688156 
0.4300000000000003	1020.1020876133911 
0.4310000000000003	1020.0773219081844 
0.43200000000000033	1020.0527094186399 
0.43300000000000033	1020.0282611276535 
0.43400000000000033	1020.0039877344262 
0.43500000000000033	1019.9798996534946 
0.43600000000000033	1019.9560070139366 
0.43700000000000033	1019.9323196587496 
0.43800000000000033	1019.9088471443984 
0.43900000000000033	1019.8855987405298 
0.44000000000000034	1019.8625834298524 
0.44100000000000034	1019.8398099081768 
0.44200000000000034	1019.8172865846149 
0.44300000000000034	1019.7950215819349 
0.44400000000000034	1019.773022737069 
0.44500000000000034	1019.7512976017712 
0.44600000000000034	1019.7298534434213 
0.44700000000000034	1019.7086972459738 
0.44800000000000034	1019.6878357110461 
0.44900000000000034	1019.667275259146 
0.45000000000000034	1019.6470220310326 
0.45100000000000035	1019.6270818892095 
0.45200000000000035	1019.6074604195456 
0.45300000000000035	1019.5881629330219 
0.45400000000000035	1019.5691944675996 
0.45500000000000035	1019.550559790208 
0.45600000000000035	1019.5322633988472 
0.45700000000000035	1019.5143095248038 
0.45800000000000035	1019.4967021349756 
0.45900000000000035	1019.4794449343028 
0.46000000000000035	1019.4625413683016 
0.46100000000000035	1019.4459946256977 
0.46200000000000035	1019.4298076411567 
0.46300000000000036	1019.4139830981065 
0.46400000000000036	1019.3985234316515 
0.46500000000000036	1019.3834308315718 
0.46600000000000036	1019.3687072454078 
0.46700000000000036	1019.354354381624 
0.46800000000000036	1019.3403737128508 
0.46900000000000036	1019.3267664792003 
0.47000000000000036	1019.3135336916528 
0.47100000000000036	1019.3006761355119 
0.47200000000000036	1019.2881943739238 
0.47300000000000036	1019.2760887514585 
0.47400000000000037	1019.2643593977494 
0.47500000000000037	1019.2530062311894 
0.47600000000000037	1019.2420289626776 
0.47700000000000037	1019.2314270994184 
0.47800000000000037	1019.2211999487641 
0.47900000000000037	1019.2113466221037 
0.48000000000000037	1019.2018660387905 
0.48100000000000037	1019.1927569301089 
0.4820000000000004	1019.184017843275 
0.4830000000000004	1019.1756471454703 
0.4840000000000004	1019.167643027904 
0.4850000000000004	1019.160003509902 
0.4860000000000004	1019.1527264430202 
0.4870000000000004	1019.1458095151779 
0.4880000000000004	1019.1392502548103 
0.4890000000000004	1019.1330460350372 
0.4900000000000004	1019.1271940778435 
0.4910000000000004	1019.1216914582718 
0.4920000000000004	1019.1165351086227 
0.4930000000000004	1019.1117218226601 
0.4940000000000004	1019.1072482598207 
0.4950000000000004	1019.1031109494237 
0.4960000000000004	1019.099306294879 
0.4970000000000004	1019.0958305778922 
0.4980000000000004	1019.0926799626624 
0.4990000000000004	1019.0898505000725 
0.5000000000000003	1019.0873381318694 
0.5010000000000003	1019.0851386948298 
0.5020000000000003	1019.0832479249133 
0.5030000000000003	1019.0816614613975 
0.5040000000000003	1019.0803748509948 
0.5050000000000003	1019.0793835519477 
0.5060000000000003	1019.0786829381027 
0.5070000000000003	1019.0782683029587 
0.5080000000000003	1019.0781348636892 
0.5090000000000003	1019.0782777651369 
0.5100000000000003	1019.0786920837778 
0.5110000000000003	1019.079372831654 
0.5120000000000003	1019.0803149602739 
0.5130000000000003	1019.0815133644766 
0.5140000000000003	1019.0829628862608 
0.5150000000000003	1019.0846583185761 
0.5160000000000003	1019.0865944090742 
0.5170000000000003	1019.0887658638205 
0.5180000000000003	1019.0911673509629 
0.5190000000000003	1019.0937935043578 
0.5200000000000004	1019.0966389271517 
0.5210000000000004	1019.0996981953167 
0.5220000000000004	1019.1029658611393 
0.5230000000000004	1019.1064364566612 
0.5240000000000004	1019.1101044970711 
0.5250000000000004	1019.1139644840465 
0.5260000000000004	1019.1180109090437 
0.5270000000000004	1019.1222382565369 
0.5280000000000004	1019.1266410072035 
0.5290000000000004	1019.1312136410563 
0.5300000000000004	1019.135950640521 
0.5310000000000004	1019.1408464934575 
0.5320000000000004	1019.1458956961272 
0.5330000000000004	1019.1510927561017 
0.5340000000000004	1019.1564321951149 
0.5350000000000004	1019.1619085518578 
0.5360000000000004	1019.1675163847141 
0.5370000000000004	1019.1732502744371 
0.5380000000000004	1019.1791048267679 
0.5390000000000004	1019.1850746749926 
0.5400000000000004	1019.1911544824405 
0.5410000000000004	1019.1973389449213 
0.5420000000000004	1019.2036227931015 
0.5430000000000004	1019.2100007948203 
0.5440000000000004	1019.2164677573431 
0.5450000000000004	1019.2230185295554 
0.5460000000000004	1019.229648004093 
0.5470000000000004	1019.2363511194125 
0.5480000000000004	1019.2431228617988 
0.5490000000000004	1019.2499582673114 
0.5500000000000004	1019.2568524236686 
0.5510000000000004	1019.2638004720704 
0.5520000000000004	1019.2707976089595 
0.5530000000000004	1019.2778390877203 
0.5540000000000004	1019.2849202203176 
0.5550000000000004	1019.2920363788731 
0.5560000000000004	1019.2991829971811 
0.5570000000000004	1019.3063555721633 
0.5580000000000004	1019.3135496652634 
0.5590000000000004	1019.3207609037812 
0.5600000000000004	1019.3279849821466 
0.5610000000000004	1019.3352176631339 
0.5620000000000004	1019.3424547790173 
0.5630000000000004	1019.3496922326674 
0.5640000000000004	1019.3569259985887 
0.5650000000000004	1019.3641521239002 
0.5660000000000004	1019.3713667292573 
0.5670000000000004	1019.3785660097175 
0.5680000000000004	1019.3857462355496 
0.5690000000000004	1019.3929037529864 
0.5700000000000004	1019.4000349849224 
0.5710000000000004	1019.4071364315566 
0.5720000000000004	1019.4142046709813 
0.5730000000000004	1019.421236359717 
0.5740000000000004	1019.4282282331943 
0.5750000000000004	1019.4351771061841 
0.5760000000000004	1019.4420798731758 
0.5770000000000004	1019.448933508704 
0.5780000000000004	1019.4557350676265 
0.5790000000000004	1019.4624816853513 
0.5800000000000004	1019.4691705780159 
0.5810000000000004	1019.4757990426181 
0.5820000000000004	1019.4823644570996 
0.5830000000000004	1019.4888642803836 
0.5840000000000004	1019.4952960523665 
0.5850000000000004	1019.5016573938644 
0.5860000000000004	1019.5079460065165 
0.5870000000000004	1019.5141596726442 
0.5880000000000004	1019.5202962550686 
0.5890000000000004	1019.5263536968869 
0.5900000000000004	1019.5323300212066 
0.5910000000000004	1019.5382233308414 
0.5920000000000004	1019.5440318079678 
0.5930000000000004	1019.549753713743 
0.5940000000000004	1019.5553873878865 
0.5950000000000004	1019.560931248225 
0.5960000000000004	1019.5663837902013 
0.5970000000000004	1019.5717435863502 
0.5980000000000004	1019.5770092857395 
0.5990000000000004	1019.5821796133783 
0.6000000000000004	1019.5872533695947 
0.6010000000000004	1019.5922294293808 
0.6020000000000004	1019.5971067417096 
0.6030000000000004	1019.601884328821 
0.6040000000000004	1019.6065612854812 
0.6050000000000004	1019.6111367782134 
0.6060000000000004	1019.6156100445036 
0.6070000000000004	1019.6199803919791 
0.6080000000000004	1019.6242471975646 
0.6090000000000004	1019.6284099066127 
0.6100000000000004	1019.6324680320124 
0.6110000000000004	1019.6364211532764 
0.6120000000000004	1019.6402689156059 
0.6130000000000004	1019.6440110289369 
0.6140000000000004	1019.6476472669658 
0.6150000000000004	1019.651177466158 
0.6160000000000004	1019.6546015247377 
0.6170000000000004	1019.6579194016626 
0.6180000000000004	1019.6611311155815 
0.6190000000000004	1019.6642367437776 
0.6200000000000004	1019.6672364210979 
0.6210000000000004	1019.6701303388693 
0.6220000000000004	1019.6729187438019 
0.6230000000000004	1019.6756019368814 
0.6240000000000004	1019.6781802722504 
0.6250000000000004	1019.68065415608 
0.6260000000000004	1019.6830240454319 
0.6270000000000004	1019.6852904471127 
0.6280000000000004	1019.6874539165204 
0.6290000000000004	1019.689515056484 
0.6300000000000004	1019.691474516097 
0.6310000000000004	1019.6933329895465 
0.6320000000000005	1019.695091214937 
0.6330000000000005	1019.6967499731101 
0.6340000000000005	1019.698310086462 
0.6350000000000005	1019.6997724177587 
0.6360000000000005	1019.7011378689484 
0.6370000000000005	1019.7024073799743 
0.6380000000000005	1019.703581927586 
0.6390000000000005	1019.7046625241526 
0.6400000000000005	1019.7056502164751 
0.6410000000000005	1019.706546084602 
0.6420000000000005	1019.7073512406467 
0.6430000000000005	1019.7080668276075 
0.6440000000000005	1019.7086940181913 
0.6450000000000005	1019.7092340136419 
0.6460000000000005	1019.7096880425721 
0.6470000000000005	1019.7100573598021 
0.6480000000000005	1019.7103432452028 
0.6490000000000005	1019.7105470025458 
0.6500000000000005	1019.7106699583608 
0.6510000000000005	1019.7107134607993 
0.6520000000000005	1019.7106788785075 
0.6530000000000005	1019.710567599506 
0.6540000000000005	1019.7103810300804 
0.6550000000000005	1019.710120593679 
0.6560000000000005	1019.7097877298221 
0.6570000000000005	1019.7093838930207 
0.6580000000000005	1019.7089105517055 
0.6590000000000005	1019.7083691871676 
0.6600000000000005	1019.7077612925106 
0.6610000000000005	1019.7070883716137 
0.6620000000000005	1019.7063519381084 
0.6630000000000005	1019.7055535143658 
0.6640000000000005	1019.7046946304989 
0.6650000000000005	1019.7037768233769 
0.6660000000000005	1019.7028016356523 
0.6670000000000005	1019.7017706148042 
0.6680000000000005	1019.7006853121931 
0.6690000000000005	1019.6995472821316 
0.6700000000000005	1019.6983580809696 
0.6710000000000005	1019.697119266194 
0.6720000000000005	1019.6958323955439 
0.6730000000000005	1019.694499026141 
0.6740000000000005	1019.6931207136354 
0.6750000000000005	1019.6916990113677 
0.6760000000000005	1019.6902354695469 
0.6770000000000005	1019.6887316344438 
0.6780000000000005	1019.6871890476017 
0.6790000000000005	1019.6856092450629 
0.6800000000000005	1019.6839937566123 
0.6810000000000005	1019.6823441050371 
0.6820000000000005	1019.6806618054043 
0.6830000000000005	1019.6789483643537 
0.6840000000000005	1019.6772052794098 
0.6850000000000005	1019.6754340383094 
0.6860000000000005	1019.673636118347 
0.6870000000000005	1019.6718129857371 
0.6880000000000005	1019.6699660949948 
0.6890000000000005	1019.6680968883325 
0.6900000000000005	1019.6662067950745 
0.6910000000000005	1019.6642972310896 
0.6920000000000005	1019.6623695982403 
0.6930000000000005	1019.6604252838499 
0.6940000000000005	1019.6584656601867 
0.6950000000000005	1019.6564920839659 
0.6960000000000005	1019.6545058958686 
0.6970000000000005	1019.6525084200787 
0.6980000000000005	1019.650500963836 
0.6990000000000005	1019.6484848170076 
0.7000000000000005	1019.6464612516762 
0.7010000000000005	1019.6444315217452 
0.7020000000000005	1019.6423968625609 
0.7030000000000005	1019.6403584905516 
0.7040000000000005	1019.6383176028843 
0.7050000000000005	1019.6362753771364 
0.7060000000000005	1019.6342329709861 
0.7070000000000005	1019.6321915219177 
0.7080000000000005	1019.6301521469438 
0.7090000000000005	1019.6281159423446 
0.7100000000000005	1019.6260839834213 
0.7110000000000005	1019.6240573242674 
0.7120000000000005	1019.6220369975548 
0.7130000000000005	1019.6200240143362 
0.7140000000000005	1019.6180193638618 
0.7150000000000005	1019.6160240134128 
0.7160000000000005	1019.6140389081488 
0.7170000000000005	1019.612064970971 
0.7180000000000005	1019.6101031023995 
0.7190000000000005	1019.6081541804659 
0.7200000000000005	1019.6062190606195 
0.7210000000000005	1019.6042985756484 
0.7220000000000005	1019.6023935356137 
0.7230000000000005	1019.6005047277987 
0.7240000000000005	1019.5986329166705 
0.7250000000000005	1019.5967788438553 
0.7260000000000005	1019.5949432281275 
0.7270000000000005	1019.5931267654103 
0.7280000000000005	1019.5913301287903 
0.7290000000000005	1019.5895539685441 
0.7300000000000005	1019.5877989121764 
0.7310000000000005	1019.5860655644711 
0.7320000000000005	1019.584354507554 
0.7330000000000005	1019.582666300966 
0.7340000000000005	1019.5810014817487 
0.7350000000000005	1019.5793605645404 
0.7360000000000005	1019.5777440416831 
0.7370000000000005	1019.57615238334 
0.7380000000000005	1019.5745860376226 
0.7390000000000005	1019.5730454307293 
0.7400000000000005	1019.571530967092 
0.7410000000000005	1019.5700430295336 
0.7420000000000005	1019.5685819794338 
0.7430000000000005	1019.5671481569046 
0.7440000000000005	1019.5657418809741 
0.7450000000000006	1019.5643634497789 
0.7460000000000006	1019.5630131407646 
0.7470000000000006	1019.5616912108949 
0.7480000000000006	1019.5603978968672 
0.7490000000000006	1019.5591334153372 
0.7500000000000006	1019.5578979631493 
0.7510000000000006	1019.556691717575 
0.7520000000000006	1019.5555148365569 
0.7530000000000006	1019.5543674589607 
0.7540000000000006	1019.5532497048317 
0.7550000000000006	1019.5521616756588 
0.7560000000000006	1019.5511034546427 
0.7570000000000006	1019.5500751069707 
0.7580000000000006	1019.549076680096 
0.7590000000000006	1019.5481082040228 
0.7600000000000006	1019.5471696915947 
0.7610000000000006	1019.546261138789 
0.7620000000000006	1019.5453825250142 
0.7630000000000006	1019.5445338134124 
0.7640000000000006	1019.5437149511642 
0.7650000000000006	1019.5429258697986 
0.7660000000000006	1019.5421664855048 
0.7670000000000006	1019.541436699448 
0.7680000000000006	1019.5407363980875 
0.7690000000000006	1019.5400654534974 
0.7700000000000006	1019.5394237236903 
0.7710000000000006	1019.5388110529424 
0.7720000000000006	1019.5382272721205 
0.7730000000000006	1019.5376721990114 
0.7740000000000006	1019.5371456386521 
0.7750000000000006	1019.5366473836618 
0.7760000000000006	1019.5361772145749 
0.7770000000000006	1019.5357349001741 
0.7780000000000006	1019.5353201978256 
0.7790000000000006	1019.5349328538135 
0.7800000000000006	1019.534572603675 
0.7810000000000006	1019.5342391725356 
0.7820000000000006	1019.533932275445 
0.7830000000000006	1019.5336516177108 
0.7840000000000006	1019.533396895234 
0.7850000000000006	1019.5331677948421 
0.7860000000000006	1019.5329639946227 
0.7870000000000006	1019.5327851642547 
0.7880000000000006	1019.5326309653399 
0.7890000000000006	1019.5325010517321 
0.7900000000000006	1019.5323950698653 
0.7910000000000006	1019.5323126590802 
0.7920000000000006	1019.5322534519487 
0.7930000000000006	1019.5322170745969 
0.7940000000000006	1019.5322031470254 
0.7950000000000006	1019.5322112834276 
0.7960000000000006	1019.5322410925065 
0.7970000000000006	1019.5322921777876 
0.7980000000000006	1019.5323641379299 
0.7990000000000006	1019.5324565670346 
0.8000000000000006	1019.5325690549498 
0.8010000000000006	1019.5327011875734 
0.8020000000000006	1019.5328525471517 
0.8030000000000006	1019.5330227125762 
0.8040000000000006	1019.5332112596757 
0.8050000000000006	1019.5334177615057 
0.8060000000000006	1019.5336417886343 
0.8070000000000006	1019.5338829094243 
0.8080000000000006	1019.5341406903111 
0.8090000000000006	1019.5344146960781 
0.8100000000000006	1019.5347044901266 
0.8110000000000006	1019.535009634743 
0.8120000000000006	1019.5353296913612 
0.8130000000000006	1019.5356642208212 
0.8140000000000006	1019.5360127836236 
0.8150000000000006	1019.5363749401793 
0.8160000000000006	1019.5367502510552 
0.8170000000000006	1019.537138277216 
0.8180000000000006	1019.5375385802605 
0.8190000000000006	1019.5379507226545 
0.8200000000000006	1019.5383742679581 
0.8210000000000006	1019.5388087810493 
0.8220000000000006	1019.539253828342 
0.8230000000000006	1019.5397089780006 
0.8240000000000006	1019.5401738001488 
0.8250000000000006	1019.5406478670739 
0.8260000000000006	1019.5411307534266 
0.8270000000000006	1019.5416220364158 
0.8280000000000006	1019.5421212959983 
0.8290000000000006	1019.5426281150643 
0.8300000000000006	1019.5431420796174 
0.8310000000000006	1019.54366277895 
0.8320000000000006	1019.5441898058136 
0.8330000000000006	1019.5447227565849 
0.8340000000000006	1019.5452612314256 
0.8350000000000006	1019.5458048344386 
0.8360000000000006	1019.546353173819 
0.8370000000000006	1019.5469058619993 
0.8380000000000006	1019.547462515791 
0.8390000000000006	1019.5480227565203 
0.8400000000000006	1019.5485862101592 
0.8410000000000006	1019.5491525074524 
0.8420000000000006	1019.5497212840378 
0.8430000000000006	1019.5502921805638 
0.8440000000000006	1019.5508648428008 
0.8450000000000006	1019.5514389217482 
0.8460000000000006	1019.5520140737362 
0.8470000000000006	1019.552589960524 
0.8480000000000006	1019.5531662493914 
0.8490000000000006	1019.5537426132281 
0.8500000000000006	1019.5543187306159 
0.8510000000000006	1019.5548942859082 
0.8520000000000006	1019.5554689693035 
0.8530000000000006	1019.5560424769156 
0.8540000000000006	1019.5566145108382 
0.8550000000000006	1019.5571847792058 
0.8560000000000006	1019.55775299625 
0.8570000000000007	1019.5583188823507 
0.8580000000000007	1019.5588821640845 
0.8590000000000007	1019.5594425742673 
0.8600000000000007	1019.5599998519937 
0.8610000000000007	1019.5605537426712 
0.8620000000000007	1019.561103998052 
0.8630000000000007	1019.5616503762586 
0.8640000000000007	1019.5621926418072 
0.8650000000000007	1019.5627305656258 
0.8660000000000007	1019.5632639250695 
0.8670000000000007	1019.5637925039313 
0.8680000000000007	1019.5643160924494 
0.8690000000000007	1019.5648344873106 
0.8700000000000007	1019.5653474916502 
0.8710000000000007	1019.5658549150484 
0.8720000000000007	1019.5663565735229 
0.8730000000000007	1019.5668522895185 
0.8740000000000007	1019.5673418918926 
0.8750000000000007	1019.5678252158986 
0.8760000000000007	1019.5683021031642 
0.8770000000000007	1019.5687724016688 
0.8780000000000007	1019.5692359657154 
0.8790000000000007	1019.5696926559017 
0.8800000000000007	1019.5701423390867 
0.8810000000000007	1019.5705848883548 
0.8820000000000007	1019.5710201829772 
0.8830000000000007	1019.571448108371 
0.8840000000000007	1019.5718685560541 
0.8850000000000007	1019.5722814235995 
0.8860000000000007	1019.5726866145855 
0.8870000000000007	1019.573084038544 
0.8880000000000007	1019.5734736109067 
0.8890000000000007	1019.5738552529483 
0.8900000000000007	1019.5742288917279 
0.8910000000000007	1019.5745944600283 
0.8920000000000007	1019.5749518962925 
0.8930000000000007	1019.5753011445594 
0.8940000000000007	1019.5756421543961 
0.8950000000000007	1019.5759748808293 
0.8960000000000007	1019.5762992842748 
0.8970000000000007	1019.5766153304645 
0.8980000000000007	1019.5769229903725 
0.8990000000000007	1019.5772222401396 
0.9000000000000007	1019.5775130609954 
0.9010000000000007	1019.5777954391801 
0.9020000000000007	1019.5780693658639 
0.9030000000000007	1019.5783348370658 
0.9040000000000007	1019.5785918535702 
0.9050000000000007	1019.5788404208438 
0.9060000000000007	1019.5790805489498 
0.9070000000000007	1019.5793122524622 
0.9080000000000007	1019.5795355503782 
0.9090000000000007	1019.5797504660304 
0.9100000000000007	1019.5799570269978 
0.9110000000000007	1019.5801552650161 
0.9120000000000007	1019.5803452158867 
0.9130000000000007	1019.5805269193866 
0.9140000000000007	1019.5807004191754 
0.9150000000000007	1019.580865762704 
0.9160000000000007	1019.581023001121 
0.9170000000000007	1019.5811721891803 
0.9180000000000007	1019.5813133851465 
0.9190000000000007	1019.5814466507017 
0.9200000000000007	1019.5815720508513 
0.9210000000000007	1019.5816896538294 
0.9220000000000007	1019.5817995310043 
0.9230000000000007	1019.5819017567843 
0.9240000000000007	1019.5819964085224 
0.9250000000000007	1019.5820835664225 
0.9260000000000007	1019.5821633134442 
0.9270000000000007	1019.582235735209 
0.9280000000000007	1019.5823009199055 
0.9290000000000007	1019.582358958196 
0.9300000000000007	1019.5824099431223 
0.9310000000000007	1019.5824539700128 
0.9320000000000007	1019.5824911363889 
0.9330000000000007	1019.5825215418728 
0.9340000000000007	1019.5825452880953 
0.9350000000000007	1019.5825624786039 
0.9360000000000007	1019.5825732187722 
0.9370000000000007	1019.5825776157086 
0.9380000000000007	1019.5825757781672 
0.9390000000000007	1019.5825678164581 
0.9400000000000007	1019.5825538423588 
0.9410000000000007	1019.5825339690267 
0.9420000000000007	1019.582508310912 
0.9430000000000007	1019.5824769836711 
0.9440000000000007	1019.5824401040817 
0.9450000000000007	1019.5823977899581 
0.9460000000000007	1019.5823501600676 
0.9470000000000007	1019.5822973340477 
0.9480000000000007	1019.5822394323245 
0.9490000000000007	1019.5821765760323 
0.9500000000000007	1019.5821088869335 
0.9510000000000007	1019.5820364873398 
0.9520000000000007	1019.5819595000353 
0.9530000000000007	1019.5818780481995 
0.9540000000000007	1019.5817922553322 
0.9550000000000007	1019.581702245179 
0.9560000000000007	1019.5816081416588 
0.9570000000000007	1019.5815100687913 
0.9580000000000007	1019.5814081506269 
0.9590000000000007	1019.5813025111768 
0.9600000000000007	1019.5811932743453 
0.9610000000000007	1019.5810805638625 
0.9620000000000007	1019.5809645032188 
0.9630000000000007	1019.5808452156001 
0.9640000000000007	1019.5807228238257 
0.9650000000000007	1019.5805974502854 
0.9660000000000007	1019.5804692168798 
0.9670000000000007	1019.5803382449608 
0.9680000000000007	1019.580204655274 
0.9690000000000007	1019.5800685679022 
0.9700000000000008	1019.5799301022105 
0.9710000000000008	1019.5797893767921 
0.9720000000000008	1019.5796465094165 
0.9730000000000008	1019.5795016169785 
0.9740000000000008	1019.5793548154481 
0.9750000000000008	1019.5792062198228 
0.9760000000000008	1019.5790559440807 
0.9770000000000008	1019.5789041011348 
0.9780000000000008	1019.5787508027892 
0.9790000000000008	1019.5785961596965 
0.9800000000000008	1019.5784402813166 
0.9810000000000008	1019.5782832758763 
0.9820000000000008	1019.5781252503311 
0.9830000000000008	1019.5779663103286 
0.9840000000000008	1019.5778065601719 
0.9850000000000008	1019.5776461027857 
0.9860000000000008	1019.5774850396832 
0.9870000000000008	1019.5773234709346 
0.9880000000000008	1019.5771614951368 
0.9890000000000008	1019.5769992093841 
0.9900000000000008	1019.5768367092411 
0.9910000000000008	1019.5766740887162 
0.9920000000000008	1019.5765114402367 
0.9930000000000008	1019.576348854625 
0.9940000000000008	1019.576186421077 
0.9950000000000008	1019.5760242271398 
0.9960000000000008	1019.5758623586934 
0.9970000000000008	1019.5757008999311 
0.9980000000000008	1019.5755399333432 
0.9990000000000008	1019.5753795397003 
1.0000000000000007	1019.5752197980389 
1.0010000000000006	1019.5750607856481 
1.0020000000000004	1019.5749025780569 
1.0030000000000003	1019.5747452490235 
1.0040000000000002	1019.574588870525 
1.0050000000000001	1019.5744335127489 
1.006	1019.5742792440856 
1.007	1019.5741261311215 
1.0079999999999998	1019.573974238634 
1.0089999999999997	1019.5738236295873 
1.0099999999999996	1019.5736743651287 
1.0109999999999995	1019.573526504587 
1.0119999999999993	1019.5733801054713 
1.0129999999999992	1019.5732352234709 
1.0139999999999991	1019.5730919124562 
1.014999999999999	1019.572950224481 
1.015999999999999	1019.572810209785 
1.0169999999999988	1019.5726719167977 
1.0179999999999987	1019.5725353921439 
1.0189999999999986	1019.5724006806486 
1.0199999999999985	1019.572267825344 
1.0209999999999984	1019.5721368674774 
1.0219999999999982	1019.5720078465189 
1.0229999999999981	1019.5718808001711 
1.023999999999998	1019.5717557643791 
1.024999999999998	1019.571632773341 
1.0259999999999978	1019.5715118595199 
1.0269999999999977	1019.5713930536563 
1.0279999999999976	1019.571276384781 
1.0289999999999975	1019.5711618802289 
1.0299999999999974	1019.5710495656541 
1.0309999999999973	1019.5709394650443 
1.0319999999999971	1019.5708316007372 
1.032999999999997	1019.5707259934369 
1.033999999999997	1019.5706226622312 
1.0349999999999968	1019.5705216246091 
1.0359999999999967	1019.5704228964792 
1.0369999999999966	1019.5703264921883 
1.0379999999999965	1019.5702324245416 
1.0389999999999964	1019.5701407048217 
1.0399999999999963	1019.5700513428096 
1.0409999999999962	1019.5699643468054 
1.041999999999996	1019.5698797236494 
1.042999999999996	1019.5697974787444 
1.0439999999999958	1019.5697176160776 
1.0449999999999957	1019.5696401382432 
1.0459999999999956	1019.5695650464656 
1.0469999999999955	1019.5694923406223 
1.0479999999999954	1019.5694220192679 
1.0489999999999953	1019.5693540796581 
1.0499999999999952	1019.5692885177739 
1.050999999999995	1019.5692253283462 
1.051999999999995	1019.5691645048806 
1.0529999999999948	1019.5691060396827 
1.0539999999999947	1019.5690499238829 
1.0549999999999946	1019.5689961474625 
1.0559999999999945	1019.5689446992792 
1.0569999999999944	1019.5688955670928 
1.0579999999999943	1019.5688487375916 
1.0589999999999942	1019.5688041964181 
1.059999999999994	1019.5687619281958 
1.060999999999994	1019.5687219165554 
1.0619999999999938	1019.5686841441611 
1.0629999999999937	1019.5686485927375 
1.0639999999999936	1019.568615243096 
1.0649999999999935	1019.5685840751617 
1.0659999999999934	1019.5685550679995 
1.0669999999999933	1019.5685281998417 
1.0679999999999932	1019.568503448114 
1.068999999999993	1019.5684807894625 
1.069999999999993	1019.5684601997799 
1.0709999999999928	1019.5684416542329 
1.0719999999999927	1019.5684251272878 
1.0729999999999926	1019.5684105927378 
1.0739999999999925	1019.5683980237287 
1.0749999999999924	1019.5683873927856 
1.0759999999999923	1019.5683786718384 
1.0769999999999922	1019.568371832249 
1.077999999999992	1019.5683668448359 
1.078999999999992	1019.5683636799006 
1.0799999999999919	1019.5683623072532 
1.0809999999999917	1019.5683626962374 
1.0819999999999916	1019.568364815756 
1.0829999999999915	1019.5683686342959 
1.0839999999999914	1019.5683741199526 
1.0849999999999913	1019.5683812404553 
1.0859999999999912	1019.5683899631907 
1.086999999999991	1019.5684002552274 
1.087999999999991	1019.5684120833397 
1.0889999999999909	1019.5684254140313 
1.0899999999999908	1019.5684402135585 
1.0909999999999906	1019.5684564479533 
1.0919999999999905	1019.5684740830465 
1.0929999999999904	1019.5684930844895 
1.0939999999999903	1019.5685134177777 
1.0949999999999902	1019.5685350482709 
1.09599999999999	1019.5685579412161 
1.09699999999999	1019.5685820617683 
1.0979999999999899	1019.5686073750117 
1.0989999999999898	1019.5686338459797 
1.0999999999999897	1019.5686614396761 
1.1009999999999895	1019.5686901210946 
1.1019999999999894	1019.5687198552382 
1.1029999999999893	1019.568750607139 
1.1039999999999892	1019.5687823418766 
1.104999999999989	1019.568815024597 
1.105999999999989	1019.5688486205308 
1.1069999999999889	1019.5688830950108 
1.1079999999999888	1019.5689184134897 
1.1089999999999887	1019.5689545415568 
1.1099999999999886	1019.5689914449551 
1.1109999999999884	1019.5690290895977 
1.1119999999999883	1019.5690674415835 
1.1129999999999882	1019.5691064672125 
1.113999999999988	1019.5691461330017 
1.114999999999988	1019.5691864056994 
1.115999999999988	1019.5692272522997 
1.1169999999999878	1019.5692686400566 
1.1179999999999877	1019.5693105364976 
1.1189999999999876	1019.5693529094368 
1.1199999999999875	1019.5693957269881 
1.1209999999999873	1019.5694389575772 
1.1219999999999872	1019.569482569954 
1.1229999999999871	1019.569526533204 
1.123999999999987	1019.5695708167601 
1.124999999999987	1019.5696153904129 
1.1259999999999868	1019.5696602243215 
1.1269999999999867	1019.5697052890235 
1.1279999999999866	1019.569750555445 
1.1289999999999865	1019.5697959949096 
1.1299999999999863	1019.5698415791474 
1.1309999999999862	1019.5698872803036 
1.1319999999999861	1019.5699330709472 
1.132999999999986	1019.5699789240779 
1.133999999999986	1019.5700248131341 
1.1349999999999858	1019.5700707120001 
1.1359999999999857	1019.5701165950122 
1.1369999999999856	1019.5701624369658 
1.1379999999999855	1019.5702082131205 
1.1389999999999854	1019.5702538992065 
1.1399999999999852	1019.5702994714293 
1.1409999999999851	1019.5703449064747 
1.141999999999985	1019.5703901815135 
1.142999999999985	1019.5704352742056 
1.1439999999999848	1019.5704801627036 
1.1449999999999847	1019.5705248256567 
1.1459999999999846	1019.5705692422134 
1.1469999999999845	1019.5706133920248 
1.1479999999999844	1019.5706572552467 
1.1489999999999843	1019.5707008125421 
1.1499999999999841	1019.5707440450826 
1.150999999999984	1019.5707869345506 
1.151999999999984	1019.5708294631398 
1.1529999999999838	1019.5708716135567 
1.1539999999999837	1019.5709133690209 
1.1549999999999836	1019.5709547132655 
1.1559999999999835	1019.570995630537 
1.1569999999999834	1019.5710361055956 
1.1579999999999833	1019.5710761237137 
1.1589999999999832	1019.5711156706761 
1.159999999999983	1019.5711547327784 
1.160999999999983	1019.5711932968254 
1.1619999999999828	1019.5712313501302 
1.1629999999999827	1019.5712688805118 
1.1639999999999826	1019.571305876293 
1.1649999999999825	1019.5713423262985 
1.1659999999999824	1019.5713782198519 
1.1669999999999823	1019.571413546773 
1.1679999999999822	1019.5714482973747 
1.168999999999982	1019.5714824624597 
1.169999999999982	1019.5715160333175 
1.1709999999999818	1019.5715490017199 
1.1719999999999817	1019.5715813599177 
1.1729999999999816	1019.5716131006366 
1.1739999999999815	1019.5716442170724 
1.1749999999999814	1019.5716747028872 
1.1759999999999813	1019.5717045522043 
1.1769999999999812	1019.5717337596036 
1.177999999999981	1019.5717623201165 
1.178999999999981	1019.5717902292206 
1.1799999999999808	1019.5718174828348 
1.1809999999999807	1019.5718440773136 
1.1819999999999806	1019.5718700094412 
1.1829999999999805	1019.5718952764263 
1.1839999999999804	1019.5719198758958 
1.1849999999999803	1019.571943805889 
1.1859999999999802	1019.5719670648514 
1.18699999999998	1019.5719896516283 
1.18799999999998	1019.5720115654588 
1.1889999999999799	1019.5720328059688 
1.1899999999999797	1019.572053373165 
1.1909999999999796	1019.5720732674276 
1.1919999999999795	1019.5720924895043 
1.1929999999999794	1019.5721110405026 
1.1939999999999793	1019.5721289218835 
1.1949999999999792	1019.5721461354542 
1.195999999999979	1019.5721626833613 
1.196999999999979	1019.5721785680831 
1.1979999999999789	1019.5721937924233 
1.1989999999999787	1019.5722083595026 
1.1999999999999786	1019.5722222727526 
1.2009999999999785	1019.5722355359076 
1.2019999999999784	1019.5722481529974 
1.2029999999999783	1019.5722601283402 
1.2039999999999782	1019.5722714665347 
1.204999999999978	1019.5722821724531 
1.205999999999978	1019.5722922512331 
1.2069999999999779	1019.5723017082707 
1.2079999999999778	1019.5723105492128 
1.2089999999999776	1019.5723187799493 
1.2099999999999775	1019.5723264066057 
1.2109999999999774	1019.5723334355358 
1.2119999999999773	1019.5723398733139 
1.2129999999999772	1019.5723457267273 
1.213999999999977	1019.572351002769 
1.214999999999977	1019.57235570863 
1.2159999999999769	1019.5723598516918 
1.2169999999999768	1019.5723634395193 
1.2179999999999767	1019.5723664798531 
1.2189999999999765	1019.5723689806022 
1.2199999999999764	1019.5723709498363 
1.2209999999999763	1019.5723723957793 
1.2219999999999762	1019.5723733268013 
1.222999999999976	1019.5723737514118 
1.223999999999976	1019.5723736782521 
1.2249999999999759	1019.5723731160889 
1.2259999999999758	1019.5723720738064 
1.2269999999999757	1019.5723705604 
1.2279999999999756	1019.572368584969 
1.2289999999999754	1019.5723661567097 
1.2299999999999753	1019.5723632849086 
1.2309999999999752	1019.5723599789361 
1.2319999999999751	1019.5723562482391 
1.232999999999975	1019.572352102335 
1.233999999999975	1019.5723475508049 
1.2349999999999748	1019.5723426032872 
1.2359999999999747	1019.5723372694713 
1.2369999999999746	1019.5723315590913 
1.2379999999999745	1019.5723254819196 
1.2389999999999743	1019.5723190477614 
1.2399999999999742	1019.572312266448 
1.2409999999999741	1019.5723051478311 
1.241999999999974	1019.5722977017773 
1.242999999999974	1019.5722899381619 
1.2439999999999738	1019.5722818668636 
1.2449999999999737	1019.5722734977585 
1.2459999999999736	1019.5722648407153 
1.2469999999999735	1019.5722559055896 
1.2479999999999734	1019.5722467022184 
1.2489999999999732	1019.5722372404156 
1.2499999999999731	1019.5722275299663 
1.250999999999973	1019.5722175806224 
1.251999999999973	1019.5722074020972 
1.2529999999999728	1019.5721970040614 
1.2539999999999727	1019.5721863961378 
1.2549999999999726	1019.5721755878973 
1.2559999999999725	1019.572164588854 
1.2569999999999724	1019.5721534084614 
1.2579999999999723	1019.5721420561081 
1.2589999999999721	1019.5721305411133 
1.259999999999972	1019.5721188727234 
1.260999999999972	1019.5721070601079 
1.2619999999999718	1019.5720951123554 
1.2629999999999717	1019.5720830384707 
1.2639999999999716	1019.5720708473704 
1.2649999999999715	1019.5720585478799 
1.2659999999999714	1019.5720461487305 
1.2669999999999713	1019.5720336585553 
1.2679999999999712	1019.5720210858868 
1.268999999999971	1019.572008439154 
1.269999999999971	1019.5719957266789 
1.2709999999999708	1019.5719829566742 
1.2719999999999707	1019.5719701372408 
1.2729999999999706	1019.5719572763649 
1.2739999999999705	1019.5719443819155 
1.2749999999999704	1019.5719314616427 
1.2759999999999703	1019.571918523175 
1.2769999999999702	1019.571905574017 
1.27799999999997	1019.5718926215479 
1.27899999999997	1019.5718796730195 
1.2799999999999698	1019.5718667355538 
1.2809999999999697	1019.5718538161425 
1.2819999999999696	1019.5718409216443 
1.2829999999999695	1019.5718280587837 
1.2839999999999694	1019.5718152341501 
1.2849999999999693	1019.5718024541959 
1.2859999999999692	1019.5717897252357 
1.286999999999969	1019.5717770534451 
1.287999999999969	1019.5717644448596 
1.2889999999999688	1019.5717519053738 
1.2899999999999687	1019.5717394407409 
1.2909999999999686	1019.5717270565711 
1.2919999999999685	1019.5717147583321 
1.2929999999999684	1019.5717025513476 
1.2939999999999683	1019.5716904407975 
1.2949999999999682	1019.5716784317175 
1.295999999999968	1019.5716665289984 
1.296999999999968	1019.5716547373864 
1.2979999999999678	1019.5716430614826 
1.2989999999999677	1019.5716315057433 
1.2999999999999676	1019.5716200744799 
1.3009999999999675	1019.5716087718591 
1.3019999999999674	1019.5715976019031 
1.3029999999999673	1019.57158656849 
1.3039999999999672	1019.571575675354 
1.304999999999967	1019.5715649260859 
1.305999999999967	1019.5715543241338 
1.3069999999999669	1019.5715438728033 
1.3079999999999667	1019.5715335752586 
1.3089999999999666	1019.571523434523 
1.3099999999999665	1019.5715134534796 
1.3109999999999664	1019.5715036348724 
1.3119999999999663	1019.5714939813071 
1.3129999999999662	1019.5714844952518 
1.313999999999966	1019.5714751790385 
1.314999999999966	1019.5714660348641 
1.3159999999999659	1019.5714570647913 
1.3169999999999658	1019.5714482707499 
1.3179999999999656	1019.5714396545382 
1.3189999999999655	1019.5714312178242 
1.3199999999999654	1019.5714229621469 
1.3209999999999653	1019.571414888918 
1.3219999999999652	1019.5714069994227 
1.322999999999965	1019.5713992948221 
1.323999999999965	1019.5713917761539 
1.3249999999999649	1019.5713844443345 
1.3259999999999648	1019.5713773001606 
1.3269999999999647	1019.5713703443105 
1.3279999999999645	1019.571363577346 
1.3289999999999644	1019.5713569997143 
1.3299999999999643	1019.5713506117495 
1.3309999999999642	1019.5713444136745 
1.331999999999964	1019.571338405603 
1.332999999999964	1019.5713325875411 
1.3339999999999639	1019.571326959389 
1.3349999999999638	1019.5713215209436 
1.3359999999999637	1019.5713162718997 
1.3369999999999636	1019.5713112118524 
1.3379999999999634	1019.5713063402989 
1.3389999999999633	1019.5713016566403 
1.3399999999999632	1019.5712971601845 
1.340999999999963	1019.5712928501467 
1.341999999999963	1019.5712887256531 
1.342999999999963	1019.5712847857415 
1.3439999999999628	1019.5712810293645 
1.3449999999999627	1019.571277455391 
1.3459999999999626	1019.5712740626086 
1.3469999999999624	1019.5712708497251 
1.3479999999999623	1019.5712678153714 
1.3489999999999622	1019.571264958103 
1.3499999999999621	1019.5712622764028 
1.350999999999962	1019.5712597686821 
1.351999999999962	1019.5712574332841 
1.3529999999999618	1019.5712552684851 
1.3539999999999617	1019.5712532724965 
1.3549999999999616	1019.5712514434679 
1.3559999999999615	1019.5712497794882 
1.3569999999999613	1019.5712482785883 
1.3579999999999612	1019.571246938743 
1.3589999999999611	1019.5712457578732 
1.359999999999961	1019.5712447338478 
1.360999999999961	1019.5712438644863 
1.3619999999999608	1019.5712431475602 
1.3629999999999607	1019.5712425807953 
1.3639999999999606	1019.5712421618744 
1.3649999999999605	1019.5712418884382 
1.3659999999999604	1019.5712417580883 
1.3669999999999602	1019.5712417683889 
1.3679999999999601	1019.5712419168685 
1.36899999999996	1019.5712422010226 
1.36999999999996	1019.5712426183151 
1.3709999999999598	1019.57124316618 
1.3719999999999597	1019.5712438420244 
1.3729999999999596	1019.5712446432294 
1.3739999999999595	1019.5712455671525 
1.3749999999999594	1019.5712466111293 
1.3759999999999593	1019.5712477724753 
1.3769999999999591	1019.5712490484883 
1.377999999999959	1019.5712504364494 
1.378999999999959	1019.5712519336254 
1.3799999999999588	1019.5712535372702 
1.3809999999999587	1019.5712552446267 
1.3819999999999586	1019.5712570529288 
1.3829999999999585	1019.5712589594025 
1.3839999999999584	1019.5712609612681 
1.3849999999999583	1019.5712630557415 
1.3859999999999582	1019.5712652400362 
1.386999999999958	1019.5712675113643 
1.387999999999958	1019.5712698669389 
1.3889999999999578	1019.5712723039748 
1.3899999999999577	1019.5712748196904 
1.3909999999999576	1019.5712774113094 
1.3919999999999575	1019.571280076062 
1.3929999999999574	1019.5712828111859 
1.3939999999999573	1019.5712856139287 
1.3949999999999572	1019.5712884815483 
1.395999999999957	1019.5712914113149 
1.396999999999957	1019.5712944005118 
1.3979999999999568	1019.5712974464371 
1.3989999999999567	1019.5713005464048 
1.3999999999999566	1019.5713036977457 
1.4009999999999565	1019.5713068978092 
1.4019999999999564	1019.5713101439638 
1.4029999999999563	1019.5713134335988 
1.4039999999999562	1019.5713167641248 
1.404999999999956	1019.5713201329754 
1.405999999999956	1019.5713235376077 
1.4069999999999558	1019.5713269755036 
1.4079999999999557	1019.5713304441706 
1.4089999999999556	1019.5713339411428 
1.4099999999999555	1019.571337463982 
1.4109999999999554	1019.5713410102782 
1.4119999999999553	1019.5713445776505 
1.4129999999999552	1019.5713481637482 
1.413999999999955	1019.5713517662515 
1.414999999999955	1019.571355382872 
1.4159999999999549	1019.5713590113535 
1.4169999999999547	1019.5713626494729 
1.4179999999999546	1019.5713662950409 
1.4189999999999545	1019.571369945902 
1.4199999999999544	1019.5713735999359 
1.4209999999999543	1019.5713772550575 
1.4219999999999542	1019.5713809092179 
1.422999999999954	1019.5713845604042 
1.423999999999954	1019.571388206641 
1.4249999999999539	1019.5713918459899 
1.4259999999999537	1019.5713954765503 
1.4269999999999536	1019.5713990964599 
1.4279999999999535	1019.5714027038952 
1.4289999999999534	1019.5714062970711 
1.4299999999999533	1019.5714098742421 
1.4309999999999532	1019.5714134337021 
1.431999999999953	1019.5714169737846 
1.432999999999953	1019.5714204928632 
1.4339999999999529	1019.5714239893517 
1.4349999999999528	1019.5714274617042 
1.4359999999999526	1019.5714309084152 
1.4369999999999525	1019.57143432802 
1.4379999999999524	1019.5714377190947 
1.4389999999999523	1019.5714410802558 
1.4399999999999522	1019.5714444101611 
1.440999999999952	1019.5714477075093 
1.441999999999952	1019.5714509710396 
1.4429999999999519	1019.5714541995322 
1.4439999999999518	1019.5714573918086 
1.4449999999999517	1019.5714605467305 
1.4459999999999515	1019.5714636632005 
1.4469999999999514	1019.5714667401619 
1.4479999999999513	1019.5714697765984 
1.4489999999999512	1019.571472771534 
1.449999999999951	1019.5714757240328 
1.450999999999951	1019.5714786331989 
1.4519999999999509	1019.5714814981764 
1.4529999999999508	1019.5714843181485 
1.4539999999999507	1019.5714870923381 
1.4549999999999506	1019.5714898200071 
1.4559999999999504	1019.5714925004559 
1.4569999999999503	1019.5714951330236 
1.4579999999999502	1019.5714977170877 
1.4589999999999501	1019.5715002520632 
1.45999999999995	1019.5715027374026 
1.46099999999995	1019.5715051725958 
1.4619999999999498	1019.5715075571694 
1.4629999999999497	1019.5715098906863 
1.4639999999999496	1019.5715121727457 
1.4649999999999495	1019.571514402982 
1.4659999999999493	1019.5715165810651 
1.4669999999999492	1019.5715187066996 
1.4679999999999491	1019.5715207796244 
1.468999999999949	1019.5715227996121 
1.469999999999949	1019.5715247664689 
1.4709999999999488	1019.5715266800338 
1.4719999999999487	1019.5715285401782 
1.4729999999999486	1019.5715303468055 
1.4739999999999485	1019.5715320998504 
1.4749999999999484	1019.5715337992787 
1.4759999999999482	1019.5715354450863 
1.4769999999999481	1019.5715370372992 
1.477999999999948	1019.5715385759727 
1.478999999999948	1019.5715400611907 
1.4799999999999478	1019.5715414930654 
1.4809999999999477	1019.5715428717366 
1.4819999999999476	1019.5715441973713 
1.4829999999999475	1019.571545470163 
1.4839999999999474	1019.5715466903312 
1.4849999999999473	1019.5715478581205 
1.4859999999999471	1019.5715489738009 
1.486999999999947	1019.5715500376659 
1.487999999999947	1019.5715510500331 
1.4889999999999468	1019.5715520112429 
1.4899999999999467	1019.5715529216584 
1.4909999999999466	1019.5715537816642 
1.4919999999999465	1019.5715545916664 
1.4929999999999464	1019.5715553520918 
1.4939999999999463	1019.571556063387 
1.4949999999999461	1019.5715567260183 
1.495999999999946	1019.5715573404708 
1.496999999999946	1019.5715579072477 
1.4979999999999458	1019.57155842687 
1.4989999999999457	1019.5715588998756 
1.4999999999999456	1019.5715593268193 
1.5009999999999455	1019.5715597082711 
1.5019999999999454	1019.5715600448169 
1.5029999999999453	1019.5715603370569 
1.5039999999999452	1019.5715605856053 
1.504999999999945	1019.5715607910902 
1.505999999999945	1019.5715609541521 
1.5069999999999448	1019.5715610754444 
1.5079999999999447	1019.5715611556318 
1.5089999999999446	1019.5715611953904 
1.5099999999999445	1019.5715611954066 
1.5109999999999444	1019.5715611563774 
1.5119999999999443	1019.5715610790087 
1.5129999999999442	1019.5715609640157 
1.513999999999944	1019.5715608121217 
1.514999999999944	1019.571560624058 
1.5159999999999438	1019.571560400563 
1.5169999999999437	1019.5715601423822 
1.5179999999999436	1019.5715598502667 
1.5189999999999435	1019.5715595249737 
1.5199999999999434	1019.5715591672656
