0.0	998.4792343872953 
0.001	996.9838148681356 
0.002	995.5133190076286 
0.003	994.0673724658216 
0.004	992.6456415622505 
0.005	991.2478269718149 
0.006	989.8736583770581 
0.007	988.5228899291806 
0.008	987.1952963931043 
0.009000000000000001	985.8906698713109 
0.010000000000000002	984.6088170175575 
0.011000000000000003	983.3495566653933 
0.012000000000000004	982.1127178080725 
0.013000000000000005	980.8981378763028 
0.014000000000000005	979.7056612685834 
0.015000000000000006	978.5351380959017 
0.016000000000000007	977.386423108481 
0.017000000000000008	976.2593747772695 
0.01800000000000001	975.1538545070813 
0.01900000000000001	974.0697259618634 
0.02000000000000001	973.0068544855658 
0.02100000000000001	971.965106604636 
0.022000000000000013	970.9443496002968 
0.023000000000000013	969.9444511405787 
0.024000000000000014	968.9652789636053 
0.025000000000000015	968.006700604919 
0.026000000000000016	967.0685831627248 
0.027000000000000017	966.1507930958487 
0.028000000000000018	965.2531960499864 
0.02900000000000002	964.3756567084722 
0.03000000000000002	963.5180386643555 
0.03100000000000002	962.6802043110387 
0.03200000000000002	961.8620147491312 
0.03300000000000002	961.0633297075054 
0.03400000000000002	960.2840074768295 
0.035000000000000024	959.5239048540891 
0.036000000000000025	958.7828770968174 
0.037000000000000026	958.0607778859253 
0.03800000000000003	957.3574592961706 
0.03900000000000003	956.6727717734325 
0.04000000000000003	956.0065641180619 
0.04100000000000003	955.3586834736742 
0.04200000000000003	954.728975320825 
0.04300000000000003	954.1172834750784 
0.04400000000000003	953.5234500890366 
0.04500000000000003	952.9473156579486 
0.046000000000000034	952.3887190285569 
0.047000000000000035	951.8474974108838 
0.048000000000000036	951.3234863926864 
0.04900000000000004	950.8165199563421 
0.05000000000000004	950.3264304979484 
0.05100000000000004	949.8530488484471 
0.05200000000000004	949.396204296598 
0.05300000000000004	948.9557246136488 
0.05400000000000004	948.5314360795622 
0.05500000000000004	948.123163510673 
0.05600000000000004	947.7307302886652 
0.057000000000000044	947.3539583907673 
0.058000000000000045	946.9926684210734 
0.059000000000000045	946.646679642911 
0.060000000000000046	946.3158100121808 
0.06100000000000005	945.999876211604 
0.06200000000000005	945.6986936858181 
0.06300000000000004	945.4120766772696 
0.06400000000000004	945.1398382628579 
0.06500000000000004	944.881790391287 
0.06600000000000004	944.6377439210918 
0.06700000000000005	944.4075086593039 
0.06800000000000005	944.1908934007304 
0.06900000000000005	943.9877059678199 
0.07000000000000005	943.7977532510939 
0.07100000000000005	943.6208412501239 
0.07200000000000005	943.4567751150379 
0.07300000000000005	943.3053591885403 
0.07400000000000005	943.1663970484333 
0.07500000000000005	943.039691550626 
0.07600000000000005	942.925044872622 
0.07700000000000005	942.8222585574755 
0.07800000000000006	942.7311335582049 
0.07900000000000006	942.6514702826584 
0.08000000000000006	942.5830686388204 
0.08100000000000006	942.5257280805513 
0.08200000000000006	942.479247653753 
0.08300000000000006	942.4434260429497 
0.08400000000000006	942.418061618277 
0.08500000000000006	942.4029524828675 
0.08600000000000006	942.3978965206247 
0.08700000000000006	942.4026914443727 
0.08800000000000006	942.4171348443706 
0.08900000000000007	942.4410242371783 
0.09000000000000007	942.4741571148611 
0.09100000000000007	942.5163309945167 
0.09200000000000007	942.5673434681104 
0.09300000000000007	942.6269922526001 
0.09400000000000007	942.6950752403337 
0.09500000000000007	942.7713905497003 
0.09600000000000007	942.8557365760126 
0.09700000000000007	942.9479120426014 
0.09800000000000007	943.0477160520973 
0.09900000000000007	943.1549481378772 
0.10000000000000007	943.2694083156496 
0.10100000000000008	943.3908971351523 
0.10200000000000008	943.5192157319367 
0.10300000000000008	943.6541658792084 
0.10400000000000008	943.7955500396966 
0.10500000000000008	943.943171417521 
0.10600000000000008	944.0968340100254 
0.10700000000000008	944.2563426595475 
0.10800000000000008	944.4215031050892 
0.10900000000000008	944.5921220338573 
0.11000000000000008	944.7680071326391 
0.11100000000000008	944.9489671389783 
0.11200000000000009	945.1348118921169 
0.11300000000000009	945.3253523836672 
0.11400000000000009	945.520400807979 
0.11500000000000009	945.719770612164 
0.11600000000000009	945.9232765457446 
0.11700000000000009	946.130734709887 
0.11800000000000009	946.3419626061852 
0.11900000000000009	946.5567791849584 
0.12000000000000009	946.775004893025 
0.1210000000000001	946.9964617209187 
0.1220000000000001	947.2209732495095 
0.1230000000000001	947.4483646959949 
0.1240000000000001	947.6784629592256 
0.12500000000000008	947.9110966643319 
0.12600000000000008	948.1460962066155 
0.12700000000000009	948.3832937946743 
0.12800000000000009	948.6225234927259 
0.1290000000000001	948.8636212620991 
0.1300000000000001	949.1064250018597 
0.1310000000000001	949.3507745885428 
0.1320000000000001	949.596511914958 
0.1330000000000001	949.843480928042 
0.1340000000000001	950.0915276657279 
0.1350000000000001	950.3405002928052 
0.1360000000000001	950.5902491357444 
0.1370000000000001	950.8406267164605 
0.1380000000000001	951.0914877849917 
0.1390000000000001	951.3426893510705 
0.1400000000000001	951.5940907145651 
0.1410000000000001	951.8455534947711 
0.1420000000000001	952.0969416585324 
0.1430000000000001	952.3481215471753 
0.1440000000000001	952.5989619022373 
0.1450000000000001	952.849333889975 
0.1460000000000001	953.0991111246367 
0.1470000000000001	953.3481696904863 
0.1480000000000001	953.5963881625665 
0.1490000000000001	953.8436476261908 
0.1500000000000001	954.0898316951534 
0.1510000000000001	954.3348265286515 
0.1520000000000001	954.5785208469094 
0.1530000000000001	954.8208059455018 
0.1540000000000001	955.0615757083699 
0.1550000000000001	955.300726619528 
0.1560000000000001	955.5381577734579 
0.1570000000000001	955.7737708841912 
0.1580000000000001	956.0074702930784 
0.1590000000000001	956.2391629752485 
0.16000000000000011	956.4687585447596 
0.16100000000000012	956.6961692584465 
0.16200000000000012	956.921310018469 
0.16300000000000012	957.144098373567 
0.16400000000000012	957.3644545190315 
0.16500000000000012	957.5823012953971 
0.16600000000000012	957.7975641858677 
0.16700000000000012	958.0101713124847 
0.16800000000000012	958.220053431049 
0.16900000000000012	958.4271439248104 
0.17000000000000012	958.6313787969357 
0.17100000000000012	958.8326966617719 
0.17200000000000013	959.0310387349177 
0.17300000000000013	959.2263488221205 
0.17400000000000013	959.4185733070155 
0.17500000000000013	959.6076611377239 
0.17600000000000013	959.7935638123288 
0.17700000000000013	959.9762353632485 
0.17800000000000013	960.1556323405257 
0.17900000000000013	960.3317137940539 
0.18000000000000013	960.5044412547624 
0.18100000000000013	960.6737787147797 
0.18200000000000013	960.8396926066006 
0.18300000000000013	961.0021517812762 
0.18400000000000014	961.1611274856529 
0.18500000000000014	961.3165933386823 
0.18600000000000014	961.4685253068282 
0.18700000000000014	961.616901678592 
0.18800000000000014	961.7617030381854 
0.18900000000000014	961.9029122383727 
0.19000000000000014	962.0405143725094 
0.19100000000000014	962.1744967458037 
0.19200000000000014	962.3048488458259 
0.19300000000000014	962.4315623122922 
0.19400000000000014	962.5546309061511 
0.19500000000000015	962.6740504779972 
0.19600000000000015	962.7898189358397 
0.19700000000000015	962.9019362122541 
0.19800000000000015	963.0104042309428 
0.19900000000000015	963.1152268727317 
0.20000000000000015	963.2164099410314 
0.20100000000000015	963.3139611267887 
0.20200000000000015	963.4078899729567 
0.20300000000000015	963.4982078385101 
0.20400000000000015	963.5849278620332 
0.20500000000000015	963.6680649249078 
0.20600000000000016	963.747635614127 
0.20700000000000016	963.8236581847634 
0.20800000000000016	963.8961525221165 
0.20900000000000016	963.9651401035673 
0.21000000000000016	964.0306439601658 
0.21100000000000016	964.0926886379777 
0.21200000000000016	964.1513001592161 
0.21300000000000016	964.2065059831839 
0.21400000000000016	964.2583349670521 
0.21500000000000016	964.3068173265003 
0.21600000000000016	964.3519845962427 
0.21700000000000016	964.3938695904644 
0.21800000000000017	964.4325063631941 
0.21900000000000017	964.4679301686342 
0.22000000000000017	964.5001774214747 
0.22100000000000017	964.5292856572117 
0.22200000000000017	964.5552934924953 
0.22300000000000017	964.5782405855279 
0.22400000000000017	964.5981675965364 
0.22500000000000017	964.6151161483388 
0.22600000000000017	964.6291287870264 
0.22700000000000017	964.6402489427842 
0.22800000000000017	964.6485208908676 
0.22900000000000018	964.6539897127574 
0.23000000000000018	964.6567012575111 
0.23100000000000018	964.6567021033312 
0.23200000000000018	964.6540395193674 
0.23300000000000018	964.648761427773 
0.23400000000000018	964.6409163660312 
0.23500000000000018	964.63055344957 
0.23600000000000018	964.6177223346822 
0.23700000000000018	964.6024731817666 
0.23800000000000018	964.5848566189067 
0.23900000000000018	964.5649237058014 
0.24000000000000019	964.5427258980646 
0.2410000000000002	964.5183150119057 
0.2420000000000002	964.4917431892064 
0.2430000000000002	964.4630628630082 
0.2440000000000002	964.4323267234205 
0.2450000000000002	964.3995876839656 
0.2460000000000002	964.3648988483699 
0.2470000000000002	964.3283134778142 
0.2480000000000002	964.2898849586534 
0.2490000000000002	964.2496667706174 
0.25000000000000017	964.207712455502 
0.25100000000000017	964.16407558636 
0.25200000000000017	964.1188097372021 
0.25300000000000017	964.0719684532157 
0.25400000000000017	964.0236052215104 
0.25500000000000017	963.9737734423969 
0.25600000000000017	963.922526401209 
0.2570000000000002	963.8699172406723 
0.2580000000000002	963.815998933829 
0.2590000000000002	963.7608242575229 
0.2600000000000002	963.7044457664514 
0.2610000000000002	963.6469157677883 
0.2620000000000002	963.5882862963833 
0.2630000000000002	963.528609090542 
0.2640000000000002	963.4679355683894 
0.2650000000000002	963.4063168048226 
0.2660000000000002	963.3438035090525 
0.2670000000000002	963.2804460027398 
0.2680000000000002	963.2162941987267 
0.2690000000000002	963.1513975803647 
0.2700000000000002	963.0858051814428 
0.2710000000000002	963.019565566714 
0.2720000000000002	962.9527268130237 
0.2730000000000002	962.8853364910369 
0.2740000000000002	962.8174416475686 
0.2750000000000002	962.7490887885124 
0.2760000000000002	962.6803238623698 
0.2770000000000002	962.6111922443781 
0.2780000000000002	962.5417387212343 
0.2790000000000002	962.4720074764156 
0.2800000000000002	962.4020420760922 
0.2810000000000002	962.3318854556321 
0.2820000000000002	962.2615799066929 
0.2830000000000002	962.1911670648996 
0.2840000000000002	962.1206878981044 
0.2850000000000002	962.050182695225 
0.2860000000000002	961.9796910556573 
0.2870000000000002	961.9092518792593 
0.2880000000000002	961.8389033569001 
0.2890000000000002	961.7686829615725 
0.2900000000000002	961.6986274400606 
0.2910000000000002	961.6287728051605 
0.2920000000000002	961.5591543284469 
0.2930000000000002	961.4898065335813 
0.2940000000000002	961.4207631901548 
0.2950000000000002	961.352057308061 
0.2960000000000002	961.2837211323917 
0.2970000000000002	961.21578613885 
0.2980000000000002	961.1482830296733 
0.2990000000000002	961.0812417300605 
0.3000000000000002	961.0146913850964 
0.3010000000000002	960.9486603571654 
0.3020000000000002	960.8831762238482 
0.3030000000000002	960.8182657762942 
0.3040000000000002	960.7539550180618 
0.3050000000000002	960.6902691644191 
0.3060000000000002	960.6272326420972 
0.3070000000000002	960.5648690894886 
0.3080000000000002	960.5032013572826 
0.3090000000000002	960.4422515095291 
0.3100000000000002	960.382040825124 
0.3110000000000002	960.322589799706 
0.3120000000000002	960.2639181479585 
0.3130000000000002	960.2060448063071 
0.3140000000000002	960.1489879360034 
0.3150000000000002	960.0927649265893 
0.3160000000000002	960.0373923997292 
0.3170000000000002	959.9828862134058 
0.3180000000000002	959.9292614664666 
0.31900000000000023	959.8765325035162 
0.32000000000000023	959.8247129201418 
0.32100000000000023	959.7738155684667 
0.32200000000000023	959.7238525630202 
0.32300000000000023	959.6748352869159 
0.32400000000000023	959.6267743983309 
0.32500000000000023	959.5796798372737 
0.32600000000000023	959.5335608326361 
0.32700000000000023	959.4884259095162 
0.32800000000000024	959.4442828968063 
0.32900000000000024	959.4011389350355 
0.33000000000000024	959.359000484459 
0.33100000000000024	959.3178733333839 
0.33200000000000024	959.2777626067242 
0.33300000000000024	959.238672774775 
0.33400000000000024	959.2006076621979 
0.33500000000000024	959.1635704572083 
0.33600000000000024	959.1275637209562 
0.33700000000000024	959.0925893970922 
0.33800000000000024	959.0586488215088 
0.33900000000000025	959.02574273225 
0.34000000000000025	958.9938712795803 
0.34100000000000025	958.9630340362032 
0.34200000000000025	958.9332300076238 
0.34300000000000025	958.9044576426437 
0.34400000000000025	958.8767148439832 
0.34500000000000025	958.84999897902 
0.34600000000000025	958.8243068906385 
0.34700000000000025	958.7996349081798 
0.34800000000000025	958.7759788584865 
0.34900000000000025	958.7533340770324 
0.35000000000000026	958.7316954191308 
0.35100000000000026	958.7110572712137 
0.35200000000000026	958.6914135621736 
0.35300000000000026	958.6727577747607 
0.35400000000000026	958.6550829570292 
0.35500000000000026	958.6383817338236 
0.35600000000000026	958.6226463182996 
0.35700000000000026	958.6078685234719 
0.35800000000000026	958.5940397737812 
0.35900000000000026	958.5811511166755 
0.36000000000000026	958.569193234197 
0.36100000000000027	958.5581564545691 
0.36200000000000027	958.5480307637773 
0.36300000000000027	958.5388058171368 
0.36400000000000027	958.5304709508408 
0.36500000000000027	958.5230151934845 
0.36600000000000027	958.516427277557 
0.36700000000000027	958.5106956508965 
0.36800000000000027	958.5058084881032 
0.36900000000000027	958.5017537019029 
0.3700000000000003	958.498518954458 
0.3710000000000003	958.4960916686181 
0.3720000000000003	958.4944590391071 
0.3730000000000003	958.4936080436405 
0.3740000000000003	958.4935254539681 
0.3750000000000003	958.4941978468377 
0.3760000000000003	958.4956116148745 
0.3770000000000003	958.4977529773726 
0.3780000000000003	958.500607990992 
0.3790000000000003	958.5041625603603 
0.3800000000000003	958.5084024485714 
0.3810000000000003	958.5133132875786 
0.3820000000000003	958.5188805884796 
0.3830000000000003	958.5250897516864 
0.3840000000000003	958.5319260769795 
0.3850000000000003	958.5393747734411 
0.3860000000000003	958.5474209692644 
0.3870000000000003	958.5560497214362 
0.3880000000000003	958.5652460252884 
0.3890000000000003	958.5749948239163 
0.3900000000000003	958.5852810174617 
0.3910000000000003	958.5960894722555 
0.3920000000000003	958.6074050298193 
0.3930000000000003	958.6192125157235 
0.3940000000000003	958.6314967482972 
0.3950000000000003	958.6442425471913 
0.3960000000000003	958.6574347417891 
0.3970000000000003	958.6710581794642 
0.3980000000000003	958.6850977336842 
0.3990000000000003	958.6995383119568 
0.4000000000000003	958.7143648636182 
0.4010000000000003	958.7295623874618 
0.4020000000000003	958.7451159392041 
0.4030000000000003	958.7610106387901 
0.4040000000000003	958.7772316775335 
0.4050000000000003	958.7937643250918 
0.4060000000000003	958.8105939362767 
0.4070000000000003	958.8277059576964 
0.4080000000000003	958.8450859342311 
0.4090000000000003	958.8627195153401 
0.4100000000000003	958.8805924612005 
0.4110000000000003	958.898690648676 
0.4120000000000003	958.9170000771165 
0.4130000000000003	958.9355068739883 
0.4140000000000003	958.9541973003336 
0.4150000000000003	958.9730577560606 
0.4160000000000003	958.9920747850637 
0.4170000000000003	959.0112350801732 
0.4180000000000003	959.0305254879362 
0.4190000000000003	959.0499330132279 
0.4200000000000003	959.0694448236942 
0.4210000000000003	959.0890482540256 
0.4220000000000003	959.1087308100637 
0.4230000000000003	959.1284801727406 
0.4240000000000003	959.1482842018518 
0.4250000000000003	959.1681309396632 
0.4260000000000003	959.1880086143544 
0.4270000000000003	959.2079056432976 
0.4280000000000003	959.2278106361739 
0.4290000000000003	959.2477123979284 
0.4300000000000003	959.2675999315651 
0.4310000000000003	959.2874624407824 
0.43200000000000033	959.3072893324512 
0.43300000000000033	959.3270702189363 
0.43400000000000033	959.3467949202635 
0.43500000000000033	959.3664534661328 
0.43600000000000033	959.3860360977803 
0.43700000000000033	959.4055332696895 
0.43800000000000033	959.4249356511546 
0.43900000000000033	959.4442341276965 
0.44000000000000034	959.4634198023348 
0.44100000000000034	959.4824839967154 
0.44200000000000034	959.501418252098 
0.44300000000000034	959.5202143302038 
0.44400000000000034	959.5388642139256 
0.44500000000000034	959.557360107904 
0.44600000000000034	959.5756944389678 
0.44700000000000034	959.5938598564462 
0.44800000000000034	959.6118492323496 
0.44900000000000034	959.6296556614249 
0.45000000000000034	959.6472724610852 
0.45100000000000035	959.6646931712183 
0.45200000000000035	959.6819115538739 
0.45300000000000035	959.6989215928326 
0.45400000000000035	959.7157174930609 
0.45500000000000035	959.7322936800516 
0.45600000000000035	959.7486447990534 
0.45700000000000035	959.7647657141925 
0.45800000000000035	959.7806515074876 
0.45900000000000035	959.7962974777612 
0.46000000000000035	959.8116991394497 
0.46100000000000035	959.8268522213149 
0.46200000000000035	959.8417526650583 
0.46300000000000036	959.8563966238419 
0.46400000000000036	959.8707804607178 
0.46500000000000036	959.8849007469682 
0.46600000000000036	959.898754260359 
0.46700000000000036	959.9123379833096 
0.46800000000000036	959.9256491009806 
0.46900000000000036	959.9386849992835 
0.47000000000000036	959.9514432628122 
0.47100000000000036	959.9639216727019 
0.47200000000000036	959.9761182044157 
0.47300000000000036	959.988031025462 
0.47400000000000037	959.9996584930456 
0.47500000000000037	960.0109991516542 
0.47600000000000037	960.0220517305839 
0.47700000000000037	960.0328151414046 
0.47800000000000037	960.0432884753693 
0.47900000000000037	960.0534710007685 
0.48000000000000037	960.063362160233 
0.48100000000000037	960.0729615679874 
0.4820000000000004	960.0822690070554 
0.4830000000000004	960.0912844264219 
0.4840000000000004	960.1000079381513 
0.4850000000000004	960.1084398144666 
0.4860000000000004	960.1165804847901 
0.4870000000000004	960.1244305327496 
0.4880000000000004	960.1319906931502 
0.4890000000000004	960.1392618489168 
0.4900000000000004	960.1462450280062 
0.4910000000000004	960.1529414002944 
0.4920000000000004	960.1593522744381 
0.4930000000000004	960.1654790947159 
0.4940000000000004	960.1713234378478 
0.4950000000000004	960.1768870097982 
0.4960000000000004	960.1821716425624 
0.4970000000000004	960.1871792909398 
0.4980000000000004	960.1919120292956 
0.4990000000000004	960.1963720483127 
0.5000000000000003	960.2005616517354 
0.5010000000000003	960.2044832531083 
0.5020000000000003	960.2081393725109 
0.5030000000000003	960.2115326332907 
0.5040000000000003	960.2146657587954 
0.5050000000000003	960.2175415691073 
0.5060000000000003	960.2201629777819 
0.5070000000000003	960.2225329885906 
0.5080000000000003	960.2246546922711 
0.5090000000000003	960.2265312632862 
0.5100000000000003	960.2281659565933 
0.5110000000000003	960.2295621044252 
0.5120000000000003	960.2307231130849 
0.5130000000000003	960.2316524597554 
0.5140000000000003	960.2323536893261 
0.5150000000000003	960.2328304112369 
0.5160000000000003	960.233086296342 
0.5170000000000003	960.2331250737944 
0.5180000000000003	960.2329505279536 
0.5190000000000003	960.2325664953148 
0.5200000000000004	960.2319768614655 
0.5210000000000004	960.2311855580658 
0.5220000000000004	960.2301965598582 
0.5230000000000004	960.2290138817041 
0.5240000000000004	960.227641575651 
0.5250000000000004	960.2260837280302 
0.5260000000000004	960.2243444565863 
0.5270000000000004	960.2224279076396 
0.5280000000000004	960.2203382532824 
0.5290000000000004	960.2180796886103 
0.5300000000000004	960.2156564289884 
0.5310000000000004	960.2130727073558 
0.5320000000000004	960.2103327715658 
0.5330000000000004	960.207440881766 
0.5340000000000004	960.204401307816 
0.5350000000000004	960.2012183267465 
0.5360000000000004	960.1978962202575 
0.5370000000000004	960.1944392722592 
0.5380000000000004	960.1908517664534 
0.5390000000000004	960.1871379839587 
0.5400000000000004	960.1833022009773 
0.5410000000000004	960.1793486865073 
0.5420000000000004	960.1752817000971 
0.5430000000000004	960.1711054896462 
0.5440000000000004	960.1668242892493 
0.5450000000000004	960.1624423170878 
0.5460000000000004	960.1579637733652 
0.5470000000000004	960.15339283829 
0.5480000000000004	960.1487336701043 
0.5490000000000004	960.14399040316 
0.5500000000000004	960.1391671460409 
0.5510000000000004	960.1342679797327 
0.5520000000000004	960.1292969558406 
0.5530000000000004	960.1242580948536 
0.5540000000000004	960.1191553844578 
0.5550000000000004	960.113992777896 
0.5560000000000004	960.1087741923764 
0.5570000000000004	960.1035035075286 
0.5580000000000004	960.0981845639077 
0.5590000000000004	960.0928211615463 
0.5600000000000004	960.0874170585544 
0.5610000000000004	960.081975969767 
0.5620000000000004	960.0765015654397 
0.5630000000000004	960.0709974699919 
0.5640000000000004	960.0654672607968 
0.5650000000000004	960.0599144670202 
0.5660000000000004	960.0543425685047 
0.5670000000000004	960.0487549947022 
0.5680000000000004	960.0431551236524 
0.5690000000000004	960.0375462810077 
0.5700000000000004	960.0319317391054 
0.5710000000000004	960.0263147160838 
0.5720000000000004	960.0206983750458 
0.5730000000000004	960.0150858232664 
0.5740000000000004	960.0094801114464 
0.5750000000000004	960.0038842330086 
0.5760000000000004	959.9983011234409 
0.5770000000000004	959.9927336596803 
0.5780000000000004	959.987184659542 
0.5790000000000004	959.9816568811909 
0.5800000000000004	959.9761530226556 
0.5810000000000004	959.9706757213834 
0.5820000000000004	959.9652275538382 
0.5830000000000004	959.9598110351384 
0.5840000000000004	959.9544286187354 
0.5850000000000004	959.9490826961321 
0.5860000000000004	959.9437755966404 
0.5870000000000004	959.938509587178 
0.5880000000000004	959.933286872103 
0.5890000000000004	959.9281095930864 
0.5900000000000004	959.9229798290215 
0.5910000000000004	959.9178995959699 
0.5920000000000004	959.9128708471429 
0.5930000000000004	959.9078954729191 
0.5940000000000004	959.9029753008953 
0.5950000000000004	959.8981120959725 
0.5960000000000004	959.8933075604745 
0.5970000000000004	959.8885633342994 
0.5980000000000004	959.8838809951036 
0.5990000000000004	959.879262058516 
0.6000000000000004	959.8747079783842 
0.6010000000000004	959.8702201470495 
0.6020000000000004	959.8657998956522 
0.6030000000000004	959.8614484944653 
0.6040000000000004	959.8571671532554 
0.6050000000000004	959.8529570216721 
0.6060000000000004	959.8488191896629 
0.6070000000000004	959.8447546879148 
0.6080000000000004	959.8407644883205 
0.6090000000000004	959.836849504469 
0.6100000000000004	959.833010592161 
0.6110000000000004	959.829248549946 
0.6120000000000004	959.8255641196824 
0.6130000000000004	959.8219579871198 
0.6140000000000004	959.8184307825013 
0.6150000000000004	959.8149830811864 
0.6160000000000004	959.8116154042938 
0.6170000000000004	959.8083282193627 
0.6180000000000004	959.8051219410327 
0.6190000000000004	959.8019969317402 
0.6200000000000004	959.7989535024327 
0.6210000000000004	959.7959919132987 
0.6220000000000004	959.7931123745129 
0.6230000000000004	959.7903150469959 
0.6240000000000004	959.7876000431887 
0.6250000000000004	959.7849674278399 
0.6260000000000004	959.7824172188058 
0.6270000000000004	959.7799493878624 
0.6280000000000004	959.7775638615291 
0.6290000000000004	959.7752605219025 
0.6300000000000004	959.773039207501 
0.6310000000000004	959.7708997141182 
0.6320000000000005	959.768841795685 
0.6330000000000005	959.7668651651408 
0.6340000000000005	959.7649694953105 
0.6350000000000005	959.7631544197907 
0.6360000000000005	959.7614195338397 
0.6370000000000005	959.7597643952748 
0.6380000000000005	959.7581885253745 
0.6390000000000005	959.7566914097845 
0.6400000000000005	959.755272499428 
0.6410000000000005	959.7539312114195 
0.6420000000000005	959.7526669299813 
0.6430000000000005	959.7514790073617 
0.6440000000000005	959.7503667647557 
0.6450000000000005	959.7493294932258 
0.6460000000000005	959.7483664546247 
0.6470000000000005	959.7474768825166 
0.6480000000000005	959.746659983099 
0.6490000000000005	959.7459149361235 
0.6500000000000005	959.7452408958148 
0.6510000000000005	959.7446369917878 
0.6520000000000005	959.7441023299626 
0.6530000000000005	959.7436359934762 
0.6540000000000005	959.7432370435913 
0.6550000000000005	959.742904520601 
0.6560000000000005	959.7426374447293 
0.6570000000000005	959.7424348170276 
0.6580000000000005	959.7422956202648 
0.6590000000000005	959.7422188198134 
0.6600000000000005	959.7422033645286 
0.6610000000000005	959.7422481876218 
0.6620000000000005	959.7423522075278 
0.6630000000000005	959.7425143287635 
0.6640000000000005	959.7427334427812 
0.6650000000000005	959.7430084288128 
0.6660000000000005	959.7433381547067 
0.6670000000000005	959.7437214777563 
0.6680000000000005	959.7441572455189 
0.6690000000000005	959.7446442966273 
0.6700000000000005	959.7451814615908 
0.6710000000000005	959.7457675635875 
0.6720000000000005	959.7464014192458 
0.6730000000000005	959.7470818394169 
0.6740000000000005	959.7478076299362 
0.6750000000000005	959.7485775923751 
0.6760000000000005	959.7493905247803 
0.6770000000000005	959.750245222404 
0.6780000000000005	959.7511404784217 
0.6790000000000005	959.7520750846387 
0.6800000000000005	959.7530478321854 
0.6810000000000005	959.7540575122003 
0.6820000000000005	959.7551029165014 
0.6830000000000005	959.7561828382451 
0.6840000000000005	959.7572960725732 
0.6850000000000005	959.7584414172475 
0.6860000000000005	959.7596176732707 
0.6870000000000005	959.7608236454963 
0.6880000000000005	959.7620581432247 
0.6890000000000005	959.7633199807865 
0.6900000000000005	959.7646079781125 
0.6910000000000005	959.7659209612914 
0.6920000000000005	959.7672577631137 
0.6930000000000005	959.7686172236022 
0.6940000000000005	959.7699981905298 
0.6950000000000005	959.7713995199234 
0.6960000000000005	959.7728200765545 
0.6970000000000005	959.7742587344165 
0.6980000000000005	959.7757143771886 
0.6990000000000005	959.7771858986854 
0.7000000000000005	959.7786722032943 
0.7010000000000005	959.780172206398 
0.7020000000000005	959.7816848347848 
0.7030000000000005	959.783209027044 
0.7040000000000005	959.7847437339492 
0.7050000000000005	959.7862879188268 
0.7060000000000005	959.7878405579123 
0.7070000000000005	959.7894006406922 
0.7080000000000005	959.790967170233 
0.7090000000000005	959.7925391634968 
0.7100000000000005	959.794115651644 
0.7110000000000005	959.795695680322 
0.7120000000000005	959.7972783099415 
0.7130000000000005	959.7988626159397 
0.7140000000000005	959.8004476890301 
0.7150000000000005	959.8020326354399 
0.7160000000000005	959.8036165771342 
0.7170000000000005	959.8051986520283 
0.7180000000000005	959.8067780141861 
0.7190000000000005	959.8083538340074 
0.7200000000000005	959.8099252984023 
0.7210000000000005	959.8114916109529 
0.7220000000000005	959.813051992064 
0.7230000000000005	959.8146056791004 
0.7240000000000005	959.816151926514 
0.7250000000000005	959.8176900059575 
0.7260000000000005	959.8192192063882 
0.7270000000000005	959.8207388341589 
0.7280000000000005	959.8222482130984 
0.7290000000000005	959.8237466845809 
0.7300000000000005	959.825233607584 
0.7310000000000005	959.8267083587361 
0.7320000000000005	959.8281703323535 
0.7330000000000005	959.829618940466 
0.7340000000000005	959.8310536128342 
0.7350000000000005	959.832473796954 
0.7360000000000005	959.8338789580533 
0.7370000000000005	959.8352685790784 
0.7380000000000005	959.8366421606696 
0.7390000000000005	959.8379992211295 
0.7400000000000005	959.8393392963801 
0.7410000000000005	959.8406619399119 
0.7420000000000005	959.8419667227242 
0.7430000000000005	959.8432532332561 
0.7440000000000005	959.8445210773093 
0.7450000000000006	959.8457698779631 
0.7460000000000006	959.8469992754804 
0.7470000000000006	959.8482089272063 
0.7480000000000006	959.8493985074596 
0.7490000000000006	959.8505677074152 
0.7500000000000006	959.8517162349806 
0.7510000000000006	959.852843814665 
0.7520000000000006	959.853950187441 
0.7530000000000006	959.8550351105998 
0.7540000000000006	959.8560983576001 
0.7550000000000006	959.8571397179104 
0.7560000000000006	959.8581589968454 
0.7570000000000006	959.8591560153964 
0.7580000000000006	959.8601306100554 
0.7590000000000006	959.861082632635 
0.7600000000000006	959.8620119500813 
0.7610000000000006	959.8629184442833 
0.7620000000000006	959.8638020118758 
0.7630000000000006	959.8646625640389 
0.7640000000000006	959.8655000262921 
0.7650000000000006	959.8663143382843 
0.7660000000000006	959.8671054535795 
0.7670000000000006	959.867873339439 
0.7680000000000006	959.8686179765994 
0.7690000000000006	959.8693393590465 
0.7700000000000006	959.8700374937874 
0.7710000000000006	959.8707124006175 
0.7720000000000006	959.8713641118857 
0.7730000000000006	959.8719926722562 
0.7740000000000006	959.8725981384679 
0.7750000000000006	959.8731805790914 
0.7760000000000006	959.8737400742831 
0.7770000000000006	959.874276715538 
0.7780000000000006	959.87479060544 
0.7790000000000006	959.8752818574103 
0.7800000000000006	959.8757505954546 
0.7810000000000006	959.8761969539089 
0.7820000000000006	959.8766210771834 
0.7830000000000006	959.8770231195059 
0.7840000000000006	959.8774032446642 
0.7850000000000006	959.8777616257472 
0.7860000000000006	959.8780984448861 
0.7870000000000006	959.8784138929943 
0.7880000000000006	959.8787081695081 
0.7890000000000006	959.8789814821255 
0.7900000000000006	959.879234046547 
0.7910000000000006	959.8794660862152 
0.7920000000000006	959.8796778320547 
0.7930000000000006	959.879869522213 
0.7940000000000006	959.8800414018015 
0.7950000000000006	959.8801937226374 
0.7960000000000006	959.8803267429862 
0.7970000000000006	959.8804407273052 
0.7980000000000006	959.8805359459881 
0.7990000000000006	959.8806126751108 
0.8000000000000006	959.8806711961786 
0.8010000000000006	959.8807117958744 
0.8020000000000006	959.8807347658088 
0.8030000000000006	959.8807404022721 
0.8040000000000006	959.880729005987 
0.8050000000000006	959.8807008818644 
0.8060000000000006	959.8806563387609 
0.8070000000000006	959.8805956892375 
0.8080000000000006	959.8805192493212 
0.8090000000000006	959.880427338269 
0.8100000000000006	959.8803202783338 
0.8110000000000006	959.8801983945328 
0.8120000000000006	959.8800620144189 
0.8130000000000006	959.8799114678536 
0.8140000000000006	959.8797470867844 
0.8150000000000006	959.8795692050229 
0.8160000000000006	959.8793781580272 
0.8170000000000006	959.8791742826866 
0.8180000000000006	959.8789579171096 
0.8190000000000006	959.8787294004144 
0.8200000000000006	959.8784890725232 
0.8210000000000006	959.878237273959 
0.8220000000000006	959.8779743456465 
0.8230000000000006	959.8777006287149 
0.8240000000000006	959.8774164643055 
0.8250000000000006	959.8771221933818 
0.8260000000000006	959.8768181565431 
0.8270000000000006	959.8765046938422 
0.8280000000000006	959.8761821446057 
0.8290000000000006	959.875850847258 
0.8300000000000006	959.8755111391501 
0.8310000000000006	959.8751633563902 
0.8320000000000006	959.8748078336791 
0.8330000000000006	959.8744449041492 
0.8340000000000006	959.8740748992064 
0.8350000000000006	959.8736981483771 
0.8360000000000006	959.8733149791574 
0.8370000000000006	959.8729257168671 
0.8380000000000006	959.8725306845076 
0.8390000000000006	959.8721302026223 
0.8400000000000006	959.8717245891623 
0.8410000000000006	959.871314159355 
0.8420000000000006	959.870899225577 
0.8430000000000006	959.87048009723 
0.8440000000000006	959.8700570806221 
0.8450000000000006	959.8696304788509 
0.8460000000000006	959.8692005916921 
0.8470000000000006	959.868767715491 
0.8480000000000006	959.868332143058 
0.8490000000000006	959.867894163568 
0.8500000000000006	959.8674540624638 
0.8510000000000006	959.8670121213624 
0.8520000000000006	959.8665686179663 
0.8530000000000006	959.8661238259774 
0.8540000000000006	959.8656780150154 
0.8550000000000006	959.8652314505395 
0.8560000000000006	959.8647843937737 
0.8570000000000007	959.8643371016366 
0.8580000000000007	959.8638898266736 
0.8590000000000007	959.8634428169934 
0.8600000000000007	959.8629963162081 
0.8610000000000007	959.8625505633767 
0.8620000000000007	959.8621057929521 
0.8630000000000007	959.8616622347317 
0.8640000000000007	959.8612201138114 
0.8650000000000007	959.8607796505429 
0.8660000000000007	959.8603410604943 
0.8670000000000007	959.8599045544148 
0.8680000000000007	959.8594703382016 
0.8690000000000007	959.8590386128709 
0.8700000000000007	959.8586095745317 
0.8710000000000007	959.8581834143628 
0.8720000000000007	959.8577603185933 
0.8730000000000007	959.8573404684856 
0.8740000000000007	959.8569240403224 
0.8750000000000007	959.8565112053953 
0.8760000000000007	959.8561021299979 
0.8770000000000007	959.8556969754203 
0.8780000000000007	959.8552958979479 
0.8790000000000007	959.8548990488622 
0.8800000000000007	959.8545065744441 
0.8810000000000007	959.8541186159807 
0.8820000000000007	959.8537353097744 
0.8830000000000007	959.8533567871541 
0.8840000000000007	959.8529831744901 
0.8850000000000007	959.8526145932104 
0.8860000000000007	959.8522511598202 
0.8870000000000007	959.851892985923 
0.8880000000000007	959.8515401782452 
0.8890000000000007	959.8511928386616 
0.8900000000000007	959.8508510642248 
0.8910000000000007	959.8505149471947 
0.8920000000000007	959.8501845750723 
0.8930000000000007	959.8498600306337 
0.8940000000000007	959.8495413919678 
0.8950000000000007	959.8492287325142 
0.8960000000000007	959.8489221211046 
0.8970000000000007	959.8486216220049 
0.8980000000000007	959.84832729496 
0.8990000000000007	959.8480391952394 
0.9000000000000007	959.8477573736852 
0.9010000000000007	959.8474818767617 
0.9020000000000007	959.8472127466057 
0.9030000000000007	959.8469500210796 
0.9040000000000007	959.8466937338248 
0.9050000000000007	959.8464439143177 
0.9060000000000007	959.8462005879253 
0.9070000000000007	959.8459637759642 
0.9080000000000007	959.8457334957591 
0.9090000000000007	959.8455097607034 
0.9100000000000007	959.8452925803208 
0.9110000000000007	959.8450819603273 
0.9120000000000007	959.8448779026955 
0.9130000000000007	959.8446804057188 
0.9140000000000007	959.8444894640766 
0.9150000000000007	959.8443050689008 
0.9160000000000007	959.8441272078433 
0.9170000000000007	959.843955865143 
0.9180000000000007	959.8437910216954 
0.9190000000000007	959.8436326551212 
0.9200000000000007	959.8434807398359 
0.9210000000000007	959.8433352471209 
0.9220000000000007	959.8431961451939 
0.9230000000000007	959.8430633992805 
0.9240000000000007	959.8429369716856 
0.9250000000000007	959.8428168218661 
0.9260000000000007	959.8427029065027 
0.9270000000000007	959.8425951795733 
0.9280000000000007	959.8424935924255 
0.9290000000000007	959.8423980938496 
0.9300000000000007	959.8423086301524 
0.9310000000000007	959.84222514523 
0.9320000000000007	959.8421475806417 
0.9330000000000007	959.842075875683 
0.9340000000000007	959.8420099674594 
0.9350000000000007	959.8419497909592 
0.9360000000000007	959.8418952791274 
0.9370000000000007	959.8418463629381 
0.9380000000000007	959.8418029714678 
0.9390000000000007	959.841765031968 
0.9400000000000007	959.8417324699374 
0.9410000000000007	959.8417052091942 
0.9420000000000007	959.8416831719477 
0.9430000000000007	959.84166627887 
0.9440000000000007	959.8416544491666 
0.9450000000000007	959.8416476006474 
0.9460000000000007	959.8416456497965 
0.9470000000000007	959.8416485118419 
0.9480000000000007	959.8416561008246 
0.9490000000000007	959.8416683296673 
0.9500000000000007	959.8416851102422 
0.9510000000000007	959.8417063534384 
0.9520000000000007	959.8417319692287 
0.9530000000000007	959.8417618667354 
0.9540000000000007	959.841795954296 
0.9550000000000007	959.8418341395277 
0.9560000000000007	959.8418763293914 
0.9570000000000007	959.841922430255 
0.9580000000000007	959.8419723479552 
0.9590000000000007	959.8420259878601 
0.9600000000000007	959.842083254929 
0.9610000000000007	959.842144053773 
0.9620000000000007	959.8422082887139 
0.9630000000000007	959.8422758638421 
0.9640000000000007	959.8423466830747 
0.9650000000000007	959.8424206502107 
0.9660000000000007	959.8424976689877 
0.9670000000000007	959.8425776431358 
0.9680000000000007	959.8426604764313 
0.9690000000000007	959.8427460727494 
0.9700000000000008	959.8428343361157 
0.9710000000000008	959.8429251707572 
0.9720000000000008	959.8430184811516 
0.9730000000000008	959.843114172076 
0.9740000000000008	959.8432121486547 
0.9750000000000008	959.843312316406 
0.9760000000000008	959.8434145812871 
0.9770000000000008	959.8435188497392 
0.9780000000000008	959.8436250287309 
0.9790000000000008	959.8437330258006 
0.9800000000000008	959.8438427490975 
0.9810000000000008	959.8439541074225 
0.9820000000000008	959.844067010267 
0.9830000000000008	959.8441813678513 
0.9840000000000008	959.8442970911615 
0.9850000000000008	959.8444140919856 
0.9860000000000008	959.8445322829485 
0.9870000000000008	959.8446515775457 
0.9880000000000008	959.8447718901763 
0.9890000000000008	959.8448931361743 
0.9900000000000008	959.8450152318399 
0.9910000000000008	959.8451380944682 
0.9920000000000008	959.8452616423787 
0.9930000000000008	959.8453857949415 
0.9940000000000008	959.8455104726049 
0.9950000000000008	959.8456355969198 
0.9960000000000008	959.8457610905642 
0.9970000000000008	959.8458868773666 
0.9980000000000008	959.846012882328 
0.9990000000000008	959.8461390316426 
1.0000000000000007	959.8462652527186 
1.0010000000000006	959.8463914741966 
1.0020000000000004	959.8465176259682 
1.0030000000000003	959.8466436391925 
1.0040000000000002	959.8467694463124 
1.0050000000000001	959.8468949810692 
1.006	959.8470201785176 
1.007	959.8471449750376 
1.0079999999999998	959.8472693083474 
1.0089999999999997	959.8473931175142 
1.0099999999999996	959.8475163429642 
1.0109999999999995	959.8476389264924 
1.0119999999999993	959.8477608112706 
1.0129999999999992	959.8478819418548 
1.0139999999999991	959.8480022641917 
1.014999999999999	959.8481217256247 
1.015999999999999	959.848240274898 
1.0169999999999988	959.8483578621614 
1.0179999999999987	959.8484744389724 
1.0189999999999986	959.8485899582992 
1.0199999999999985	959.8487043745215 
1.0209999999999984	959.8488176434316 
1.0219999999999982	959.848929722234 
1.0229999999999981	959.8490405695441 
1.023999999999998	959.8491501453867 
1.024999999999998	959.849258411194 
1.0259999999999978	959.8493653298012 
1.0269999999999977	959.8494708654438 
1.0279999999999976	959.8495749837518 
1.0289999999999975	959.8496776517454 
1.0299999999999974	959.849778837828 
1.0309999999999973	959.84987851178 
1.0319999999999971	959.8499766447516 
1.032999999999997	959.8500732092541 
1.033999999999997	959.8501681791523 
1.0349999999999968	959.8502615296545 
1.0359999999999967	959.850353237303 
1.0369999999999966	959.8504432799637 
1.0379999999999965	959.8505316368153 
1.0389999999999964	959.8506182883376 
1.0399999999999963	959.8507032163001 
1.0409999999999962	959.8507864037485 
1.041999999999996	959.850867834993 
1.042999999999996	959.8509474955937 
1.0439999999999958	959.8510253723475 
1.0449999999999957	959.8511014532735 
1.0459999999999956	959.851175727598 
1.0469999999999955	959.8512481857398 
1.0479999999999954	959.8513188192939 
1.0489999999999953	959.8513876210163 
1.0499999999999952	959.8514545848075 
1.050999999999995	959.8515197056953 
1.051999999999995	959.8515829798184 
1.0529999999999948	959.851644404409 
1.0539999999999947	959.8517039777745 
1.0549999999999946	959.8517616992807 
1.0559999999999945	959.8518175693328 
1.0569999999999944	959.8518715893571 
1.0579999999999943	959.8519237617824 
1.0589999999999942	959.851974090021 
1.059999999999994	959.8520225784498 
1.060999999999994	959.8520692323906 
1.0619999999999938	959.8521140580908 
1.0629999999999937	959.8521570627038 
1.0639999999999936	959.8521982542687 
1.0649999999999935	959.852237641691 
1.0659999999999934	959.8522752347217 
1.0669999999999933	959.8523110439377 
1.0679999999999932	959.8523450807211 
1.068999999999993	959.8523773572389 
1.069999999999993	959.8524078864224 
1.0709999999999928	959.8524366819466 
1.0719999999999927	959.8524637582099 
1.0729999999999926	959.8524891303127 
1.0739999999999925	959.8525128140377 
1.0749999999999924	959.8525348258281 
1.0759999999999923	959.8525551827678 
1.0769999999999922	959.85257390256 
1.077999999999992	959.8525910035072 
1.078999999999992	959.8526065044898 
1.0799999999999919	959.8526204249459 
1.0809999999999917	959.8526327848508 
1.0819999999999916	959.8526436046961 
1.0829999999999915	959.8526529054698 
1.0839999999999914	959.8526607086353 
1.0849999999999913	959.8526670361118 
1.0859999999999912	959.8526719102539 
1.086999999999991	959.852675353831 
1.087999999999991	959.8526773900086 
1.0889999999999909	959.8526780423269 
1.0899999999999908	959.8526773346829 
1.0909999999999906	959.8526752913092 
1.0919999999999905	959.852671936756 
1.0929999999999904	959.8526672958711 
1.0939999999999903	959.8526613937813 
1.0949999999999902	959.8526542558733 
1.09599999999999	959.8526459077749 
1.09699999999999	959.8526363753372 
1.0979999999999899	959.8526256846154 
1.0989999999999898	959.8526138618518 
1.0999999999999897	959.852600933457 
1.1009999999999895	959.8525869259928 
1.1019999999999894	959.8525718661547 
1.1029999999999893	959.8525557807546 
1.1039999999999892	959.8525386967042 
1.104999999999989	959.8525206409978 
1.105999999999989	959.8525016406962 
1.1069999999999889	959.8524817229106 
1.1079999999999888	959.8524609147864 
1.1089999999999887	959.8524392434877 
1.1099999999999886	959.8524167361816 
1.1109999999999884	959.8523934200235 
1.1119999999999883	959.852369322142 
1.1129999999999882	959.852344469624 
1.113999999999988	959.852318889501 
1.114999999999988	959.8522926087346 
1.115999999999988	959.8522656542029 
1.1169999999999878	959.8522380526872 
1.1179999999999877	959.8522098308583 
1.1189999999999876	959.8521810152644 
1.1199999999999875	959.8521516323177 
1.1209999999999873	959.8521217082828 
1.1219999999999872	959.8520912692641 
1.1229999999999871	959.8520603411946 
1.123999999999987	959.8520289498244 
1.124999999999987	959.8519971207094 
1.1259999999999868	959.8519648792004 
1.1269999999999867	959.8519322504333 
1.1279999999999866	959.8518992593181 
1.1289999999999865	959.8518659305295 
1.1299999999999863	959.8518322884971 
1.1309999999999862	959.8517983573964 
1.1319999999999861	959.8517641611396 
1.132999999999986	959.8517297233668 
1.133999999999986	959.8516950674381 
1.1349999999999858	959.851660216425 
1.1359999999999857	959.851625193103 
1.1369999999999856	959.8515900199443 
1.1379999999999855	959.8515547191099 
1.1389999999999854	959.8515193124437 
1.1399999999999852	959.8514838214651 
1.1409999999999851	959.8514482673634 
1.141999999999985	959.8514126709912 
1.142999999999985	959.8513770528592 
1.1439999999999848	959.8513414331308 
1.1449999999999847	959.8513058316164 
1.1459999999999846	959.8512702677695 
1.1469999999999845	959.8512347606812 
1.1479999999999844	959.8511993290768 
1.1489999999999843	959.8511639913113 
1.1499999999999841	959.8511287653656 
1.150999999999984	959.8510936688435 
1.151999999999984	959.8510587189685 
1.1529999999999838	959.8510239325803 
1.1539999999999837	959.850989326133 
1.1549999999999836	959.8509549156921 
1.1559999999999835	959.8509207169327 
1.1569999999999834	959.8508867451375 
1.1579999999999833	959.8508530151952 
1.1589999999999832	959.8508195415994 
1.159999999999983	959.850786338447 
1.160999999999983	959.8507534194379 
1.1619999999999828	959.8507207978736 
1.1629999999999827	959.8506884866575 
1.1639999999999826	959.8506564982946 
1.1649999999999825	959.850624844891 
1.1659999999999824	959.8505935381547 
1.1669999999999823	959.8505625893962 
1.1679999999999822	959.8505320095285 
1.168999999999982	959.8505018090685 
1.169999999999982	959.8504719981383 
1.1709999999999818	959.850442586466 
1.1719999999999817	959.8504135833874 
1.1729999999999816	959.8503849978479 
1.1739999999999815	959.850356838404 
1.1749999999999814	959.8503291132256 
1.1759999999999813	959.8503018300984 
1.1769999999999812	959.8502749964257 
1.177999999999981	959.8502486192318 
1.178999999999981	959.8502227051642 
1.1799999999999808	959.8501972604967 
1.1809999999999807	959.8501722911321 
1.1819999999999806	959.8501478026063 
1.1829999999999805	959.8501238000907 
1.1839999999999804	959.8501002883963 
1.1849999999999803	959.850077271977 
1.1859999999999802	959.8500547549339 
1.18699999999998	959.8500327410185 
1.18799999999998	959.8500112336371 
1.1889999999999799	959.8499902358553 
1.1899999999999797	959.8499697504017 
1.1909999999999796	959.8499497796726 
1.1919999999999795	959.8499303257363 
1.1929999999999794	959.849911390338 
1.1939999999999793	959.8498929749042 
1.1949999999999792	959.8498750805476 
1.195999999999979	959.8498577080721 
1.196999999999979	959.8498408579777 
1.1979999999999789	959.8498245304653 
1.1989999999999787	959.8498087254422 
1.1999999999999786	959.8497934425272 
1.2009999999999785	959.8497786810557 
1.2019999999999784	959.849764440085 
1.2029999999999783	959.8497507184001 
1.2039999999999782	959.8497375145188 
1.204999999999978	959.8497248266974 
1.205999999999978	959.849712652936 
1.2069999999999779	959.8497009909844 
1.2079999999999778	959.8496898383474 
1.2089999999999776	959.8496791922909 
1.2099999999999775	959.8496690498472 
1.2109999999999774	959.849659407821 
1.2119999999999773	959.8496502627952 
1.2129999999999772	959.8496416111363 
1.213999999999977	959.8496334490007 
1.214999999999977	959.8496257723403 
1.2159999999999769	959.8496185769084 
1.2169999999999768	959.8496118582651 
1.2179999999999767	959.849605611784 
1.2189999999999765	959.8495998326573 
1.2199999999999764	959.8495945159019 
1.2209999999999763	959.8495896563655 
1.2219999999999762	959.849585248732 
1.222999999999976	959.8495812875274 
1.223999999999976	959.849577767126 
1.2249999999999759	959.8495746817557 
1.2259999999999758	959.849572025504 
1.2269999999999757	959.8495697923239 
1.2279999999999756	959.8495679760391 
1.2289999999999754	959.8495665703504 
1.2299999999999753	959.8495655688406 
1.2309999999999752	959.8495649649809 
1.2319999999999751	959.8495647521358 
1.232999999999975	959.8495649235692 
1.233999999999975	959.8495654724495 
1.2349999999999748	959.8495663918553 
1.2359999999999747	959.8495676747807 
1.2369999999999746	959.8495693141406 
1.2379999999999745	959.8495713027764 
1.2389999999999743	959.8495736334609 
1.2399999999999742	959.8495762989036 
1.2409999999999741	959.8495792917557 
1.241999999999974	959.8495826046159 
1.242999999999974	959.8495862300343 
1.2439999999999738	959.8495901605186 
1.2449999999999737	959.8495943885378 
1.2459999999999736	959.8495989065281 
1.2469999999999735	959.8496037068971 
1.2479999999999734	959.8496087820288 
1.2489999999999732	959.8496141242879 
1.2499999999999731	959.8496197260247 
1.250999999999973	959.8496255795794 
1.251999999999973	959.8496316772868 
1.2529999999999728	959.8496380114802 
1.2539999999999727	959.8496445744963 
1.2549999999999726	959.8496513586789 
1.2559999999999725	959.849658356383 
1.2569999999999724	959.8496655599791 
1.2579999999999723	959.8496729618574 
1.2589999999999721	959.8496805544311 
1.259999999999972	959.8496883301405 
1.260999999999972	959.8496962814567 
1.2619999999999718	959.8497044008852 
1.2629999999999717	959.8497126809699 
1.2639999999999716	959.8497211142957 
1.2649999999999715	959.8497296934925 
1.2659999999999714	959.8497384112385 
1.2669999999999713	959.8497472602634 
1.2679999999999712	959.8497562333511 
1.268999999999971	959.8497653233433 
1.269999999999971	959.8497745231423 
1.2709999999999708	959.8497838257136 
1.2719999999999707	959.8497932240894 
1.2729999999999706	959.8498027113703 
1.2739999999999705	959.8498122807289 
1.2749999999999704	959.8498219254116 
1.2759999999999703	959.8498316387414 
1.2769999999999702	959.8498414141204 
1.27799999999997	959.8498512450318 
1.27899999999997	959.849861125042 
1.2799999999999698	959.8498710478034 
1.2809999999999697	959.8498810070554 
1.2819999999999696	959.8498909966271 
1.2829999999999695	959.849901010439 
1.2839999999999694	959.8499110425047 
1.2849999999999693	959.8499210869325 
1.2859999999999692	959.8499311379271 
1.286999999999969	959.8499411897914 
1.287999999999969	959.8499512369273 
1.2889999999999688	959.8499612738377 
1.2899999999999687	959.8499712951277 
1.2909999999999686	959.8499812955052 
1.2919999999999685	959.8499912697829 
1.2929999999999684	959.8500012128786 
1.2939999999999683	959.8500111198168 
1.2949999999999682	959.8500209857292 
1.295999999999968	959.8500308058556 
1.296999999999968	959.8500405755445 
1.2979999999999678	959.8500502902543 
1.2989999999999677	959.8500599455533 
1.2999999999999676	959.8500695371205 
1.3009999999999675	959.8500790607461 
1.3019999999999674	959.8500885123319 
1.3029999999999673	959.8500978878915 
1.3039999999999672	959.8501071835504 
1.304999999999967	959.8501163955469 
1.305999999999967	959.8501255202311 
1.3069999999999669	959.850134554066 
1.3079999999999667	959.8501434936269 
1.3089999999999666	959.8501523356015 
1.3099999999999665	959.8501610767897 
1.3109999999999664	959.8501697141037 
1.3119999999999663	959.8501782445672 
1.3129999999999662	959.8501866653157 
1.313999999999966	959.8501949735956 
1.314999999999966	959.8502031667643 
1.3159999999999659	959.8502112422893 
1.3169999999999658	959.8502191977478 
1.3179999999999656	959.8502270308263 
1.3189999999999655	959.8502347393196 
1.3199999999999654	959.8502423211306 
1.3209999999999653	959.8502497742692 
1.3219999999999652	959.8502570968515 
1.322999999999965	959.8502642870993 
1.323999999999965	959.8502713433392 
1.3249999999999649	959.8502782640013 
1.3259999999999648	959.8502850476187 
1.3269999999999647	959.8502916928262 
1.3279999999999645	959.8502981983595 
1.3289999999999644	959.8503045630539 
1.3299999999999643	959.8503107858435 
1.3309999999999642	959.8503168657599 
1.331999999999964	959.8503228019307 
1.332999999999964	959.8503285935792 
1.3339999999999639	959.8503342400221 
1.3349999999999638	959.8503397406689 
1.3359999999999637	959.8503450950204 
1.3369999999999636	959.8503503026674 
1.3379999999999634	959.8503553632894 
1.3389999999999633	959.8503602766531 
1.3399999999999632	959.8503650426111 
1.340999999999963	959.8503696611004 
1.341999999999963	959.8503741321413 
1.342999999999963	959.8503784558351 
1.3439999999999628	959.8503826323637 
1.3449999999999627	959.8503866619872 
1.3459999999999626	959.8503905450427 
1.3469999999999624	959.8503942819432 
1.3479999999999623	959.8503978731752 
1.3489999999999622	959.8504013192978 
1.3499999999999621	959.8504046209407 
1.350999999999962	959.8504077788031 
1.351999999999962	959.8504107936515 
1.3529999999999618	959.8504136663184 
1.3539999999999617	959.8504163977011 
1.3549999999999616	959.8504189887591 
1.3559999999999615	959.8504214405133 
1.3569999999999613	959.850423754044 
1.3579999999999612	959.8504259304892 
1.3589999999999611	959.8504279710435 
1.359999999999961	959.8504298769556 
1.360999999999961	959.8504316495272 
1.3619999999999608	959.8504332901114 
1.3629999999999607	959.8504348001106 
1.3639999999999606	959.8504361809755 
1.3649999999999605	959.8504374342028 
1.3659999999999604	959.8504385613339 
1.3669999999999602	959.8504395639534 
1.3679999999999601	959.8504404436869 
1.36899999999996	959.8504412022003 
1.36999999999996	959.850441841197 
1.3709999999999598	959.8504423624174 
1.3719999999999597	959.8504427676365 
1.3729999999999596	959.8504430586629 
1.3739999999999595	959.8504432373365 
1.3749999999999594	959.8504433055278 
1.3759999999999593	959.8504432651357 
1.3769999999999591	959.850443118086 
1.377999999999959	959.85044286633 
1.378999999999959	959.8504425118431 
1.3799999999999588	959.850442056623 
1.3809999999999587	959.8504415026885 
1.3819999999999586	959.8504408520774 
1.3829999999999585	959.850440106846 
1.3839999999999584	959.8504392690668 
1.3849999999999583	959.8504383408274 
1.3859999999999582	959.8504373242291 
1.386999999999958	959.8504362213855 
1.387999999999958	959.8504350344209 
1.3889999999999578	959.8504337654692 
1.3899999999999577	959.8504324166723 
1.3909999999999576	959.8504309901791 
1.3919999999999575	959.8504294881437 
1.3929999999999574	959.8504279127247 
1.3939999999999573	959.8504262660834 
1.3949999999999572	959.8504245503829 
1.395999999999957	959.8504227677865 
1.396999999999957	959.8504209204572 
1.3979999999999568	959.8504190105555 
1.3989999999999567	959.850417040239 
1.3999999999999566	959.8504150116612 
1.4009999999999565	959.85041292697 
1.4019999999999564	959.8504107883067 
1.4029999999999563	959.8504085978054 
1.4039999999999562	959.8504063575914 
1.404999999999956	959.8504040697802 
1.405999999999956	959.8504017364769 
1.4069999999999558	959.8503993597748 
1.4079999999999557	959.8503969417546 
1.4089999999999556	959.8503944844837 
1.4099999999999555	959.8503919900147 
1.4109999999999554	959.8503894603853 
1.4119999999999553	959.8503868976165 
1.4129999999999552	959.8503843037128 
1.413999999999955	959.8503816806603 
1.414999999999955	959.8503790304271 
1.4159999999999549	959.8503763549614 
1.4169999999999547	959.8503736561916 
1.4179999999999546	959.8503709360249 
1.4189999999999545	959.8503681963472 
1.4199999999999544	959.850365439022 
1.4209999999999543	959.8503626658901 
1.4219999999999542	959.8503598787688 
1.422999999999954	959.8503570794512 
1.423999999999954	959.8503542697059 
1.4249999999999539	959.8503514512761 
1.4259999999999537	959.8503486258793 
1.4269999999999536	959.8503457952069 
1.4279999999999535	959.8503429609234 
1.4289999999999534	959.8503401246663 
1.4299999999999533	959.8503372880455 
1.4309999999999532	959.8503344526426 
1.431999999999953	959.8503316200112 
1.432999999999953	959.8503287916757 
1.4339999999999529	959.8503259691316 
1.4349999999999528	959.8503231538452 
1.4359999999999526	959.8503203472527 
1.4369999999999525	959.8503175507605 
1.4379999999999524	959.8503147657445 
1.4389999999999523	959.8503119935506 
1.4399999999999522	959.8503092354933 
1.440999999999952	959.8503064928569 
1.441999999999952	959.8503037668941 
1.4429999999999519	959.8503010588265 
1.4439999999999518	959.8502983698446 
1.4449999999999517	959.8502957011073 
1.4459999999999515	959.8502930537417 
1.4469999999999514	959.8502904288436 
1.4479999999999513	959.8502878274768 
1.4489999999999512	959.8502852506738 
1.449999999999951	959.850282699435 
1.450999999999951	959.850280174729 
1.4519999999999509	959.8502776774932 
1.4529999999999508	959.8502752086328 
1.4539999999999507	959.8502727690216 
1.4549999999999506	959.8502703595017 
1.4559999999999504	959.8502679808839 
1.4569999999999503	959.8502656339475 
1.4579999999999502	959.8502633194406 
1.4589999999999501	959.8502610380802 
1.45999999999995	959.8502587905523 
1.46099999999995	959.8502565775119 
1.4619999999999498	959.8502543995837 
1.4629999999999497	959.8502522573617 
1.4639999999999496	959.8502501514097 
1.4649999999999495	959.8502480822616 
1.4659999999999493	959.8502460504213 
1.4669999999999492	959.8502440563634 
1.4679999999999491	959.8502421005329 
1.468999999999949	959.8502401833459 
1.469999999999949	959.8502383051899 
1.4709999999999488	959.8502364664238 
1.4719999999999487	959.8502346673781 
1.4729999999999486	959.8502329083559 
1.4739999999999485	959.8502311896325 
1.4749999999999484	959.850229511456 
1.4759999999999482	959.8502278740475 
1.4769999999999481	959.8502262776019 
1.477999999999948	959.8502247222877 
1.478999999999948	959.8502232082478 
1.4799999999999478	959.8502217355995 
1.4809999999999477	959.8502203044349 
1.4819999999999476	959.8502189148218 
1.4829999999999475	959.8502175668035 
1.4839999999999474	959.8502162603996 
1.4849999999999473	959.8502149956063 
1.4859999999999471	959.8502137723964 
1.486999999999947	959.8502125907203 
1.487999999999947	959.8502114505063 
1.4889999999999468	959.8502103516608 
1.4899999999999467	959.8502092940689 
1.4909999999999466	959.8502082775948 
1.4919999999999465	959.8502073020823 
1.4929999999999464	959.850206367355 
1.4939999999999463	959.8502054732171 
1.4949999999999461	959.8502046194537 
1.495999999999946	959.8502038058314 
1.496999999999946	959.8502030320981 
1.4979999999999458	959.8502022979844 
1.4989999999999457	959.8502016032036 
1.4999999999999456	959.8502009474519 
1.5009999999999455	959.8502003304094 
1.5019999999999454	959.8501997517402 
1.5029999999999453	959.850199211093 
1.5039999999999452	959.8501987081016 
1.504999999999945	959.8501982423852 
1.505999999999945	959.850197813549 
1.5069999999999448	959.8501974211848 
1.5079999999999447	959.850197064871 
1.5089999999999446	959.8501967441737 
1.5099999999999445	959.8501964586465 
1.5109999999999444	959.8501962078315 
1.5119999999999443	959.8501959912595 
1.5129999999999442	959.8501958084505 
1.513999999999944	959.8501956589142 
1.514999999999944	959.8501955421505 
1.5159999999999438	959.8501954576495 
1.5169999999999437	959.8501954048928 
1.5179999999999436	959.850195383353 
1.5189999999999435	959.850195392495 
1.5199999999999434	959.8501954317759 
